,wave0,wave1,wave2,wave3,wave4,wave5,wave6,wave7,wave8,wave9,wave10,wave11,wave12,wave13,wave14,wave15,wave16,wave17,wave18,wave19,wave20,wave21,wave22,wave23,wave24,wave25,wave26,wave27,wave28,wave29,wave30,wave31,wave32,wave33,wave34,wave35,wave36,wave37,wave38,wave39,wave40,wave41,wave42,wave43,wave44,wave45,wave46,wave47,wave48,wave49,wave50,wave51,wave52,wave53,wave54,wave55,wave56,wave57,wave58,wave59,wave60,wave61,wave62,wave63,wave64,wave65,wave66,wave67,wave68,wave69,wave70,wave71,wave72,wave73,wave74,wave75,wave76,wave77,wave78,wave79,wave80,wave81,wave82,wave83,wave84,wave85,wave86,wave87,wave88,wave89,wave90,wave91,wave92,wave93,wave94,wave95,wave96,wave97,wave98,wave99,wave100,wave101,wave102,wave103,wave104,wave105,wave106,wave107,wave108,wave109,wave110,wave111,wave112,wave113,wave114,wave115,wave116,wave117,wave118,wave119,wave120,wave121,wave122,wave123,wave124,wave125,wave126,wave127,wave128,wave129,wave130,wave131,wave132,wave133,wave134,wave135,wave136,wave137,wave138,wave139,wave140,wave141,wave142,wave143,wave144,wave145,wave146,wave147,wave148,wave149,wave150,wave151,wave152,wave153,wave154,wave155,wave156,wave157,wave158,wave159,wave160,wave161,wave162,wave163,wave164,wave165,wave166,wave167,wave168,wave169,wave170,wave171,wave172,wave173,wave174,wave175,wave176,wave177,wave178,wave179,wave180,wave181,wave182,wave183,wave184,wave185,wave186,wave187,wave188,wave189,wave190,wave191,wave192,wave193,wave194,wave195,wave196,wave197,wave198,wave199,wave200,wave201,wave202,wave203,wave204,wave205,wave206,wave207,wave208,wave209,wave210,wave211,wave212,wave213,wave214,wave215,wave216,wave217,wave218,wave219,wave220,wave221,wave222,wave223,wave224,wave225,wave226,wave227,wave228,wave229,wave230,wave231,wave232,wave233,wave234,wave235,wave236,wave237,wave238,wave239,wave240,wave241,wave242,wave243,wave244,wave245,wave246,wave247,wave248,wave249,wave250,wave251,wave252,wave253,wave254,wave255,wave256,wave257,wave258,wave259,wave260,wave261,wave262,wave263,wave264,wave265,wave266,wave267,wave268,wave269,wave270,wave271,wave272,wave273,wave274,wave275,wave276,wave277,wave278,wave279,wave280,wave281,wave282,wave283,wave284,wave285,wave286,wave287,wave288,wave289,wave290,wave291,wave292,wave293,wave294,wave295,wave296,wave297,wave298,wave299,wave300,wave301,wave302,wave303,wave304,wave305,wave306,wave307,wave308,wave309,wave310,wave311,wave312,wave313,wave314,wave315,wave316,wave317,wave318,wave319,wave320,wave321,wave322,wave323,wave324,wave325,wave326,wave327,wave328,wave329,wave330,wave331,wave332,wave333,wave334,wave335,wave336,wave337,wave338,wave339,wave340,wave341,wave342,wave343,wave344,wave345,wave346,wave347,wave348,wave349,wave350,wave351,wave352,wave353,wave354,wave355,wave356,wave357,wave358,wave359,wave360,wave361,wave362,wave363,wave364,wave365,wave366,wave367,wave368,wave369,wave370,wave371,wave372,wave373,wave374,wave375,wave376,wave377,wave378,wave379,wave380,wave381,wave382,wave383,wave384,wave385,wave386,wave387,wave388,wave389,wave390,wave391,wave392,wave393,wave394,wave395,wave396,wave397,wave398,wave399,wave400,wave401,wave402,wave403,wave404,wave405,wave406,wave407,wave408,wave409,wave0,wave1,wave2,wave3,wave4,wave5,wave6,wave7,wave8,wave9,wave10,wave11,wave12,wave13,wave14,wave15,wave16,wave17,wave18,wave19,wave20,wave21,wave22,wave23,wave24,wave25,wave26,wave27,wave28,wave29,wave30,wave31,wave32,wave33,wave34,wave35,wave36,wave37,wave38,wave39,wave40,wave41,wave42,wave43,wave44,wave45,wave46,wave47,wave48,wave49,wave50,wave51,wave52,wave53,wave54,wave55,wave56,wave57,wave58,wave59,wave60,wave61,wave62,wave63,wave64,wave65,wave66,wave67,wave68,wave69,wave70,wave71,wave72,wave73,wave74,wave75,wave76,wave77,wave78,wave79,wave80,wave81,wave82,wave83,wave84,wave85,wave86,wave87,wave88,wave89,wave90,wave91,wave92,wave93,wave94,wave95,wave96,wave97,wave98,wave99,wave100,wave101,wave102,wave103,wave104,wave105,wave106,wave107,wave108,wave109,wave110,wave111,wave112,wave113,wave114,wave115,wave116,wave117,wave118,wave119,wave120,wave121,wave122,wave123,wave124,wave125,wave126,wave127,wave128,wave129,wave130,wave131,wave132,wave133,wave134,wave135,wave136,wave137,wave138,wave139,wave140,wave141,wave142,wave143,wave144,wave145,wave146,wave147,wave148,wave149,wave150,wave151,wave152,wave153,wave154,wave155,wave156,wave157,wave158,wave159,wave160,wave161,wave162,wave163,wave164,wave165,wave166,wave167,wave168,wave169,wave170,wave171,wave172,wave173,wave174,wave175,wave176,wave177,wave178,wave179,wave180,wave181,wave182,wave183,wave184,wave185,wave186,wave187,wave188,wave189,wave190,wave191,wave192,wave193,wave194,wave195,wave196,wave197,wave198,wave199,wave200,wave201,wave202,wave203,wave204,wave205,wave206,wave207,wave208,wave209,wave210,wave211,wave212,wave213,wave214,wave215,wave216,wave217,wave218,wave219,wave220,wave221,wave222,wave223,wave224,wave225,wave226,wave227,wave228,wave229,wave230,wave231,wave232,wave233,wave234,wave235,wave236,wave237,wave238,wave239,wave240,wave241,wave242,wave243,wave244,wave245,wave246,wave247,wave248,wave249,wave250,wave251,wave252,wave253,wave254,wave255,wave256,wave257,wave258,wave259,wave260,wave261,wave262,wave263,wave264,wave265,wave266,wave267,wave268,wave269,wave270,wave271,wave272,wave273,wave274,wave275,wave276,wave277,wave278,wave279,wave280,wave281,wave282,wave283,wave284,wave285,wave286,wave287,wave288,wave289,wave290,wave291,wave292,wave293,wave294,wave295,wave296,wave297,wave298,wave299,wave300,wave301,wave302,wave303,wave304,wave305,wave306,wave307,wave308,wave309,wave310,wave311,wave312,wave313,wave314,wave315,wave316,wave317,wave318,wave319,wave320,wave321,wave322,wave323,wave324,wave325,wave326,wave327,wave328,wave329,wave330,wave331,wave332,wave333,wave334,wave335,wave336,wave337,wave338,wave339,wave340,wave341,wave342,wave343,wave344,wave345,wave346,wave347,wave348,wave349,wave350,wave351,wave352,wave353,wave354,wave355,wave356,wave357,wave358,wave359,wave360,wave361,wave362,wave363,wave364,wave365,wave366,wave367,wave368,wave369,wave370,wave371,wave372,wave373,wave374,wave375,wave376,wave377,wave378,wave379,wave380,wave381,wave382,wave383,wave384,wave385,wave386,wave387,wave388,wave389,wave390,wave391,wave392,wave393,wave394,wave395,wave396,wave397,wave398,wave399,wave400,wave401,wave402,wave403,wave404,wave405,wave406,wave407,wave408,wave409,wave0,wave1,wave2,wave3,wave4,wave5,wave6,wave7,wave8,wave9,wave10,wave11,wave12,wave13,wave14,wave15,wave16,wave17,wave18,wave19,wave20,wave21,wave22,wave23,wave24,wave25,wave26,wave27,wave28,wave29,wave30,wave31,wave32,wave33,wave34,wave35,wave36,wave37,wave38,wave39,wave40,wave41,wave42,wave43,wave44,wave45,wave46,wave47,wave48,wave49,wave50,wave51,wave52,wave53,wave54,wave55,wave56,wave57,wave58,wave59,wave60,wave61,wave62,wave63,wave64,wave65,wave66,wave67,wave68,wave69,wave70,wave71,wave72,wave73,wave74,wave75,wave76,wave77,wave78,wave79,wave80,wave81,wave82,wave83,wave84,wave85,wave86,wave87,wave88,wave89,wave90,wave91,wave92,wave93,wave94,wave95,wave96,wave97,wave98,wave99,wave100,wave101,wave102,wave103,wave104,wave105,wave106,wave107,wave108,wave109,wave110,wave111,wave112,wave113,wave114,wave115,wave116,wave117,wave118,wave119,wave120,wave121,wave122,wave123,wave124,wave125,wave126,wave127,wave128,wave129,wave130,wave131,wave132,wave133,wave134,wave135,wave136,wave137,wave138,wave139,wave140,wave141,wave142,wave143,wave144,wave145,wave146,wave147,wave148,wave149,wave150,wave151,wave152,wave153,wave154,wave155,wave156,wave157,wave158,wave159,wave160,wave161,wave162,wave163,wave164,wave165,wave166,wave167,wave168,wave169,wave170,wave171,wave172,wave173,wave174,wave175,wave176,wave177,wave178,wave179,wave180,wave181,wave182,wave183,wave184,wave185,wave186,wave187,wave188,wave189,wave190,wave191,wave192,wave193,wave194,wave195,wave196,wave197,wave198,wave199,wave200,wave201,wave202,wave203,wave204,wave205,wave206,wave207,wave208,wave209,wave210,wave211,wave212,wave213,wave214,wave215,wave216,wave217,wave218,wave219,wave220,wave221,wave222,wave223,wave224,wave225,wave226,wave227,wave228,wave229,wave230,wave231,wave232,wave233,wave234,wave235,wave236,wave237,wave238,wave239,wave240,wave241,wave242,wave243,wave244,wave245,wave246,wave247,wave248,wave249,wave250,wave251,wave252,wave253,wave254,wave255,wave256,wave257,wave258,wave259,wave260,wave261,wave262,wave263,wave264,wave265,wave266,wave267,wave268,wave269,wave270,wave271,wave272,wave273,wave274,wave275,wave276,wave277,wave278,wave279,wave280,wave281,wave282,wave283,wave284,wave285,wave286,wave287,wave288,wave289,wave290,wave291,wave292,wave293,wave294,wave295,wave296,wave297,wave298,wave299,wave300,wave301,wave302,wave303,wave304,wave305,wave306,wave307,wave308,wave309,wave310,wave311,wave312,wave313,wave314,wave315,wave316,wave317,wave318,wave319,wave320,wave321,wave322,wave323,wave324,wave325,wave326,wave327,wave328,wave329,wave330,wave331,wave332,wave333,wave334,wave335,wave336,wave337,wave338,wave339,wave340,wave341,wave342,wave343,wave344,wave345,wave346,wave347,wave348,wave349,wave350,wave351,wave352,wave353,wave354,wave355,wave356,wave357,wave358,wave359,wave360,wave361,wave362,wave363,wave364,wave365,wave366,wave367,wave368,wave369,wave370,wave371,wave372,wave373,wave374,wave375,wave376,wave377,wave378,wave379,wave380,wave381,wave382,wave383,wave384,wave385,wave386,wave387,wave388,wave389,wave390,wave391,wave392,wave393,wave394,wave395,wave396,wave397,wave398,wave399,wave400,wave401,wave402,wave403,wave404,wave405,wave406,wave407,wave408,wave409,wave0,wave1,wave2,wave3,wave4,wave5,wave6,wave7,wave8,wave9,wave10,wave11,wave12,wave13,wave14,wave15,wave16,wave17,wave18,wave19,wave20,wave21,wave22,wave23,wave24,wave25,wave26,wave27,wave28,wave29,wave30,wave31,wave32,wave33,wave34,wave35,wave36,wave37,wave38,wave39,wave40,wave41,wave42,wave43,wave44,wave45,wave46,wave47,wave48,wave49,wave50,wave51,wave52,wave53,wave54,wave55,wave56,wave57,wave58,wave59,wave60,wave61,wave62,wave63,wave64,wave65,wave66,wave67,wave68,wave69,wave70,wave71,wave72,wave73,wave74,wave75,wave76,wave77,wave78,wave79,wave80,wave81,wave82,wave83,wave84,wave85,wave86,wave87,wave88,wave89,wave90,wave91,wave92,wave93,wave94,wave95,wave96,wave97,wave98,wave99,wave100,wave101,wave102,wave103,wave104,wave105,wave106,wave107,wave108,wave109,wave110,wave111,wave112,wave113,wave114,wave115,wave116,wave117,wave118,wave119,wave120,wave121,wave122,wave123,wave124,wave125,wave126,wave127,wave128,wave129,wave130,wave131,wave132,wave133,wave134,wave135,wave136,wave137,wave138,wave139,wave140,wave141,wave142,wave143,wave144,wave145,wave146,wave147,wave148,wave149,wave150,wave151,wave152,wave153,wave154,wave155,wave156,wave157,wave158,wave159,wave160,wave161,wave162,wave163,wave164,wave165,wave166,wave167,wave168,wave169,wave170,wave171,wave172,wave173,wave174,wave175,wave176,wave177,wave178,wave179,wave180,wave181,wave182,wave183,wave184,wave185,wave186,wave187,wave188,wave189,wave190,wave191,wave192,wave193,wave194,wave195,wave196,wave197,wave198,wave199,wave200,wave201,wave202,wave203,wave204,wave205,wave206,wave207,wave208,wave209,wave210,wave211,wave212,wave213,wave214,wave215,wave216,wave217,wave218,wave219,wave220,wave221,wave222,wave223,wave224,wave225,wave226,wave227,wave228,wave229,wave230,wave231,wave232,wave233,wave234,wave235,wave236,wave237,wave238,wave239,wave240,wave241,wave242,wave243,wave244,wave245,wave246,wave247,wave248,wave249,wave250,wave251,wave252,wave253,wave254,wave255,wave256,wave257,wave258,wave259,wave260,wave261,wave262,wave263,wave264,wave265,wave266,wave267,wave268,wave269,wave270,wave271,wave272,wave273,wave274,wave275,wave276,wave277,wave278,wave279,wave280,wave281,wave282,wave283,wave284,wave285,wave286,wave287,wave288,wave289,wave290,wave291,wave292,wave293,wave294,wave295,wave296,wave297,wave298,wave299,wave300,wave301,wave302,wave303,wave304,wave305,wave306,wave307,wave308,wave309,wave310,wave311,wave312,wave313,wave314,wave315,wave316,wave317,wave318,wave319,wave320,wave321,wave322,wave323,wave324,wave325,wave326,wave327,wave328,wave329,wave330,wave331,wave332,wave333,wave334,wave335,wave336,wave337,wave338,wave339,wave340,wave341,wave342,wave343,wave344,wave345,wave346,wave347,wave348,wave349,wave350,wave351,wave352,wave353,wave354,wave355,wave356,wave357,wave358,wave359,wave360,wave361,wave362,wave363,wave364,wave365,wave366,wave367,wave368,wave369,wave370,wave371,wave372,wave373,wave374,wave375,wave376,wave377,wave378,wave379,wave380,wave381,wave382,wave383,wave384,wave385,wave386,wave387,wave388,wave389,wave390,wave391,wave392,wave393,wave394,wave395,wave396,wave397,wave398,wave399,wave400,wave401,wave402,wave403,wave404,wave405,wave406,wave407,wave408,wave409
0,-2.0401215156986194,-1.7399429909292488,-2.14608660061678,-1.7518093740154703,-2.1574110997815943,-1.7560490231494548,-2.0193052972364676,-0.6228536155671474,1.783375895552573,-2.2929754079158053,-0.08624312079004656,2.8109019149307617,-5.8147382268610945,4.073638315505532,-1.1984509121513338,3.986270558436199,2.7563584178622347,4.23623012903762,-11.607017504617762,-17.71148004613569,-0.05768053501488914,0.05928078398333718,-0.3390700169284009,-0.6415686523765941,-1.1875088352216285,3.618778168783747,4.3053890094828455,0.6516461341253217,8.49031144964861,0.005578569256515939,8.600470168672542,8.713765968306484,-0.9603353132553745,7.342203694143739,-10.668522121333782,3.6120767501235913,-0.9170426754824551,6.80429892245886,-6.286964196761199,-1.2763050589194298,0.0719848687488098,0.7709732433742449,0.39659185256313234,-0.4110493488473629,0.13657147827315133,-1.6626882055638705,-5.530289470820282,1.739888552697287,-4.258451752334584,-7.982983661082094,-2.195956174377002,-0.40494280479368083,-3.2960653231528156,-9.034233792493458,-4.193713786784355,10.308620635583289,-0.6562243093541019,-9.222037482093528,-3.692820434180058,13.482289622122629,14.662788034838107,0.4677008275721871,0.9110898893410441,-25.433708122788623,-1.566018324397656,-6.70880886372457,0.054636244002811,0.6996896274820069,8.277320312509005,3.760303236782894,22.62352773832364,-0.01374232409416566,-1.123069296219512,-0.07838906861355478,-1.0566936465182881,0.501845360630632,1.4639393165625734,-1.1189245429936057,0.8844000416104204,2.2145550014334896,-7.277576371593488,2.625530132752401,-1.6381048703598529,4.650710775925018,2.7121997055251557,-7.83099827234415,11.441550719634726,-5.573934817280844,2.4792202573198567,-1.0402456236648607,-1.372711978509184,-0.4446155231342145,3.3085433971108866,-1.5654631601026683,4.501780182019352,0.6786056378186391,-6.607841930737166,8.406012154677697,1.45224683448052,-20.189623164486836,6.858616338309483,-5.033623094598726,3.2838163437061207,-3.3982391129636365,7.791509285547742,-17.939066183682687,-23.780380335804267,17.5541189575809,-10.205416780819636,4.719936277495241,-2.721567845983113,5.533711013799504,-20.463648072268573,-21.10802227132343,19.611951714614165,-10.293841235542615,3.083160152202431,-3.424800822021516,5.369210865960278,-7.182017864335391,1.5086355214005882,4.5128637346867535,-2.8238182079962275,0.8214029187207569,-0.05603199835952903,0.3745214060715959,-0.6926211518605523,0.6556396078919813,-0.521326256127575,-0.10800203873432432,-2.0133028209835446,0.8085824071496472,-0.5847130293305977,0.15303071283242495,-0.540761817976223,0.4998660429127767,0.25820138553212857,2.60415304043704,-2.6883731507648667,-1.0685866865685674,3.2037483011699357,-3.1070476592732454,4.479356199441477,-2.2682882912162583,-4.291968589311956,-0.8516763556102578,-3.655804749936885,3.0745586216904575,3.340776366905551,0.9783059967514656,2.623249749362229,-1.892583307778929,0.35048349468248013,0.4236416095313125,0.12382510806411384,-0.24629699198648394,0.7178915050058454,-0.08558961666916891,-0.3572904895385381,-0.22327427723594523,0.6906414949317798,0.07323668402897705,2.3579125150157543,-2.861616035151543,1.9510116551390897,-0.17942263569679054,0.2671423418004108,0.1418959798091251,-0.027395812123683153,-1.4164414360567288,-0.9077844141859432,1.4483497268360006,-1.0491265263721286,-2.079074538894515,0.6098032264758608,-6.176172271657885,-15.089741092623495,8.888744743767228,-1.4804854505814546,-0.9448643228981722,-1.3276415663784045,1.4357123246165633,-0.7486237956783629,2.9811349923083887,-0.8546386267027611,-2.123937234958694,2.4400063905858667,0.7334215185556383,-2.0449737936436607,-7.847697384156759,-2.18288168134741,4.673465163099276,-1.6315790824543102,-2.8779845779959516,0.7583648434604008,0.8806844898384577,0.25861536222579823,0.7095630550497989,0.5041774863419678,-4.2161541411081895,1.1924525785275208,-1.9690679111236458,-3.264513475746187,-8.214160666666011,-1.388781277993597,3.1722952823563935,1.7774206935637211,-2.817603055363399,-0.6536952284875862,1.122627885169203,-0.33223731144748875,2.3173715579924044,-0.7005059818169406,-2.9041802381796082,0.4647048935337386,-1.0385749781420164,-1.46136893955901,0.9543058080263288,-0.7983119547429127,0.911248611080229,0.22400528204335862,0.7560187405576715,-0.13015577604975095,-0.30555482275008633,0.08559299085061638,0.4485300780574523,-0.07514039497562926,0.082577741238037,0.06911821287269958,-0.007195231809798207,0.23544239671871595,-0.5846866551965993,0.6402869043879901,-0.0025936952964414543,-0.46101629727740284,0.07279310978630998,0.6673629976414011,-0.18369322346317743,0.5930253343088076,-0.16822041454264214,0.0213244429191325,0.06254926386214975,-0.06446430980744733,0.7970260679926026,-0.7053971509991076,0.7902580408662783,-1.6990424241429327,0.6476321463194089,-0.1893435302207928,-0.46128998392489184,-0.5542210125582011,-0.5967324983338577,0.21330114912404638,0.6494592528716548,-0.9951615779895052,0.200063349315653,-1.71530866586207,2.2312835117478795,0.44729817599966526,-0.10034428684921068,-0.72247638304619,-1.2929200317090799,1.5606728333523443,0.7019722136948174,0.560325594623019,0.7976137105027661,-0.011106570686024896,3.7831353116238464,0.9831952048838762,-0.325395791493119,-0.20821702954807358,-0.8382410632028586,0.3208319087268392,-0.06818802050987582,0.1795802850668534,-0.16441003021948028,0.11157363064709537,0.11590531820297897,0.07816466449792023,-0.06313694166943015,-0.037551833625056825,-0.04531513846461098,0.07846097602904438,-0.12722335651465475,-0.007303681864507645,0.024513015307778267,-0.14283605635476854,0.07656528648295756,0.003768833007029237,-0.04188588410180089,0.4950887718084111,-0.042916343763779986,0.15401836937978938,0.16347141930332176,-0.2749618796901105,0.44848201172971847,-0.5074028229174098,0.2700339023476352,0.18257404715757486,-0.30978021026574126,-0.6632694980648413,0.3478209436309616,-0.7170374908653931,0.682185565105872,-0.2442057906300543,0.08615858899420936,-0.06304814335622425,0.3342712884520378,0.15232329247725093,0.672802958435817,-0.021339418184348372,-1.8662796442530012,0.6001964396404423,-0.24220150725907932,-0.168570414162774,1.1858989407884948,0.25958686124547,0.08558909195912823,0.5305976189399833,-0.4087907898185141,-0.2292547059350819,-2.0963950566348686,-1.6265363096457472,3.893971768985065,-0.009212149274912654,-0.21946494896350974,-0.6554848063459935,-0.216443607055585,0.08646721170084092,0.7299914654813208,-0.7420475699142386,-1.2945545413379542,0.2703204793921898,-0.3240936052452209,0.024703647167056496,-0.9460813367578079,-0.42235830349437276,-0.2550322072632577,-1.492710524588862,1.4066153941517496,-1.7741251989578546,1.4795565762737313,0.2941515808784902,0.4496417587076761,-0.2412262775722083,-0.2416814706057316,-1.324670215950073,0.02621316375274317,0.389992517641982,0.777985625339922,12.816175889370513,-12.18842851142727,8.307536228738458,-1.918285972722902,-0.09963160024414437,-1.2956439107636633,-0.01902079755798519,0.17192907069905622,-0.05816849717985363,0.06283971055652122,0.6335292677862099,0.37156703506892363,0.05149717398745438,0.31955639668447205,1.009754735568721,-0.23024291199467872,-0.9321150497685792,1.6419758669329203,-2.788863589606877,1.3586384299618164,-0.7578420944734308,1.1949943363080233,-0.10829736176554236,0.05942128805569971,-0.3006995162453186,0.8949497266850781,-0.052772905324824995,-0.1213693920257401,13.30107319035388,-13.146215776049035,3.04368034172164,0.4889272952248935,-0.5697809670399218,-0.2514127665046227,1.0031585482709895,-0.18920065561567231,-0.1574065613465248,0.9042619384657197,-0.28430856470685656,0.2987650490443946,-0.28578071426543283,0.4622468398817091,1.5838436086427738,-1.4721268101816019,0.9455663583243398,2.411795479474139,-3.359299719126456,1.7753591546277498,-0.33602026239089733,-0.09255261379552913,0.2270119424743752,-0.525636471530676,0.09637936793429526,0.08302577582482612,-0.11071496561008154,-0.19252201820548112,-0.28336877020040296,0.5583483278751686,0.13614265411784493,-0.06791787111135922,0.3970555979374606,0.3285383488439233,0.45696045343995806,0.40459527968850806,0.43926748575548885,0.4054412957826656,0.42483560690683386,-0.15872313137083946,-0.23569061235085934,-0.983929023101065,0.7246118990338554,-1.6964609155053427,1.0159161362142892,-0.9065011234338051,-0.27924404715509576,-2.0754775610112217,-0.3980894809999316,-2.8656592839214863,12.184315561419714,14.088773067894296,0.03846043522603007,0.17971038459958996,0.2481347101264719,-0.19330861360229884,0.07146531093428825,0.48675446506378545,-2.6784180896492615,-0.31309201534474224,1.1579657156613181,4.926714817224712,-2.449071227661426,-7.342821693558624,-6.780215768077982,-6.833482481015228,-0.3325589973623116,0.08084958341926515,-1.0890317834366001,3.6160356432865335,6.317892120562515,7.432200047524186,-0.024163152991183507,-0.5525272780462305,-0.13474316628591432,0.4135366968846504,1.6876961499247058,-0.3743245818981339,0.575165306254232,6.359954369180359,6.513937618161661,8.377022651366548,-1.7511434349368813,1.6322075852547988,4.210444996596376,-0.8041394548502685,-4.436153460842594,-4.944039369918035,11.149282734671695,-4.147431634317205,-0.886859526013795,-20.26020024813107,-2.1133350266564217,2.727198844755113,10.944801271178209,19.19504854626584,-6.782778247880146,-3.473247397682129,-9.556577552527918,10.99425062321433,4.431870731823138,0.6019173852876019,-18.298684228665646,-0.061111110271774384,0.14380494391224866,-0.37101685306490956,0.5955561793183156,-0.9960448969783559,0.25372321389908603,0.27072157668833263,1.0623777997148067,0.17297440173147718,-0.9307548132390285,0.7567641261146247,-2.622014992383582,3.650758790973396,7.099890860683444,0.5390969162846811,-7.8522942378121074,3.380178531835395,-1.509125100926881,1.5902368434745164,-1.4564789178926265,-3.427054927365534,3.1123966291525367,2.4965040043504936,0.33317554520806336,-2.183887377716474,-7.9227937958516845,1.9438208380562496,-3.778186341034459,12.515080516865083,-7.652876094629066,1.7654746088784654,-0.9983788004028676,2.9566720434354075,9.114307717099418,6.0485424722841,18.690874868648766,-11.238204622070866,3.625098147364604,-0.3443229936961312,2.525019566702454,11.338028483516885,5.525582111694136,18.025378308194433,-9.036381568105899,2.874277051869095,1.4727284126723494,3.3568736403724784,7.190427396189761,-2.817321268860707,2.3796864677569625,-2.5035407865513273,-4.525961615699552,-4.486979506036978,-0.10684332349670025,-0.33968185216173735,-0.43242499409948093,0.05404013520290355,0.24808660676320962,-0.11015999886569494,1.7531585165275203,-0.7865945218400273,0.5625852221346906,-0.6643259137663445,0.4227575618654848,-0.29802898069391137,0.2985920721403804,0.7101075010383426,-0.9346521109889857,0.010903868576771917,1.9881474181057566,-1.2291014491194563,0.6735822774489798,-1.09303976777722,-2.323314381285471,-0.14260516616038732,0.8814704984480135,-0.22830792626677743,-26.765643065709167,16.374049478773923,2.4654185194064957,-1.4242889080310255,-0.7237189522951796,0.09994826131580625,0.36571127872507453,0.27952871536478413,-0.08564989907252468,0.1765252619460058,-0.6528992849265501,0.07761880521340797,0.24654625743869088,-1.3850820448463104,4.579486080324692,-6.080955203547761,1.6845716041696095,1.095541442127693,0.6123662024102247,0.11621254710964392,1.1412852834909406,0.2570570233049181,0.7897338418336008,-0.4870672622047417,-1.6494826972133412,1.151587144323852,1.2460090900340648,1.9604952800072202,12.69817369938107,-5.560560195893019,-0.9026068748795149,-0.21940858930351267,0.16169072830950082,-0.5493150961143166,-0.23638808232975114,0.6200170015239311,0.42563876933978734,1.1882728185372533,4.125937255004547,-4.124650842982555,1.6197179796081993,8.524176188895817,6.52522149353281,-9.328152552632822,6.010776803311146,-0.9131878005769467,1.6321456336501599,-1.1630463966666715,0.46751350291629384,1.9074370036626305,2.0782160712775783,-1.9856531304431244,3.0182535237717167,-4.574930745260738,2.2215807335942057,9.968791000373823,7.45843338791657,-12.327412673849818,6.695361320772107,-2.114937149898072,1.9774476574599518,-2.07931213024693,-0.11475189069220214,2.09110761505034,-0.3842705780976637,0.05763883156768236,-0.1846776540175004,-1.6610841010909927,0.6221045338800957,0.5956139722308476,0.6752194174345375,-1.5867201560273294,0.00260733850571512,0.49031498104938165,-0.06299680741354537,0.3833674920972487,0.38743715968221004,0.05386020378689597,0.2547074850972333,-0.04795015365305492,-0.007391083876764687,-0.4660486953046083,-0.46423409049095254,0.43833430208172186,-0.685181519287887,-0.15737475049974312,-0.07531134846060585,0.08345266333320703,0.06285201481978753,-0.02143238418696583,0.17024720434573634,0.5917005448217076,0.4195937115709054,-0.0711306531736988,0.3191461038265753,1.187569196893009,-1.0667966938236357,0.4067747227535094,-1.2701311612759392,0.52467329746132,-0.48842259453488324,0.29018744949280423,1.4432376411930006,0.6240853595038424,0.4642520264911771,0.4905485171553277,-0.5896304210047573,-0.10867336916103881,-0.26109464920108055,0.5978349689609175,0.42310542496162923,-0.40845293458176485,0.1726604092228577,-0.5642740596493332,0.8569310765779894,0.8657043641959828,-0.33134439910804847,1.8314921520358656,-0.75898900736591,-16.09301086175027,21.018552479437282,-8.781680271626099,4.649610131949379,-2.8408502087290524,-0.01845062767791463,1.0905519861477502,-0.6511114139362536,0.07240273405207995,0.12806850949959214,-0.1284887534537084,0.16804334818191774,-0.12401444536087963,0.16772759853976715,-0.05747887719848643,0.013826651299891872,-0.004067826438433432,0.048079374789087,-0.09501568791489577,-0.11447488154919853,0.14081931880061493,0.024302489758379592,-0.09189758128862481,0.571980455199951,-0.3078091951372342,0.32818292936413795,-0.07342244150056268,-0.33054295757185953,-0.48100406132827894,-0.2927440169594059,-0.00829256312158637,0.7172225891722298,-1.6230314721977879,1.4060210183071593,0.028326460523487088,-0.299316173968455,0.39642576189425055,-0.011347870554801836,0.2375999857918725,-0.04269847340303006,0.012621464165944743,-0.03290324510408327,0.27713250018252283,0.6796500973776609,-0.45893621483364777,-0.6190525866368405,0.454296828494943,0.03128003267746968,2.63003941407782,0.04980647063158859,-0.047352009812902156,0.2676384742982046,0.33670519677149346,-0.4614588384234281,-0.2629507415893998,0.8443296512001601,-4.932629255668161,4.095660267379945,-1.3419072495605913,0.9279439266793438,0.41344771046953194,0.19595183399216126,0.35649071862921233,-0.3110253001579651,0.12020299482873734,-0.3212528040753802,0.5662720143543905,-0.7512293731324889,-0.1276186651193883,-0.020027907473227104,-0.30643703752911877,2.085151355600863,-0.9477290514014376,-0.4338200591316526,0.3758317118098888,1.6113339943192235,1.01824726940699,0.05602035735236826,-0.14285913125717548,0.15145023756033504,-0.07493952049927038,0.3774066373064335,-1.8217328288555639,-11.22139306172628,15.773137613496152,-5.506566213768774,1.8370611768209262,-0.7902723516213142,-0.7735495068717322,0.18771096998619474,-0.170569828431814,0.6261538750655748,-0.2672704223035827,0.750071198533301,0.23878673011982277,-0.5307566498389655,0.3308185752409007,0.5339613591691141,0.8704121778102756,-0.6214205792883901,-0.35153012879166506,-0.39976368873394974,-1.3068932004237914,-0.8971677341649835,3.3312203008320935,-1.4739951323842078,0.19098026823226066,0.06303597466468844,-0.07064653930515413,0.20802080356922611,-0.10923490953578148,-10.597266912549099,15.981041555783136,-6.25365791823734,5.314334697375326,-1.775490535719639,0.024972652815803013,1.0883572593111968,-1.6969935669427618,0.5289531222270624,0.322349803100953,0.07290879653252856,0.7948401792992456,-0.43662624613373896,0.42930908674283785,1.7018779778372854,0.05040376333075252,-1.7475681490366124,0.3857791624819655,-0.6167285685369011,-0.06832322403104416,-0.06691492505065594,0.12678969159053724,-0.12785033829385647,-0.10023862533607703,0.3448218402408755,-0.39334166324647973,-0.3678255657980879,-0.12355231115290508,0.4588306120424063,-0.4312125769679101,0.5956212176899209,0.1695971282247134,0.3613449388749039,0.27190663113392005,0.34030325989501214,0.23760484098384133,0.37100447483312043,0.13601626520121604,0.6383993346560182,-0.6229239971926372,0.015976039776938317,-2.9929551444097084,-0.18286751835455473,-0.9703343455681813,2.2320299428221757,-1.9376942317424581,3.332095359808531,-3.8659624481220516,6.415393452338641,-1.8288089557165506,8.375683579207513,12.908920186088658,0.00748502757720353,-0.06112686073726571,0.031220722202118245,0.2983804759023862,-0.6112824772039197,-2.064978004836013,-1.5123249217732597,-5.441224704287739,-8.228270221541598,-1.333950533207137,-15.155292411378749,-3.818473675157671,-6.6702733622473485,7.1332536251993846,9.176627573369492,-3.8469904268698842,1.5049463416113156,-7.6537515246020424,-7.387768904857523,10.41696716311281,-0.004580873516373232,-0.003630146902877651,-0.019189536712913895,0.024211545591449703,-0.46637851158165283,1.76996115839422,6.157092228380407,-7.1257749196041615,5.088935878837852,-7.650525839960372,0.657823874553279,-1.3895870033167497,5.534175430700133,-3.620119583681551,7.056758066059751,-9.171389585456271,7.657989390175475,-7.667832064224705,2.821003944941253,-6.244731790839975,-2.875677707421979,13.742831954082005,-6.228442047671623,12.627512973553625,-9.803170624198309,1.7396251406153926,2.178336943207749,-2.4624509433430424,-1.4406532247413515,10.891507159469098,-15.094214080396936,0.02871331569372181,0.22920238827667988,0.15133132362549367,0.04790272691954062,0.001035866208440086,-1.1006704903518865,-0.4622430580224962,-1.7098323311031995,0.9850788652135648,4.289271006730789,-5.999558758278732,5.158026226687584,-5.724871842458733,-7.4011174993580156,10.587124814324751,3.990224681864924,-2.771517799767952,-0.8225874460504494,1.6284706671091906,-2.371359311523065,2.0688550418702656,1.3619362800654584,-3.4300378413921884,5.024034576995462,2.5420505543456455,10.755198779223031,1.7951187239856938,-5.305876761751387,15.333022385444044,-3.7394040343309873,-2.366088861044827,10.09373914663634,-6.792331906276135,-6.584522200621851,9.531691156441612,14.421538084751706,-8.440154837411626,-0.9987766347990416,5.316448697216299,-10.241891001758558,-6.611563594993891,9.164636091522292,6.768005245945087,-3.603109077763783,-0.8823169053271124,7.879632737354096,-11.264481307609506,-3.3655027056168225,6.103365362517385,-1.613763541318846,-3.770942461708929,5.155009803976264,7.046998182218558,0.015318012515083714,-0.22653139448252457,0.0570483731397615,-0.337064578939598,0.2035405872194244,0.06995570724663977,-0.1504419372924256,-0.07354111288514113,0.24798119206823666,0.16074770743784605,-0.6597716856552129,0.9819093306585808,1.1966603803531246,-0.7650867955813982,0.21327196197155301,0.18749831409996903,-2.369444464814983,1.365710634368487,3.359935538281705,-0.22508958210121258,-1.6526670194198627,2.8066513309920698,-3.4069202932612925,-2.7564093189067678,-8.965855184319972,-4.052858938986929,9.700060420305977,-5.4961246694946135,1.2680748212873596,0.38376763049802093,-0.21287757060784204,-0.15987284311683753,0.13437588640378212,0.611500563036316,-0.7213701422312935,-0.2427039283103866,-0.12287842116543465,0.9799623845474842,4.543586791526295,-1.662511699735857,2.4929893568399994,-2.105785205702912,-0.05085631232096014,-0.12343306176315406,-1.8164470291326844,-3.1633988663375128,5.6646501063292485,-1.9928393307779064,-3.247249637629302,-1.9181532267160424,1.1255701453056421,-0.06439186122718357,10.2808356702213,-5.645571151432804,1.1796345372324164,1.021333317905793,-2.4114387783939706,0.7516652767162405,-2.4570872661790846,10.237072999825589,-11.593507265009082,5.1335662868691365,-0.3169822227694836,-1.1514045616795494,0.14540648823367874,3.1988792856312567,0.6781394139231037,2.9932460759399353,3.6116232146785063,-0.5659132013421851,-0.49548418336483535,-1.0837918554223804,-1.2440541400837355,7.0792866268243655,-11.548321976590277,6.408823123909689,0.8110300928137315,-2.939847316643974,2.056587572815536,0.5031870279644612,-2.1837195248013686,5.056203828588464,1.9575158565444644,1.2252520812531165,-1.3572634189676709,-0.3939634170708902,-1.116750800183349,12.708651956114831,-10.709344690709104,5.427433047842836,-1.101274688164818,-0.539753747586575,2.524629687615656,-1.0956890222198623,0.7244136354959749,-0.7609632523135631,-1.2744288732984026,1.5291755794986863,0.0007292554988440484,0.06031171750972539,-0.16721868916793714,-0.28693392694732206,0.3114680823763491,-0.28481227886664096,0.2600895822984899,-0.01181005479029731,-0.5046807232614631,-0.7883177472474104,0.7233649955314662,-0.20989634943817503,0.5012557936992037,-0.22971017625145962,0.3667147729347992,0.03748993108541009,0.437666434747399,-0.6438345451921832,0.4780475263994235,-0.29756029626842173,-0.3073541792599895,1.3161390197154923,-1.835469923876309,0.15551056772489416,0.3275169215423646,-0.400817070615298,0.41796266030850154,-0.679885998221544,0.016225397518265124,0.7055526046050252,-0.7525728935385305,0.45151851360964707,-0.41805544474729756,-0.799220019488476,0.08809481525905367,0.6776726856730146,0.03543512218409674,0.7401430842045041,0.5225418489431688,2.768946294493501,1.300315688892879,1.6163375604716521,-2.573158320161926,-0.08826309871253975,-1.900442532085142,-7.502072139877222,-3.2709308145287856,3.00238545715596,-1.1366094933462167,0.7735075474909006,-1.7440750574716373,0.9642645447675819,-0.3166890903437206,-0.23309151143116424,0.37354239529472527,-0.374516304160809,0.04319606584033421,0.1049675975303646,-0.1153778480556097,0.2106033248256047,-0.0740475103657069,0.09695018700648203,-0.06107647043594621,0.16381999644057896,-0.09582771746588481,0.12202093745361418,0.021338196691980952,-0.17621165310831818,0.49626396751976287,-0.35655296546534043,0.13344760227087554,-0.1388117123198001,0.08345376989098263,-0.7616327911561059,0.0830855847150716,0.3460869247627739,-0.12021040893423088,-0.1607419395267291,-0.13371693270569304,0.9765496867052675,-0.12307352039979942,-0.16898019914154921,0.38207998592163167,-0.36908384787913706,0.5956456332077493,-0.005918892297650132,1.3199292628994275,-3.865244976614724,1.9404928575907023,0.5628419083725704,-0.42910811810180255,0.38916447337050825,-0.3795689914915938,0.856602340042385,0.2507700084062974,-0.7280198432667315,0.16055342169185188,0.07559790512775018,-0.20820660785359063,-2.1812518904307128,0.08467789642387948,-1.2887213431776687,0.5978622306610043,-0.8741280216174125,0.9474435187912212,0.2868550818744872,-0.21072001555440303,0.06444563892760989,0.19465112295180412,-2.434978362436097,0.20528746529994765,0.12270466417785277,-0.20816212255836777,-2.535808593552671,-1.835448718061932,-3.2812243292197847,-3.0543118105822677,-3.9443566001599875,-0.6207487578302678,-0.2275060916822859,-0.23069780339221735,-0.6097895746010396,-0.6483786899563209,1.5580071242491884,-0.40051718963927074,0.2705962682868434,0.18757171052775695,-0.9747935435377716,-5.204451132201815,4.22177524280303,-4.70763201785631,-0.541811782293484,-0.2884849447794297,-1.0596374486006175,0.7478579560675614,0.02024715077858074,0.6770856891735479,-0.2967100312340414,0.8395403340132813,0.24320419310305447,-0.26687283407034434,0.9353864809243001,11.174448944868708,-1.1344628251835829,0.5850572550640972,-2.5011124218688794,1.651627696708794,-1.1339889635960252,0.7199037527748416,-0.5651316271399027,-1.6058125246631962,-1.4658590365844903,1.1389099592681096,-0.6434394572468939,0.9430390750220314,-0.4031790833295211,-0.822114930819851,-1.4401025921839363,1.008748624607472,-0.5932788097352834,-2.388348598159056,-1.5693166095563158,-0.0514693168452942,-1.4200129726829354,1.0249737162821857,-0.73815427711773,0.6725210246330849,-0.04426699072968768,0.5865893539973874,1.204700078233294,9.551329741678362,-6.41147961582156,4.357996024860447,3.4388772074621303,-4.210959928580899,2.0599244833864057,-0.8378388962109811,1.1077245897607093,-1.5723010910349393,0.7313479086248179,0.7069738718766684,-1.5267454950224937,-0.1509496382955834,-0.09897496539918774,0.2290119004077945,-0.14464910252934998,0.5571250495237967,0.9012514922254962,3.8287417982987577,3.5775719298133417,3.8046366549200767,3.6366456421223643,3.7550082891081953,3.5408750047488327,3.8838445532899164,4.867990798110484,8.972649638303952,43.67388770032997,12.936313864621896,14.923216370865827,30.78464064640797,32.6571378582112,43.7234189407512,34.61395411014964,48.4493839118101,40.828222807831715,24.79988553409229,22.380004392235016,0.03693571564532041,0.02673023149150757,0.1817187190420328,-0.7811434639237053,-2.2758087064927053,0.5437308421666608,16.181163496059984,0.6419171078725535,-4.866784169757923,1.54367235195959,-4.3705164383023245,13.774781743510228,-3.1713419151103404,7.352970417296912,6.192765359547703,2.301046261594724,-3.1056520167859274,-7.164134223606232,-7.520199297116172,4.5266969668598955,-0.05310835460552127,-0.6121296435540522,-0.3017036170229367,0.2586157555008117,1.6562317198010044,-0.9537718203810394,1.1379045052386678,-4.011821213960001,-5.0009134697282045,-14.452073758013528,9.02780977718533,-2.1776265497137897,3.978189250555999,-2.32778179382194,5.341937918841306,-7.440221563757202,-10.836385390091065,9.094487105292773,4.005558604620699,16.538396586984053,-2.8940406461686923,-5.274811542378518,-10.289550829886817,-12.145413922844032,13.572911341946055,-0.8067415061278872,-3.547697198457801,5.009636772650923,-4.570439665102599,-7.012957071065805,11.452342508327558,-0.021912446344480772,0.6354565499204663,-0.12854719154703229,0.7125043982351332,-0.4518515618281124,-0.03950070427664401,0.2490714124528006,-0.9246265506153553,3.00796004833133,2.503032198153211,-5.148699704104057,-1.3965678043432956,-0.4628179320544314,-10.458996350601304,-1.7456484148643798,1.927504949039131,-0.715037047370665,-1.6521600204794402,0.8898977634122471,1.4800661657923255,0.47892634215213353,-3.7634170744845927,2.07953187591235,-2.3725215853380646,1.993728699634581,4.707586656211309,-0.303102677969093,-1.1029633810779806,-5.789606972954378,4.360098857572367,-5.367110971615521,1.332283914741389,-1.9154392981760766,-7.403761698391816,-13.898955995086077,-23.901732985107788,0.6520140224288404,-4.275388134723506,-0.5273809008213953,-2.0768950705496376,-5.743253468350356,-13.767863201047357,-24.118384766072193,4.457466074259305,-3.30479396117956,1.4689185794103032,-2.740043637555901,-4.550126466933847,4.5300586656130974,0.08983189339101952,-4.540588344626886,4.958802444951473,3.5493198248443183,0.0035922421263942664,-0.1995782338617178,0.28116384214797174,-0.37670433693544225,0.20154758000451609,0.2702882506993745,0.8289134812335668,-0.1802566900762132,0.1575732987825192,-0.2988215827015798,-0.4302784297839404,0.17076440213733657,-0.8124795043668848,2.60512256830355,-3.0120996062330736,3.021383278391439,-3.2036023488234813,-0.3780851619489949,-1.4645699900068658,-0.8981686984293593,3.580461099597972,-2.0051147634264788,3.3733864115133962,4.223537838234522,11.664011917017767,-17.039426593947617,3.451650787995054,1.1114532978266045,-0.3292093338401203,0.5645691924927186,-0.34764528206073164,0.5838738174219427,0.3341317230000132,0.449025474207269,-0.29486708940688033,0.7630546179761499,-0.6408112016526242,1.0588294153817785,-1.0366313606063084,-0.6131685748047029,2.3554857039708854,0.12088261070104826,0.5479087133667009,-0.08787440260571198,-1.0565759624368058,1.1019115445906158,-2.0246088084422933,0.6738820803676852,0.4677884400898237,0.1310336424481079,1.1965068529468217,-1.2482871386810839,-20.49267956999,4.859690218391136,-2.4660259757285687,0.6906867741330445,-3.0132648851075596,3.5223995656396654,2.1024618282870793,-2.024324982425773,4.769872708070809,-1.3108045297004722,-2.3520678840520954,0.32943970361162533,-0.24469257247287757,-15.36075426295437,-0.2367276068145387,19.18252130621016,-2.50260840626171,1.1487240049810847,-0.8160511531402694,3.0287238161244447,1.2738083216452991,-6.252881855332571,2.0208166970431445,-0.46299969514985845,0.07194682987228519,1.6495837258535138,-0.12183113409379771,-13.516943887420075,0.18181554762423166,12.462189891177438,-2.8414245307982524,2.3164439699466657,-2.0295412928001015,3.0340128168379206,0.8485864740114759,-6.916789741967468,0.6005973940380349,0.26010923963230875,0.26318840556830114,0.30392169901115135,-0.06593519413720687,0.2755783171327137,0.9587653583561612,-1.9673407108516867,0.755709229037924,0.4874175685260018,0.045538048170668755,0.12379243739716339,0.05355370105992467,-0.2428309803259069,-0.016643395998378458,8.376523167330898e-05,0.005281435198806188,0.39180562873884417,0.21236166648857044,0.8419697459434365,-0.13672920650430165,0.2065893465442003,-0.45329015547679574,0.005699645997700125,-0.7507998903644114,0.3526221850432171,0.13867086689816957,-0.5014625617202486,0.17478009271406333,0.10619662374773066,0.24505146433944883,-1.371696777447322,1.5042984732222826,0.6640912520431062,-1.8492560412454673,1.0531420274331353,-0.1690026653594425,-0.2231922675523454,-0.458468228564262,1.0416069645293013,-0.817307435676383,0.354380863674033,-0.2516945319610191,0.8858886987622371,-0.4582237527802789,-1.2767928578669845,0.800560532772356,0.10291308875753204,0.03690775135984679,0.21446085843953808,0.9293689583688128,-0.11174993994892599,-0.4825476343046118,2.211675381627751,-0.5373032196985555,12.305996145095918,-8.570887005563982,2.125415771176581,-0.695538368826378,0.3616752615417947,0.6487418844140715,-1.0281905139266438,0.5471144946188151,-0.3031228777241429,0.21997116874133693,-0.3098184503979003,0.011296986413307201,0.0576902295857017,-0.07885182286495279,-0.13970967178762222,0.00036776635407384777,-0.09244219880235512,0.018809357137860253,0.09349235110676898,-0.2992285438770459,0.28071970239733013,-0.20139903120121183,0.19882272888900138,-0.7370124558328167,0.11194113986507671,-0.03485145959349806,-0.2941566959372547,0.21612913515385804,1.0033995255482888,-0.8264554412218302,1.0089009717882842,-0.20141460131093822,-0.12307666389989846,-0.8136789733581299,-0.32003021021084954,0.22700316474142615,-0.13216274472589087,-0.25004377097063185,0.2066218225904832,-0.42298755680045963,-0.16253501673955364,1.481121478753529,0.6825152422317182,-0.5313508904804685,1.1668566038770203,-0.08147418394166424,-0.276694005122569,0.8835961407246673,0.13189047383564106,2.2419795938132863,-0.7703289530693562,0.35022971586740315,0.28029104211359523,1.2733003935047973,0.4074401093705728,-1.4874480408203417,11.375432846279658,-4.36386623550387,-0.21051771386938345,1.5791700621143168,1.1921023945378149,-0.6278198741845309,0.7683228137423684,-0.4977481376735175,-1.6136111285152341,0.8024465796881879,-0.8116768875906374,0.4516479527694839,2.633026565882959,0.7184286462302467,2.349289645021283,-5.059275954484415,6.34455003607699,-2.185994571206466,-0.1422820589521565,-1.4952655709819722,-0.4746634988235258,0.3386704503194848,-0.6761497329721311,0.4768128545874775,0.10690869097408055,0.028235041504048947,-1.8118757142691218,18.685549162671183,-19.00438698059777,8.217976428382572,-5.684682403271791,1.5971343552484998,0.22224861154612488,1.1375644355302812,-0.3115353205619844,0.17089474574164035,-0.03916416351154424,0.5404447951487933,-0.394570289316424,0.314503557209831,-0.9770715892026645,-10.889929589904122,3.8560512821459634,-1.3005800455472736,4.285862741093632,-3.736239409989589,1.5394802070642553,0.4797523003933945,-2.1150698948683493,0.5709501820789724,0.13426881813263483,0.010193097832581835,-0.07400173911946605,0.2126971302550256,-0.4454454597086539,18.112424908772464,-18.501667935356405,3.6641379529540354,-3.6984676634209013,0.0036662255092779206,0.2351738530277865,0.5283435177808727,-1.6922391373515624,0.5325412899108176,0.6083326742084061,-0.41259051979278294,-0.24155381558029929,-0.5363178992275242,-1.2645615801422043,-11.489913579039724,3.988024756127241,-0.5429362082780896,0.6127396455909249,-1.3816788010619006,0.7657390124202614,-0.4026237229260679,0.45001187892851313,-0.20596938269439075,-0.04615307315577449,-0.3765101214223751,-0.1850040549937901,-0.4253902225903543,-0.05605529102617684,0.5757363825200374,-0.6394605419839592,0.5642404677821125,0.3395905505624719
1,-3.0049854691712534,-7.367507986877735,-4.09378167138342,-5.673639927785351,-4.180714112649623,-6.185161495053552,-6.745982879195148,3.792516169441971,-2.8223384401928735,6.487487029788882,-0.8139421855469569,6.590275616589471,-2.0988669943679774,-1.10501693296878,4.882945805026427,-4.176064572357858,5.140576030002963,-3.789954056020256,-1.2093997281005096,-0.3744135117742712,0.5353744499876639,0.8786756437966649,2.611923105395326,-1.3899351536389677,5.871684823553136,-4.565138275651738,7.754702907104423,11.097636989621348,-1.8149902911038276,2.607121248754796,-17.634759724840418,1.3952678251528179,-11.831619774338488,12.944652782388575,3.8970608925136285,-0.7691301050431749,-0.45870482031567267,-4.427271537694756,-11.86119642078963,14.826077469956909,-0.6141149923927892,-8.049268803109797,-3.8894745301003883,-4.721034086651676,-7.2660771331074,8.430665750991063,4.065813318175614,1.2212644147846545,-22.571587303830583,-3.4114763791353577,-4.946766707091698,17.47781225381929,13.424358010374995,0.02135064367245488,0.8529313743296152,-22.291106830659643,-1.175569279838634,-1.1450253663547016,19.926806854148705,12.609504666963698,1.0912431648347303,-0.8426548691743122,-24.158759074546786,1.6405121923013122,-7.912256427377504,18.95585000619806,5.964491499645293,-10.279214703513597,-16.52407364253869,12.67228920111282,-1.6058659738346954,-0.453087297715689,6.741826831941039,-2.624066509269461,9.22140154578973,1.5065442925105328,-20.38200679747868,6.906113528750562,-5.033623094598726,3.2838163437061207,-3.3982391129636365,7.791509285547742,-17.939066183682687,-23.780380335804267,17.5541189575809,-10.205416780819636,4.719936277495241,-2.721567845983113,5.533711013799504,-20.463648072268573,-21.10802227132343,19.611951714614165,-10.293841235542615,3.083160152202431,-3.425621259515269,4.910464948331583,-16.075467557973102,-8.0627917627488,12.17361397107893,-5.761323671829418,2.4801232742771635,2.8968886349081706,3.510255973885427,-14.827670741378295,4.56049853826043,14.39553956281895,-5.621351827639862,0.7919536693460278,2.0950206409999783,0.008317414510229455,-8.66821444609602,10.526064083008253,6.305031193204713,-2.6903378326800773,-1.187746602229494,2.570633286302031,-1.0558961623936391,-4.851481419534709,16.847276332821316,5.420948043217956,-3.111769963477253,-2.8717758106309343,-20.257839195346836,9.976612796999987,-0.309186543554054,-2.8585304841969847,1.77627680308232,-2.9034609276283034,0.6546295813874964,-6.151400979350543,-15.089741092623495,8.888744743767228,-1.4804854505814546,-0.9448643228981722,-1.3276415663784045,1.4357123246165633,-0.7486237956783629,2.9811349923083887,-0.8546386267027611,-2.123937234958694,2.4400063905858667,0.7334215185556383,-2.0449737936436607,-7.847697384156759,-2.18288168134741,4.673465163099276,-1.6315790824543102,-2.8779845779959516,0.7583648434604008,0.8806844898384577,0.25861536222579823,0.7095630550497989,0.5041774863419678,-4.2161541411081895,1.1924525785275208,-1.9690679111236458,-3.264513475746187,-8.214160666666011,-1.388781277993597,3.1722952823563935,1.7774206935637211,-2.817603055363399,-0.6536952284875862,1.122627885169203,-0.33223731144748875,2.3173715579924044,-0.7005059818169406,-2.9041802381796082,0.4647048935337386,-1.0385749781420164,-1.3972824398797568,1.3598964869487247,12.846942452623615,-6.984398971865236,3.630301688110539,0.36739664780894354,0.4199070582064188,-0.5641020437476146,0.7854346976044123,0.42632001363226946,-6.331607344735942,-3.890514793081158,1.8035216072517537,2.0459963363487965,-1.8102960875710201,3.7146964097696547,14.174575856910367,-10.755433757741496,6.354925196911896,-0.19700087177097858,1.2678179591212544,-0.04006437978720221,-0.14885242069020282,-1.3979017494680361,-0.2629491180929914,2.8423469602166356,0.45933285564045223,-0.3599021980158025,2.3014257145918733,0.6392983323563153,4.671872021652431,-15.53375895316823,8.273352182293854,-2.0462619939257536,-0.4205223549002671,-1.0858746063576044,0.2866466128378362,-0.7343374933036222,-0.42468901623349853,2.043750507998452,1.1693319608234158,0.37941134607911847,2.239115261824189,-1.1745987648674905,-2.0892682036901777,-16.25228065038078,7.822756050357632,-2.653674151893415,-0.4322912944605051,0.7097533550245172,0.38193036473574243,9.373730172777748,0.09496085560544705,0.9307313264791406,0.29338219447047387,0.09748348643826517,0.5305976189399833,-0.4087907898185141,-0.2292547059350819,-2.0963950566348686,-1.6265363096457472,3.893971768985065,-0.009212149274912654,-0.21946494896350974,-0.6554848063459935,-0.216443607055585,0.08646721170084092,0.7299914654813208,-0.7420475699142386,-1.2945545413379542,0.2703204793921898,-0.3240936052452209,0.024703647167056496,-0.9460813367578079,-0.42235830349437276,-0.2550322072632577,-1.492710524588862,1.4066153941517496,-1.7741251989578546,1.4795565762737313,0.2941515808784902,0.4496417587076761,-0.2412262775722083,-0.2416814706057316,-1.324670215950073,0.02621316375274317,0.389992517641982,0.777985625339922,12.816175889370513,-12.18842851142727,8.307536228738458,-1.918285972722902,-0.09963160024414437,-1.2956439107636633,-0.01902079755798519,0.17192907069905622,-0.05816849717985363,0.06283971055652122,0.6335292677862099,0.37156703506892363,0.05149717398745438,0.31955639668447205,1.009754735568721,-0.23024291199467872,-0.9321150497685792,1.6419758669329203,-2.788863589606877,1.3586384299618164,-0.7578420944734308,1.1949943363080233,-0.10829736176554236,0.05942128805569971,-0.3006995162453186,0.8949497266850781,-0.052772905324824995,-0.1213693920257401,13.30107319035388,-13.146215776049035,3.04368034172164,0.4889272952248935,-0.5697809670399218,-0.2514127665046227,1.0031585482709895,-0.18920065561567231,-0.1574065613465248,0.9042619384657197,-0.28430856470685656,0.2987650490443946,-0.28578071426543283,0.4622468398817091,1.5838436086427738,-1.4721268101816019,0.9455663583243398,2.411795479474139,-3.359299719126456,1.7753591546277498,-0.33602026239089733,-0.09255261379552913,0.2270119424743752,-0.525636471530676,0.09637936793429526,0.08302577582482612,-0.11071496561008154,-0.19252201820548112,-2.6998823554617988,-4.797351875567722,2.917849305384723,1.6770990727392927,-0.8210001435367019,-0.6397665458660664,0.9456299813319908,0.10842406368145253,-0.38930438245327054,1.8948535281391448,-0.845132686074761,0.2769535722537591,-0.10551307747184009,0.1363197317175484,-1.0298677130195937,-0.05505703782977833,-0.26309088584733265,1.4669237039312983,-1.665983624107176,0.8078228694513532,-0.181983613168113,-0.3096400553845612,-0.005420213682037064,1.0863302229296405,-0.7609622470747514,0.07212022671215321,0.40680335405119417,-0.6186839129044442,0.25585302205407345,12.762115848134608,3.2175604271213354,-3.037544907293904,-0.04118631945685855,-1.1298301251603136,0.505780951708673,-0.6215436892519236,0.24729437528088663,-1.1464484317824033,0.27941136988383786,-0.2332500778012923,0.22479682629434009,-0.14995067979084034,0.6188946856244044,0.2028522668176565,-0.5191814184339181,-1.2668303706248147,1.7999997858537606,-2.5438912904325126,1.9036410545330664,-0.5106142316511755,0.4936496721891942,0.2774742239226822,0.7510941730248493,-0.3673375225035818,0.8460317850143145,-0.1555303921638475,-0.040010422206000956,1.8654913545481357,-11.97440463981574,2.42368887950293,-0.2670213291529775,0.9521931809498829,-0.005751376576629257,0.19133244564828378,0.37955858899247885,1.8478949244386156,-0.5149480157127158,0.5586816853478274,-0.24765450876285358,-0.23506367374609916,0.4649662856997606,-0.04689799129839567,0.020254151618520982,-0.18286156153847014,3.87783660749959,-3.332272459536538,1.5199006665788788,0.11486196937509441,0.08433769419013752,0.12222990552444776,-0.7252143231863627,-0.9024578347779562,-0.9895828078223975,0.1998648699293635,-0.04153122018357844,-4.690283832283989,-18.145673133296548,6.0676149443590495,0.7772060652678103,-1.048298700692495,-1.5295617579053675,0.0647145622002293,-0.19132898182925545,0.540044855898569,1.3497151993752248,0.5378017646786888,21.14071962409565,21.458328560712037,22.025012660920506,21.856398179525264,22.61630839834581,20.229911507057846,25.410096287960883,1.8226548709275505,0.4021086274266014,-2.265597453730096,-0.5291672255067101,-1.552519185607874,0.5365772890695588,-0.4971155520191167,-1.786273188644109,0.42932407879539586,-1.0244974791154229,0.43891759256861584,2.7671059185259814,5.20205757166114,0.14817291728190543,0.7994261746877193,1.5329692584656454,6.867643816198864,8.310646497357466,4.4031772563147635,-0.7143977141958843,-6.55213279018485,-4.6715148659412495,-5.393384231831297,2.547313182159156,3.673861624549387,9.697989770838278,3.483016788438701,-0.5252691790085159,-4.706421390168361,5.291983992858317,-0.614049570721518,-5.0048660613266085,-9.757201750491483,-0.16475760228475464,-2.7320531046918846,-0.8852519660019568,2.811759190742649,-3.809020853273846,-3.985019051591355,2.753455954029883,8.922037730502984,17.67921321885438,-6.84847148488394,-0.13392394394150986,-23.873170260309184,-1.8608598527231508,4.706030773979822,16.4814415229158,18.00349602365442,-7.903484839277354,-6.369731197557195,-22.606495243539847,1.7635820474997168,5.232382748100966,18.43700471326999,13.865208272053662,-9.784585813481225,-9.700363009917444,-20.878009030550654,5.961118556301839,-2.9765215573785326,22.042141092796438,9.278969998346978,3.319670512626803,-0.27689747100450024,1.0632779057395272,-1.8531439602899114,2.4707422808983064,-3.9454511594545094,12.297259589571949,-7.5638278069514,1.7654746088784654,-0.9983788004028676,2.9566720434354075,9.114307717099418,6.0485424722841,18.690874868648766,-11.238204622070866,3.625098147364604,-0.3443229936961312,2.525019566702454,11.338028483516885,5.525582111694136,18.025378308194433,-9.036381568105899,2.874277051869095,1.4727284126723494,3.36063825727607,7.820878387442106,5.974721432463458,9.328924464671365,-9.50031918432377,2.953782562206559,0.8915501924031063,4.995055954750381,8.10688492529251,5.247987107666534,15.98614614605175,-3.506362746207668,1.6118837660161873,-0.9080469315234251,4.893027157267582,3.738864036128851,4.0561849681898305,4.9524049942415935,-2.0681752114722176,3.1207487423884164,1.570431494620494,4.250476824142114,1.355155903703971,1.0343917823364577,2.7107488284785353,2.4691780510046106,-0.6937315988963222,-4.274301080307581,3.0275329064255745,-8.53769152445672,-0.3344428839697253,-0.5897291345920117,0.06253520724428846,0.6613470258025882,1.1383897586924543,2.025788640318697,12.69817369938107,-5.560560195893019,-0.9026068748795149,-0.21940858930351267,0.16169072830950082,-0.5493150961143166,-0.23638808232975114,0.6200170015239311,0.42563876933978734,1.1882728185372533,4.125937255004547,-4.124650842982555,1.6197179796081993,8.524176188895817,6.52522149353281,-9.328152552632822,6.010776803311146,-0.9131878005769467,1.6321456336501599,-1.1630463966666715,0.46751350291629384,1.9074370036626305,2.0782160712775783,-1.9856531304431244,3.0182535237717167,-4.574930745260738,2.2215807335942057,9.968791000373823,7.45843338791657,-12.327412673849818,6.695361320772107,-2.114937149898072,1.9774476574599518,-2.07931213024693,-0.11475189069220214,2.09110761505034,-0.3842705780976637,0.05763883156768236,-0.1846776540175004,-1.6610841010909927,0.6032393853900861,1.5323937079649208,-13.668233564078463,-7.932361038155356,7.5112160421988685,0.3404225353926694,-0.6501409195773725,-2.238771813283798,1.9634715707327965,3.170055109259718,-1.0320813851554456,-0.37218520019151935,-1.1913257150681036,-0.30818664171593546,-0.1707538838712841,0.8769722919454465,-17.759715067297044,-2.7241114890571763,0.5375340215355948,-0.5726620232193281,0.9192373728348073,-1.5226460221060965,1.6831427558327532,-0.2896421732370551,-2.293018934817858,1.4775125107918456,-4.094716736270202,1.5040788038163415,-0.5912153115184317,-1.012583239430949,-16.1423375619123,10.805759198233435,-1.338762662849152,-5.828101994302216,0.8034640946973735,0.32525525776975206,0.971464241858519,-1.649844115837436,-3.1746929875446797,2.9991611443406514,-2.5068904636757674,5.666509202794822,-2.3378460159573935,-0.9753538468242915,-9.971096207515496,14.903549514846647,-8.344643967346451,-1.951671982884631,1.240203047478898,2.0164106084277766,4.803779648218598,-12.558014049875947,0.2789743495904446,2.447664500063121,-0.043432177041791184,0.0019327422192282739,0.2676384742982046,0.33670519677149346,-0.4614588384234281,-0.2629507415893998,0.8443296512001601,-4.932629255668161,4.095660267379945,-1.3419072495605913,0.9279439266793438,0.41344771046953194,0.19595183399216126,0.35649071862921233,-0.3110253001579651,0.12020299482873734,-0.3212528040753802,0.5662720143543905,-0.7512293731324889,-0.1276186651193883,-0.020027907473227104,-0.30643703752911877,2.085151355600863,-0.9477290514014376,-0.4338200591316526,0.3758317118098888,1.6113339943192235,1.01824726940699,0.05602035735236826,-0.14285913125717548,0.15145023756033504,-0.07493952049927038,0.3774066373064335,-1.8217328288555639,-11.22139306172628,15.773137613496152,-5.506566213768774,1.8370611768209262,-0.7902723516213142,-0.7735495068717322,0.18771096998619474,-0.170569828431814,0.6261538750655748,-0.2672704223035827,0.750071198533301,0.23878673011982277,-0.5307566498389655,0.3308185752409007,0.5339613591691141,0.8704121778102756,-0.6214205792883901,-0.35153012879166506,-0.39976368873394974,-1.3068932004237914,-0.8971677341649835,3.3312203008320935,-1.4739951323842078,0.19098026823226066,0.06303597466468844,-0.07064653930515413,0.20802080356922611,-0.10923490953578148,-10.597266912549099,15.981041555783136,-6.25365791823734,5.314334697375326,-1.775490535719639,0.024972652815803013,1.0883572593111968,-1.6969935669427618,0.5289531222270624,0.322349803100953,0.07290879653252856,0.7948401792992456,-0.43662624613373896,0.42930908674283785,1.7018779778372854,0.05040376333075252,-1.7475681490366124,0.3857791624819655,-0.6167285685369011,-0.06832322403104416,-0.06691492505065594,0.12678969159053724,-0.12785033829385647,-0.10023862533607703,0.3448218402408755,-0.39334166324647973,-0.3678255657980879,-0.12355231115290508,1.8766627970982148,8.327914080753056,-7.663669274962959,6.348066050675849,-1.6354001164663248,-0.5560558276885159,-0.5064694421481546,1.397769566790299,-0.3486400027091065,0.592609243210636,-0.4929795032154454,-0.061158343770665084,0.3569171746157998,0.00541189713156219,-0.596669134403708,0.44149822536997974,1.3023672222769365,1.584708170891729,-0.08224970720001368,-0.1070550183839062,-0.9628171209787391,0.8829120925836985,-0.3353471471301031,-0.7284514794021286,1.0564207281647535,-0.5275464174636881,0.24107898712385098,-0.18929258134024826,1.6741410648404034,-0.4535690723353372,-8.659056745359628,-1.6692619128478134,-0.4521153517756246,-1.1107699904804995,-2.928781072146691,1.510980383222962,-1.2823616593144183,-0.18067556668986412,-0.1520423001984506,-0.8653651324084516,0.5676648678120733,-0.6227798192346605,0.08021074688297566,1.7963478306079959,-0.5648838796533708,0.6182019506806453,0.26146684901446654,-0.48152372177765496,0.3522305853911444,0.2936587361973721,1.932750354440595,0.0349251137819675,0.6720228807895227,-0.38498956864961137,-0.013587377809129397,0.26560263191049305,-0.4747848450756376,-7.2533243418067626,12.257235874469622,-7.532856177410555,4.204782294532948,0.5167147131966736,-4.054743711392792,1.4461442096302288,-0.19534069113251193,0.12972774941295806,-0.4090633103165499,0.15242053859928753,-0.02905783117476663,-0.06604273275324249,0.21307385758272326,1.2225278864486315,-0.9012855294907375,1.2729649546764124,2.5715076623599415,-1.389258065523504,0.8777123411447649,0.05531148066632038,0.5774659466690235,-0.6353033973024018,-0.23901623504571054,-0.2062929615152546,-0.8571345086768234,-0.000169244689629788,-0.07983449028298943,-4.697172421625793,16.285936161706395,-7.359003154622405,6.290200639253149,-3.43637046661288,1.0951960505571001,-0.2412952987494354,0.15969020065930153,0.4992787004269222,-2.21373702869837,4.026192537365559,3.5253295544514183,1.3554881498054518,3.110639648646291,3.1970183608134466,3.3115444980832525,1.7829533337720966,3.065176699950497,0.5994384638156233,0.8639248807780079,-2.292627618872424,5.101557981270239,-0.7857802034605501,1.303872828306142,0.6531116076201494,-4.159471233754018,2.1146083929117383,-3.875551395800875,1.9717418481917246,5.103432007248391,4.064257286087175,0.3607823471540542,1.7485320204736645,2.588147227295772,0.7253508773647885,4.848627293433274,5.139309978415581,-13.56912878804947,-1.416199626742361,-6.9225855897328215,3.412901344837342,15.21377154745382,10.829522211262521,10.099775652956232,-8.297391824482075,-8.136914182715255,0.4081804280470745,1.1879525335557564,8.507081538855003,6.346414874514962,-14.298785605604001,-0.5106706784644138,-7.326940490823795,-3.178594666227887,1.0868023293808307,2.0684911576456857,-5.711594342527969,10.800699996091872,-7.094276798157093,13.529154764815058,-13.011868070910394,1.0055912065304788,-4.918315646068072,-5.3843736516323295,13.503889676336719,-3.709777263906049,18.02601561826755,-15.089661652896423,1.0677785513530826,-15.059625427198336,5.427529119529297,14.135013493889328,0.17819188446483814,18.867846223404765,-25.01334907397791,5.288645537812035,-13.61274459525534,-3.6875591149702482,5.998364149930234,13.62536636914378,-5.465245746388043,23.02700061332333,-0.7335217656034583,3.533050342407516,-4.43109013949714,6.071894887086261,-6.835924151423989,15.885840900270294,-3.8312988977576907,-2.366088861044827,10.09373914663634,-6.792331906276135,-6.584522200621851,9.531691156441612,14.421538084751706,-8.440154837411626,-0.9987766347990416,5.316448697216299,-10.241891001758558,-6.611563594993891,9.164636091522292,6.768005245945087,-3.603109077763783,-0.8823169053271124,7.879632737354096,-11.259188741634235,-2.735462139401663,15.571296923978927,11.073161371295496,-10.809440170605779,3.2435012846582554,-2.3382115958548626,-12.78964845404241,-0.6713967485429627,16.443108312276063,8.944884547439035,-9.451443560070544,2.066074486219436,-13.326835298132053,-12.476926276572405,5.236017281417514,12.641502941441873,-0.7843716310287312,-9.66266141781403,2.069352780350821,-14.824390916739063,-9.48431673626681,6.243668588417662,9.73801276072538,-5.117736191431052,-7.057125735767889,2.5459933135018504,3.8886880744786474,6.678187898991813,-13.369756372170077,-1.138491515602834,-4.515959946200804,-4.068527804588382,-2.032206689813611,1.4636877111799662,-0.15410602815225263,10.2808356702213,-5.645571151432804,1.1796345372324164,1.021333317905793,-2.4114387783939706,0.7516652767162405,-2.4570872661790846,10.237072999825589,-11.593507265009082,5.1335662868691365,-0.3169822227694836,-1.1514045616795494,0.14540648823367874,3.1988792856312567,0.6781394139231037,2.9932460759399353,3.6116232146785063,-0.5659132013421851,-0.49548418336483535,-1.0837918554223804,-1.2440541400837355,7.0792866268243655,-11.548321976590277,6.408823123909689,0.8110300928137315,-2.939847316643974,2.056587572815536,0.5031870279644612,-2.1837195248013686,5.056203828588464,1.9575158565444644,1.2252520812531165,-1.3572634189676709,-0.3939634170708902,-1.116750800183349,12.708651956114831,-10.709344690709104,5.427433047842836,-1.101274688164818,-0.539753747586575,2.5296254413439208,0.5417323390551353,-9.586584844753927,3.215952756553148,-1.0868277184459263,2.2133185630568457,3.2333800050761097,-1.4829018927437958,8.558983568889165,15.040667353785004,-13.671470726729497,9.709668362056725,-2.180383193546606,-6.435919212410661,4.00321446492173,0.6622109293221076,-7.245733634853624,2.948191487557041,-6.732806117920582,-0.4575314758115851,2.023446910470742,-1.1596550414780509,2.9756786905939916,-6.202169326072323,-1.0082527651084952,5.644535265370782,-2.9027412612942376,-0.07766738544693409,2.801957376009895,-5.167047386039263,-22.027689874326683,8.43814661228943,-6.925097153422514,2.6347392859569996,1.5649362232471669,-2.3654490533539945,2.805299780713181,-10.371356791023029,-3.517162055908652,2.8295621792451646,-2.2549399240293146,0.0219828924326613,3.0662609030832257,-4.649194177931842,-14.22852481653962,5.691821922649018,-7.07669151258972,1.602343768455611,-0.16731478822979698,0.8714621814637393,2.390276067122021,-0.21638803383819888,-1.0897968637311641,1.0279094096991412,0.45135997010486656,-0.8028669554098682,0.16055342169185188,0.07559790512775018,-0.20820660785359063,-2.1812518904307128,0.08467789642387948,-1.2887213431776687,0.5978622306610043,-0.8741280216174125,0.9474435187912212,0.2868550818744872,-0.21072001555440303,0.06444563892760989,0.19465112295180412,-2.434978362436097,0.20528746529994765,0.12270466417785277,-0.20816212255836777,-2.535808593552671,-1.835448718061932,-3.2812243292197847,-3.0543118105822677,-3.9443566001599875,-0.6207487578302678,-0.2275060916822859,-0.23069780339221735,-0.6097895746010396,-0.6483786899563209,1.5580071242491884,-0.40051718963927074,0.2705962682868434,0.18757171052775695,-0.9747935435377716,-5.204451132201815,4.22177524280303,-4.70763201785631,-0.541811782293484,-0.2884849447794297,-1.0596374486006175,0.7478579560675614,0.02024715077858074,0.6770856891735479,-0.2967100312340414,0.8395403340132813,0.24320419310305447,-0.26687283407034434,0.9353864809243001,11.174448944868708,-1.1344628251835829,0.5850572550640972,-2.5011124218688794,1.651627696708794,-1.1339889635960252,0.7199037527748416,-0.5651316271399027,-1.6058125246631962,-1.4658590365844903,1.1389099592681096,-0.6434394572468939,0.9430390750220314,-0.4031790833295211,-0.822114930819851,-1.4401025921839363,1.008748624607472,-0.5932788097352834,-2.388348598159056,-1.5693166095563158,-0.0514693168452942,-1.4200129726829354,1.0249737162821857,-0.73815427711773,0.6725210246330849,-0.04426699072968768,0.5865893539973874,1.204700078233294,9.551329741678362,-6.41147961582156,4.357996024860447,3.4388772074621303,-4.210959928580899,2.0599244833864057,-0.8378388962109811,1.1077245897607093,-1.5723010910349393,0.7313479086248179,0.7069738718766684,-1.5267454950224937,-0.1509496382955834,-0.09897496539918774,1.3918252884341629,13.174926701754883,-2.51744546624519,0.8807589552066518,-2.657755684436809,1.4975920136928393,0.1446830522793195,0.26404015059350966,-0.6891132910885948,0.9195168623156198,-0.29472912286889646,0.027310855377799016,-0.2877696846621625,0.6368246608261429,-9.201688885897406,-3.678466831832252,0.8862473057675782,-5.2128796649208216,5.483906332935972,-1.538148118251371,0.48677661387556137,0.4486239200668113,-0.4091442455950992,-0.10669638057108508,2.0920387419554762,-0.4720275507316591,0.37530636066073003,-0.5703416399261918,5.889307638889625,28.90963746860582,-8.831037455743605,2.7502660167889834,-2.284086730741912,1.0257635515956287,-2.729662016776452,0.7701485338752128,0.422186099502536,0.005443154364619021,0.7614233660014309,-1.8689175036315464,0.5733795202365916,0.05638316809608734,1.2879823982061798,12.309951490485657,-5.7872411934433625,3.094523531538762,-3.8347891099945057,-0.20818790639441404,-0.28729390630139034,-0.08198935073476525,-1.3180475786476642,-1.0552467871944236,-2.064954563828599,0.5922680433557913,-0.551878007779642,0.4242666135151581,-0.3189736701236081,-21.44091548620235,-5.595156752622351,-0.2995777660915935,0.9193003066605034,-0.5305024282986542,-0.9726444682413862,0.14775305342373687,-0.15166502669615986,-0.8538561042617434,-2.0022609867401022,0.8561318530924648,-0.6447677343799945,0.5502798892279235,1.1247829658466815,11.556099100427987,-8.47608342138887,2.6748908747732076,-1.9260299047058351,-0.5850749766666384,-0.42154238948448364,-0.49158530618608987,0.27520931912956914,0.023323093665646367,-0.7831055506091908,-1.2300451260557685,0.09997338358921762,-0.12962595729519635,-0.13546009754090063,-16.927979620053,-6.034587387061112,0.714074208523208,-0.9920957841572551,-2.755241830578404,0.07932187890198941,0.4230645034305481,-0.18725650585620918,-0.19950812411101082,0.20552020204049626,3.5542952655310427,31.47845171914884,31.24770036615461,31.350521110145294,31.125579600141698,30.903599293732906,31.983436735627844,30.429958444060336,36.340281235707245,38.324182630709174,37.091965707291024,47.38177296412492,38.22379677628288,45.97854809397699,38.68119076713142,49.11641293619924,41.347178122917185,41.74197390316815,47.10037028710359,35.27796600542927,35.408856678257386,0.07114837380529479,0.25479202022438735,0.10404104900413905,-5.376769717282056,-8.063127562075541,0.8476249992750869,-10.24638897629785,17.355399951659038,-0.7651578267766685,9.977374549277632,-5.007974550656257,-14.409473640617383,1.5691502494046567,-11.831847864651571,18.173476325224186,5.101869831856824,-8.233821222424021,-15.859096429999958,13.498390937439202,1.5624096761576818,0.0518670999714609,-0.2758413273577361,0.26425455440155554,0.695737263292417,12.128615222474627,-0.9430082117529622,-6.103937882874944,-9.137175872669268,-13.315972441499623,10.491490334332376,4.742439765787617,15.924533124968251,-5.214309226037372,-6.172712142924571,-9.415278964473066,-10.643151893466017,15.357106953118095,3.4163132194935133,23.081151559663788,-7.766686187298677,-5.520791553613733,-12.105395544063487,-12.574313723062366,17.812292129744133,2.4561086891366264,17.694427276306342,-9.529826406605487,9.857659498279869,-23.07108170568151,-0.9281726141518849,-11.969798534658572,-0.0857430444089835,-0.5795091477457639,-0.44078049409933684,0.47627300909859416,-1.5168277846033273,-5.584725370184307,4.3239455833327,-5.367110971615521,1.332283914741389,-1.9154392981760766,-7.403761698391816,-13.898955995086077,-23.901732985107788,0.6520140224288404,-4.275388134723506,-0.5273809008213953,-2.0768950705496376,-5.743253468350356,-13.767863201047357,-24.118384766072193,4.457466074259305,-3.30479396117956,1.4689185794103032,-2.744923323676939,-5.486880190376701,-9.57397512482686,-15.283250386302063,0.08060568022291492,2.7614381421507708,4.308868189433169,-5.050551596046276,-1.835856422191824,-12.632641742215787,-14.75090487108745,5.060014191968545,1.391077547822163,7.2590284260344315,-4.615216957819859,1.1453365348104478,-8.447245968386508,-2.8631335345518547,4.3361124162444105,3.450360841791365,7.8193077665771575,-5.850023361150875,2.8704518580495497,-6.000102022857896,0.22446564761168386,5.413010444672022,0.4331554212956363,-5.270654217880895,-2.884171848981976,10.703571374844104,-0.06453502488773886,0.4472149707679528,-0.7470729538427116,0.38410899078470384,1.2615897151534876,-1.276899918729345,-20.49267956999,4.859690218391136,-2.4660259757285687,0.6906867741330445,-3.0132648851075596,3.5223995656396654,2.1024618282870793,-2.024324982425773,4.769872708070809,-1.3108045297004722,-2.3520678840520954,0.32943970361162533,-0.24469257247287757,-15.36075426295437,-0.2367276068145387,19.18252130621016,-2.50260840626171,1.1487240049810847,-0.8160511531402694,3.0287238161244447,1.2738083216452991,-6.252881855332571,2.0208166970431445,-0.46299969514985845,0.07194682987228519,1.6495837258535138,-0.12183113409379771,-13.516943887420075,0.18181554762423166,12.462189891177438,-2.8414245307982524,2.3164439699466657,-2.0295412928001015,3.0340128168379206,0.8485864740114759,-6.916789741967468,0.6005973940380349,0.26010923963230875,0.26318840556830114,0.30392169901115135,-0.012650591541489883,-0.6455515392147512,23.828869329295237,4.3473652807029,2.5473777058623734,0.3713716435367822,2.2914847801994975,-1.6265502493499837,-6.307191725228642,-11.52433200809452,3.70252459293122,-2.3105851439351746,1.6933642383716614,-1.507608268522192,0.4529178436027633,1.4884849018172055,29.536723713691636,-4.801316457872894,1.5158072014290933,-1.5002679378689734,2.9625785049658284,-0.9399243816368599,-1.4400468415589756,1.9180387968933499,3.6169200666128707,-2.3692049500857713,2.0910806285924073,-1.8360095298879135,1.1153097055263124,4.21359297613042,23.426903805187656,-20.906422916014165,6.2280100539713015,-5.9682562017980425,3.3452703608094345,-3.7450015413977487,-0.6858064138204333,6.206898276003913,3.0184708648321457,-1.6316571151618222,1.1928718300694983,-2.792886967688021,1.3962483059345423,1.5301933163042651,12.138485502204464,-23.408079929147476,7.0048354253801675,-4.842232265788813,1.6913539872115033,1.3649816664334335,-0.17102838967371614,18.370540884211916,-0.028610672999771995,0.4778507259331136,2.227989072834612,-0.7865314260674036,0.35022971586740315,0.28029104211359523,1.2733003935047973,0.4074401093705728,-1.4874480408203417,11.375432846279658,-4.36386623550387,-0.21051771386938345,1.5791700621143168,1.1921023945378149,-0.6278198741845309,0.7683228137423684,-0.4977481376735175,-1.6136111285152341,0.8024465796881879,-0.8116768875906374,0.4516479527694839,2.633026565882959,0.7184286462302467,2.349289645021283,-5.059275954484415,6.34455003607699,-2.185994571206466,-0.1422820589521565,-1.4952655709819722,-0.4746634988235258,0.3386704503194848,-0.6761497329721311,0.4768128545874775,0.10690869097408055,0.028235041504048947,-1.8118757142691218,18.685549162671183,-19.00438698059777,8.217976428382572,-5.684682403271791,1.5971343552484998,0.22224861154612488,1.1375644355302812,-0.3115353205619844,0.17089474574164035,-0.03916416351154424,0.5404447951487933,-0.394570289316424,0.314503557209831,-0.9770715892026645,-10.889929589904122,3.8560512821459634,-1.3005800455472736,4.285862741093632,-3.736239409989589,1.5394802070642553,0.4797523003933945,-2.1150698948683493,0.5709501820789724,0.13426881813263483,0.010193097832581835,-0.07400173911946605,0.2126971302550256,-0.4454454597086539,18.112424908772464,-18.501667935356405,3.6641379529540354,-3.6984676634209013,0.0036662255092779206,0.2351738530277865,0.5283435177808727,-1.6922391373515624,0.5325412899108176,0.6083326742084061,-0.41259051979278294,-0.24155381558029929,-0.5363178992275242,-1.2645615801422043,-11.489913579039724,3.988024756127241,-0.5429362082780896,0.6127396455909249,-1.3816788010619006,0.7657390124202614,-0.4026237229260679,0.45001187892851313,-0.20596938269439075,-0.04615307315577449,-0.3765101214223751,-0.1850040549937901,-0.4253902225903543,-0.05605529102617684,-2.482739461427243,-15.760015971401842,5.216478462025615,-3.696705576279343,-1.8329720463319692,1.3179553459713802,-0.55229631487343,1.532795492035673,-0.811248444849901,2.2684537120797406,-0.8036452984728127,0.6806875611666462,-0.13114454082005775,-0.5391774457970901,8.634667626117192,7.282809215882546,-2.7315581280588113,-1.339157138324088,-1.1560185969222234,2.324915036004835,-0.18078081313498034,-0.15695354568070438,0.08660508648014979,0.9778764681873241,-0.5737394811099855,-0.048512525294124316,-0.028929592067209537,-0.11055035982759845,-5.765307925870395,-11.276540693202188,13.296943095112713,-0.8006061261196579,-1.148190586620534,0.6889724923258798,-2.888193595523455,1.636195063317628,-0.07348597408308757,-0.681341955639848,0.6022592979357394,-0.16106823278578994,0.06971246075971156,-0.30840425887035233,-1.1193402606047886,-13.722763466887907,5.717257412750233,-1.596454309457794,4.773666065346484,-1.9743151628407536,-0.11242291894270903,-0.448205369674641,-0.7645426097474636,-0.3729328676502638,0.18364261187091363,-0.07713868422795117,-0.10955058907918755,0.24222231286557386,-1.1948002814144703,21.471944369006398,-11.697822370798704,5.7774558275382075,-2.8434523978715567,-1.0940804491343123,-2.743866702776652,0.9801520039644599,0.371461594398963,0.5293692172021558,-1.4979372890491618,0.9056216759544521,0.08555751218703882,-0.5633838509330812,-1.078536657161675,-13.423920285142698,5.715600293318927,-2.5076477535759576,0.6110706579010599,-1.7642564995926633,0.07249662947797474,-0.8545981941424685,-0.29447028916530277,0.6696511546868837,0.3264534460255604,-0.12507620743304776,-0.36911350956482136,-0.05869959703451871,-0.19836124116791576,10.65785287420194,-18.426680500780034,4.750282428379848,-4.580811577944689,-0.08237371261654307,3.106594966969463,-0.6355558987153627,0.05608629732549357,0.3715500413528415,-3.3319534019506842,1.505482525538606
2,22.82439495262497,32.141695766201394,28.689217204703862,22.981460224686504,26.845291263168143,32.184301848704315,27.339438024965,7.541643618981097,-0.759303653483,1.1602807316443937,2.1049311726312556,-4.161159398327551,5.932254407370719,-8.67499758322268,7.599199820474453,-6.149502116775957,2.8351341653569966,-6.582746807158795,11.507350703138327,15.735037628157524,-1.2136268605856682,-10.15282427725463,-7.59728072250502,2.8539600321082994,8.34136417856335,3.819445541035262,-15.367879501240928,1.0647515365375861,-15.177931073758538,12.902268937124077,3.7985605923982115,7.363101625794252,1.8717855099251655,-12.655625503182359,5.423098645840495,-1.6576003928060459,-0.7278344686751583,0.6650858033458142,8.30633467400396,-0.6757124105365501,1.2411303340231936,24.454121796065046,8.324081299645291,15.504922296569939,17.072166277205568,-5.416547199217503,-2.030337549615262,-25.43732822724292,-1.1169280418664627,-6.54970544866047,19.94925142164072,10.51898976256758,-0.6370472108034997,1.039645865556938,-22.262479467212433,3.165231041523888,-7.463197024978901,18.46955497155313,9.671893071312848,0.8404475493787417,-0.5835583446568217,-16.937546014182228,3.635252427361348,-6.764650114942245,16.149090920442973,9.679000790865544,-5.3842912695078,3.934814948029892,-12.426661773408657,-12.955924501164297,9.58190381706778,3.767709587265643,0.759179279973675,23.64585447758177,-17.796433169702727,14.827884936604555,-6.6495620150072305,2.6633511851137,2.8968886349081706,3.510255973885427,-14.827670741378295,4.56049853826043,14.39553956281895,-5.621351827639862,0.7919536693460278,2.0950206409999783,0.008317414510229455,-8.66821444609602,10.526064083008253,6.305031193204713,-2.6903378326800773,-1.187746602229494,2.570633286302031,-1.0558961623936391,-4.851411803837125,16.871455963573922,5.707761725164479,-1.4667817993975458,-1.8779890867960582,-0.2536125620630997,-1.1517962117210505,-0.44539654701586034,24.311646764268627,-0.979885528539758,-0.7189159881313906,-0.10325608384633575,3.8383752647898413,-6.636667305469814,3.813010297553618,21.440420611293725,-3.4290009716663294,1.9579818841802272,-1.6360695821723938,5.034826322495278,-5.476939717688999,0.8835979773081655,17.20770901117658,0.8109566953555737,0.07301252171134552,0.087343292683806,0.5609172999802778,-0.2457530489950631,-2.8697618955630686,1.4885463029917996,5.276087826786766,6.5464851156958535,17.27825360434273,-7.552265000279516,3.159336706288296,0.526289296926107,0.4199070582064188,-0.5641020437476146,0.7854346976044123,0.42632001363226946,-6.331607344735942,-3.890514793081158,1.8035216072517537,2.0459963363487965,-1.8102960875710201,3.7146964097696547,14.174575856910367,-10.755433757741496,6.354925196911896,-0.19700087177097858,1.2678179591212544,-0.04006437978720221,-0.14885242069020282,-1.3979017494680361,-0.2629491180929914,2.8423469602166356,0.45933285564045223,-0.3599021980158025,2.3014257145918733,0.6392983323563153,4.671872021652431,-15.53375895316823,8.273352182293854,-2.0462619939257536,-0.4205223549002671,-1.0858746063576044,0.2866466128378362,-0.7343374933036222,-0.42468901623349853,2.043750507998452,1.1693319608234158,0.37941134607911847,2.239115261824189,-1.1745987648674905,-2.0892682036901777,-16.25228065038078,7.822197556436,-2.6384824343406246,-1.1688518970205466,-0.3761320064152686,-0.08222527591871646,1.2308497715833717,3.7679402084309785,0.9153488394794086,0.05081659197480343,0.9779389440003042,1.564310641497588,-2.310528741086992,-3.154170264837317,-0.308380958539368,4.753406183759837,0.828115012482734,-2.9023292821418387,-0.37768615382124765,0.12548344464578248,0.2695598655629521,2.0621005613805665,3.2060416676444032,-3.4390686674946784,2.181630714621783,0.25621434030774537,-1.1671863300938259,0.8844553807967589,11.71549905920743,2.4308425811874517,-1.2609349807786818,-2.415682720060422,-0.5247651683120891,0.4527311389475678,-0.029487285017890445,2.552579494902241,5.972393085067632,-2.4681385414007644,0.9992335366193607,0.35101957258343075,-2.2187997710852745,-2.6679900403725845,-3.66101396345579,3.6974900093801266,-0.5022214019042583,-0.40092467650477087,-0.639186800019175,1.0895577198195618,0.7749267312246759,-0.18892118258239035,-0.9981391971922445,-0.16937040655747151,0.1551784587558351,3.084659933468339,-6.663621739140358,2.9354098746982276,1.7729893321152161,-0.8210001435367019,-0.6397665458660664,0.9456299813319908,0.10842406368145253,-0.38930438245327054,1.8948535281391448,-0.845132686074761,0.2769535722537591,-0.10551307747184009,0.1363197317175484,-1.0298677130195937,-0.05505703782977833,-0.26309088584733265,1.4669237039312983,-1.665983624107176,0.8078228694513532,-0.181983613168113,-0.3096400553845612,-0.005420213682037064,1.0863302229296405,-0.7609622470747514,0.07212022671215321,0.40680335405119417,-0.6186839129044442,0.25585302205407345,12.762115848134608,3.2175604271213354,-3.037544907293904,-0.04118631945685855,-1.1298301251603136,0.505780951708673,-0.6215436892519236,0.24729437528088663,-1.1464484317824033,0.27941136988383786,-0.2332500778012923,0.22479682629434009,-0.14995067979084034,0.6188946856244044,0.2028522668176565,-0.5191814184339181,-1.2668303706248147,1.7999997858537606,-2.5438912904325126,1.9036410545330664,-0.5106142316511755,0.4936496721891942,0.2774742239226822,0.7510941730248493,-0.3673375225035818,0.8460317850143145,-0.1555303921638475,-0.040010422206000956,1.8654913545481357,-11.97440463981574,2.42368887950293,-0.2670213291529775,0.9521931809498829,-0.005751376576629257,0.19133244564828378,0.37955858899247885,1.8478949244386156,-0.5149480157127158,0.5586816853478274,-0.24765450876285358,-0.23506367374609916,0.4649662856997606,-0.04689799129839567,0.020254151618520982,-0.18286156153847014,3.87783660749959,-3.332272459536538,1.5199006665788788,0.11486196937509441,0.08433769419013752,0.12222990552444776,-0.7252143231863627,-0.9024578347779562,-0.9895828078223975,0.1998648699293635,-0.04153122018357844,-4.690283832283989,-18.145673133296548,6.0676149443590495,0.7772060652678103,-1.048298700692495,-1.5295617579053675,0.0647145622002293,-0.21885948353650225,0.09272366711651431,-0.8392864757302764,0.24170068560805938,-0.16230558167815784,0.15614049672857033,-0.2857098072741076,-0.6442409794492905,-0.3018556197677858,1.3669420863940578,-1.557454108381509,0.7858211888018178,0.020873607022175118,0.1625817559094247,-0.28242141106065044,0.0826180025932347,0.4669118223561793,-0.1419155558377804,0.05396407025429564,0.43400665749514933,-0.3442979083167369,0.6791097693496755,8.598877767353182,-4.773504944676409,6.205144683133778,-3.5662101020581978,2.9756650223570085,0.19245022114821533,1.8384392300033021,-0.3833996952785129,-0.8235495352519651,0.7895872729224814,0.16373981879842647,-0.7144097503406985,0.1973150836558159,-0.9534338071569457,0.26050701337326504,0.4693890321384614,-2.0199615774713484,-0.4175785011872323,-1.2588024077295223,1.7031186704349888,-1.027557647903355,-0.5120488266116201,0.3311262453111395,0.3188948277694642,0.551844308961447,0.19994878357137563,0.13029539248853356,-0.6524612193577146,-7.847014406012005,-21.019758802269127,8.593699255211002,-3.504912979755976,-0.46814416060424124,1.3622495541712432,0.07013062642311156,1.1721486733559316,-0.3799026831800978,-0.6614099983690328,0.565470396826547,-0.5817696130453145,-0.09697309471185646,-0.7562152281547664,-0.26186053356543865,1.890917965567796,1.728743766007785,-2.5958783536177705,-2.4947242956343456,0.420028555561569,-0.9565713805295658,0.40094938378680534,0.16401278506511688,0.20017432655470088,-0.15604708085047556,0.42258320683778405,-0.2853214850170159,0.5279211042942076,10.812761909307898,-0.7510765469108477,2.5811137648723372,-1.896433776386296,-0.22551110168034583,0.9134632765786316,-0.4220581790036622,-0.11281489562629633,-0.41663237193825065,0.38352715236116547,0.03772542134534944,-0.1347685712547777,0.2529508033579079,0.3034630926633512,0.10498717432768333,-0.6702268843831686,0.12660191157416822,-0.07970488301407996,-37.13987573695324,-47.300402423488215,-42.279986236716056,-41.042101281746596,-42.26646806129256,-45.14372865138809,-45.61621891485937,-7.495730051723044,-0.5923896125959122,-0.5336348051466246,-0.850935684875652,0.19863827611859863,0.5597833346980754,-0.7362062944333618,-4.402362795888672,3.7528591042844073,1.3911647458333205,1.9582671446610471,-3.0360588879589203,-4.268421705017517,0.7475686979774516,3.1276302007531074,3.8917870178267764,-11.783488845121406,-13.40351029844547,-2.6161733741929307,2.8495213623686375,3.192409462890928,7.597659137237846,1.0916655369755532,-0.31268535726840174,-2.9408147711376142,-2.652181572177904,0.7397766145806064,1.761153158752125,2.0100622466527303,-2.282131024993933,-2.242105753950407,1.0188413633124656,1.6950293722313976,-1.580028026616992,-18.429969785622948,-10.14053542689678,-11.958837014762967,-9.037506387585447,8.729666315076097,15.625742576627296,13.578515194266632,-7.748476593944273,-7.088695449310694,-25.358600395676426,4.241073982557033,6.444443609986696,19.814200722244017,7.641984889346952,-7.945598077323459,-7.380068533977373,-21.870883871846377,10.109113363594272,4.2831693054523265,17.85164597259958,3.4624937025775293,-7.6480189034437505,-9.294362473759373,-19.9966116421866,6.717186725542693,-0.02256168487539463,-0.7923978199543431,-3.212365488444099,21.365299744344256,8.056272179672304,-1.481105640191195,12.91605974272665,-9.684751909135485,12.18453095500479,-10.35248915205818,3.748854325083945,0.6578016982424987,4.995055954750381,8.10688492529251,5.247987107666534,15.98614614605175,-3.506362746207668,1.6118837660161873,-0.9080469315234251,4.893027157267582,3.738864036128851,4.0561849681898305,4.9524049942415935,-2.0681752114722176,3.1207487423884164,1.570431494620494,4.250476824142114,1.355155903703971,1.0337921605555347,2.6972750363378086,2.5236200581803363,-0.38826291196995244,0.24185663694342519,1.6003355329085132,-2.4521250944643227,-2.5585299597761426,-15.797844660262633,7.05627063524231,-3.596088198631067,2.077966320487723,0.7972598323568982,-6.05844503079716,-2.5700384324566943,-3.3341185421396387,9.008912343915942,-1.9284767593071508,1.6396597394018195,2.1565495717068086,-4.0911361874248655,-0.6050887086428547,-7.236823272864133,5.734528042283683,-1.0707601869561796,0.4609604553292292,-0.3956074019500873,0.9358394725535142,-1.2835877851674762,-5.309149319624035,-3.565546954842937,-20.736546720063483,-11.889844063950877,-8.702001458148777,8.285147543091934,0.12069196860969607,-0.6501409195773725,-2.238771813283798,1.9634715707327965,3.170055109259718,-1.0320813851554456,-0.37218520019151935,-1.1913257150681036,-0.30818664171593546,-0.1707538838712841,0.8769722919454465,-17.759715067297044,-2.7241114890571763,0.5375340215355948,-0.5726620232193281,0.9192373728348073,-1.5226460221060965,1.6831427558327532,-0.2896421732370551,-2.293018934817858,1.4775125107918456,-4.094716736270202,1.5040788038163415,-0.5912153115184317,-1.012583239430949,-16.1423375619123,10.805759198233435,-1.338762662849152,-5.828101994302216,0.8034640946973735,0.32525525776975206,0.971464241858519,-1.649844115837436,-3.1746929875446797,2.9991611443406514,-2.5068904636757674,5.666509202794822,-2.3378460159573935,-0.9753538468242915,-9.971096207515496,14.903549514846647,-8.351832156094074,-2.204509372135605,0.4154321495632264,0.859792939091475,-0.398168972705056,-1.2645066675503176,0.9043875407908675,2.4198636257236243,-3.2775892432902047,4.722818129625308,-2.209948651235713,0.19630527870961298,7.270231481935952,15.339214943356906,-8.146691411067817,-1.2632136233871698,1.4375000262174973,1.8314432155140834,0.06680420992601332,0.33085074769977024,2.235195830878842,2.7661159155420285,-4.887938430172881,4.705422434894877,-4.029398240341648,1.1966456239506555,4.666574990313659,14.802368470853931,-8.48459061449916,-2.458604053154486,2.4791444271872676,0.18215987806336784,-0.3252762727814459,0.5315929051388384,-0.47829653333778727,2.32759980810953,-2.1018295379293375,5.5324698822225935,-4.549123661282782,0.9413890585273085,4.48813043421853,21.256466335880997,-9.629296492980373,-2.3280281267492278,1.8635621829856577,1.0035453012637594,0.2112324186796847,-1.9232376597879226,0.10976154670062001,2.1358588881485616,-0.7360822670370875,-1.5714978340366397,-2.8939116590316876,9.481470659174821,-7.318600880409314,6.17913085735809,-1.6354001164663248,-0.5560558276885159,-0.5064694421481546,1.397769566790299,-0.3486400027091065,0.592609243210636,-0.4929795032154454,-0.061158343770665084,0.3569171746157998,0.00541189713156219,-0.596669134403708,0.44149822536997974,1.3023672222769365,1.584708170891729,-0.08224970720001368,-0.1070550183839062,-0.9628171209787391,0.8829120925836985,-0.3353471471301031,-0.7284514794021286,1.0564207281647535,-0.5275464174636881,0.24107898712385098,-0.18929258134024826,1.6741410648404034,-0.4535690723353372,-8.659056745359628,-1.6692619128478134,-0.4521153517756246,-1.1107699904804995,-2.928781072146691,1.510980383222962,-1.2823616593144183,-0.18067556668986412,-0.1520423001984506,-0.8653651324084516,0.5676648678120733,-0.6227798192346605,0.08021074688297566,1.7963478306079959,-0.5648838796533708,0.6182019506806453,0.26146684901446654,-0.48152372177765496,0.3522305853911444,0.2936587361973721,1.932750354440595,0.0349251137819675,0.6720228807895227,-0.38498956864961137,-0.013587377809129397,0.26560263191049305,-0.4747848450756376,-7.2533243418067626,12.257235874469622,-7.532856177410555,4.204782294532948,0.5167147131966736,-4.054743711392792,1.4461442096302288,-0.19534069113251193,0.12972774941295806,-0.4090633103165499,0.15242053859928753,-0.02905783117476663,-0.06604273275324249,0.21307385758272326,1.2225278864486315,-0.9012855294907375,1.2729649546764124,2.5715076623599415,-1.389258065523504,0.8777123411447649,0.05531148066632038,0.5774659466690235,-0.6353033973024018,-0.23901623504571054,-0.2062929615152546,-0.8571345086768234,-0.000169244689629788,-0.07983449028298943,-4.697172421625793,16.285936161706395,-7.359003154622405,6.290200639253149,-3.43637046661288,1.0951960505571001,-0.2412952987494354,0.306984406795559,-0.1581419816360856,-0.8064506376781544,0.1902771572504845,-0.7684603182468014,0.5285854933236882,-0.25248227862640255,-1.190494879534401,1.1129010477907408,-1.8261829411600137,0.3916484543913335,-0.5059028062234979,0.2629239386616841,0.36177174040798593,-0.1263301246393154,-0.06507281385734419,0.5508872008780323,-0.22781265238135961,0.20506773014291652,0.04656500679941335,0.41961882411843565,-2.5149593679439857,-13.732997567009267,8.175421863021553,-1.286802196808241,-0.9160991410965756,4.46849385991285,-2.3108929082156613,1.8807071355719798,-1.9298316981691797,0.3727078362967588,0.5785130893798667,-0.17369677654900356,0.8222051885031407,-0.574220582149531,0.9367236333842901,-1.1475587770842473,0.3962881621966,-0.8300535534729715,-0.8344986932490145,0.3574822012000061,-0.17691815342840636,0.8763313139771377,-3.0924036402080586,-0.456573520116757,1.2648167609560952,0.0921856605641699,-0.09185134284714555,0.24289795800204986,1.324081466731218,2.483294921829511,-1.726108552708287,0.7620273950549726,-2.0266593523925422,0.9155002447391843,-2.268429262709756,2.395588326387049,-1.937923989884352,0.6467948285580061,-0.5326066681804903,0.030055198175623007,1.0405074897331958,-0.6575151273984045,1.0003596516845155,-0.5593367726314604,-0.3199212646762251,2.305701006459296,-0.6959847259588305,-1.0396953894284915,-1.7730094517763357,-0.4027390770404253,0.44471158768550395,-0.6210707491179674,0.5345573138894454,0.5115687195000174,-0.059938585723201356,0.666083871125812,-0.0945213529410488,-8.259843481199153,-5.42542196027704,2.8557827326683354,-2.0402902142716886,1.1927123806732638,-1.5235486864068841,0.8986485159404717,-1.0859136380642662,0.5656787983098465,0.30653632306776263,-0.8619444683322919,1.044630132282112,-0.41364485430830283,-0.11864942242125534,-0.3661418909346322,0.9375486214458663,-0.37368408343297443,-0.7298854626637861,-22.95119658266893,-34.68827978049868,-28.936496149570218,-25.591140338989955,-27.86564554349493,-33.495769391362835,-29.140180256893938,-4.138354233156571,-1.9769434141417355,-0.4451780459802604,-2.6273481475187497,2.6588935177443966,-0.6637601111710671,0.27175536779638443,0.9435310341788952,-0.6973557185090262,-0.6464407294142639,2.380634590207954,-27.52608143983999,-29.34360474308191,1.387788395412331,8.59433168022002,7.985538728116398,-8.684359593471576,-12.12565484849638,0.3782059409416895,14.326663578134143,8.706683470784553,9.768190781135166,-9.967073059253112,-9.792157169439859,-9.666716782195024,-8.155492726901112,12.932326388972486,19.05781270846206,3.4589679535602125,-5.559636126276565,-23.221256376652352,-6.560244062540223,11.200705005157843,-1.8051741301057642,-28.11307667992117,-11.48174857304817,-14.369665397884745,-5.546095356160693,15.196259902458689,-1.945410807213236,17.288292015652676,-23.20019990968779,3.87881103475308,-19.946031864260434,7.295583076001721,14.808930844530922,-4.762509668612077,13.927459967416913,-20.42637071349302,7.395558829735614,-19.60849776452087,9.821168133902056,8.227887875161429,-0.7893276845913181,18.989045736054685,-21.028865221688,6.220671687260419,-25.262459423323183,7.564216560457339,2.1564990459556936,-0.8552894533655568,-9.020322923398798,30.489871889161883,-9.619545916625079,-3.4204794574379704,7.817835710009468,-21.639360240023993,22.596104272957263,-14.073801264082624,4.270590982279359,-2.5335890125891902,-12.78964845404241,-0.6713967485429627,16.443108312276063,8.944884547439035,-9.451443560070544,2.066074486219436,-13.326835298132053,-12.476926276572405,5.236017281417514,12.641502941441873,-0.7843716310287312,-9.66266141781403,2.069352780350821,-14.824390916739063,-9.48431673626681,6.243668588417662,9.738036655988523,-5.144299090416255,-7.761386733500552,3.4567973273635597,-10.176997880668138,-2.7360816258228278,6.2659851689147406,0.562172639703442,-23.760632657403203,-0.6659198594781096,0.9238124411936165,-3.9086344583059414,-6.271479029703645,12.847367070740571,3.314238453002524,-24.769800231450837,-0.002664759917770527,3.177394023605432,-8.844154997976943,-8.715485877358033,7.726640463532971,3.3354975448070077,-23.4632635033097,-5.540848143907433,2.4090270008173205,-5.432030998804118,0.42079725124854,7.230647304502268,-4.403894875518795,7.18754036217059,-4.577611590980632,-9.442487825288248,-10.049869047453143,2.5583037867845495,-0.3062766219766253,2.016510601504767,3.2333800050761097,-1.4829018927437958,8.558983568889165,15.040667353785004,-13.671470726729497,9.709668362056725,-2.180383193546606,-6.435919212410661,4.00321446492173,0.6622109293221076,-7.245733634853624,2.948191487557041,-6.732806117920582,-0.4575314758115851,2.023446910470742,-1.1596550414780509,2.9756786905939916,-6.202169326072323,-1.0082527651084952,5.644535265370782,-2.9027412612942376,-0.07766738544693409,2.801957376009895,-5.167047386039263,-22.027689874326683,8.43814661228943,-6.925097153422514,2.6347392859569996,1.5649362232471669,-2.3654490533539945,2.805299780713181,-10.371356791023029,-3.517162055908652,2.8295621792451646,-2.2549399240293146,0.0219828924326613,3.0662609030832257,-4.649194177931842,-14.22852481653962,5.691821922649018,-7.066737449898991,1.7107067439378092,0.7625959634713344,-1.2926710632655707,-0.6354707207910677,-10.840491666516414,10.93027009700999,-9.370037257746514,0.9913309388137814,0.7133427349118875,0.6368563488631098,-1.4365508843577572,8.440486298859932,11.725205409830826,-9.85074644489827,5.336909421003973,1.2001444531132996,-1.7903617055377423,2.2106171707257647,-4.041011324838179,1.6323189967955252,-3.229465858915176,2.322495645022748,0.5844113226388725,-2.763053903218598,0.4888223586503891,8.547770940078006,22.38753415217573,-11.556113971388024,4.4531808212165735,-0.4226442005059207,-0.1980637473960078,-1.040189623289626,-5.507451856911313,1.0612720648303569,3.3205476752344962,-1.8521430738579967,1.4145495850482126,2.204463889647275,-0.6429516394716961,8.179396117773042,27.22145910158966,-14.1460062019511,3.101959584138163,0.5415704467974921,-1.2440330757700713,-0.5342806464475163,-11.369758578358004,0.5909978778915965,13.394370595921552,-1.8310891745002704,0.4312253359228078,-1.0226552103225939,13.759541804011429,-2.1088017890902058,0.7196532159011844,-2.657755684436809,1.4975920136928393,0.1446830522793195,0.26404015059350966,-0.6891132910885948,0.9195168623156198,-0.29472912286889646,0.027310855377799016,-0.2877696846621625,0.6368246608261429,-9.201688885897406,-3.678466831832252,0.8862473057675782,-5.2128796649208216,5.483906332935972,-1.538148118251371,0.48677661387556137,0.4486239200668113,-0.4091442455950992,-0.10669638057108508,2.0920387419554762,-0.4720275507316591,0.37530636066073003,-0.5703416399261918,5.889307638889625,28.90963746860582,-8.831037455743605,2.7502660167889834,-2.284086730741912,1.0257635515956287,-2.729662016776452,0.7701485338752128,0.422186099502536,0.005443154364619021,0.7614233660014309,-1.8689175036315464,0.5733795202365916,0.05638316809608734,1.2879823982061798,12.309951490485657,-5.7872411934433625,3.094523531538762,-3.8347891099945057,-0.20818790639441404,-0.28729390630139034,-0.08198935073476525,-1.3180475786476642,-1.0552467871944236,-2.064954563828599,0.5922680433557913,-0.551878007779642,0.4242666135151581,-0.3189736701236081,-21.44091548620235,-5.595156752622351,-0.2995777660915935,0.9193003066605034,-0.5305024282986542,-0.9726444682413862,0.14775305342373687,-0.15166502669615986,-0.8538561042617434,-2.0022609867401022,0.8561318530924648,-0.6447677343799945,0.5502798892279235,1.1247829658466815,11.556099100427987,-8.47608342138887,2.6748908747732076,-1.9260299047058351,-0.5850749766666384,-0.42154238948448364,-0.49158530618608987,0.27520931912956914,0.023323093665646367,-0.7831055506091908,-1.2300451260557685,0.09997338358921762,-0.12962595729519635,-0.13546009754090063,-16.927979620053,-6.034587387061112,0.714074208523208,-0.9920957841572551,-2.755241830578404,0.07932187890198941,0.4230645034305481,-0.5106633497640789,-0.5033969646404667,0.601368971248393,-0.16476076370596976,-0.5995746687265535,0.5977298183952426,0.029825643533803212,-4.59920295852723,4.896375823277858,-2.482521145055017,0.8450240611450471,8.028369593329074,-1.5923969471518948,-0.24959365089543206,0.9257928954199534,-1.6429388060788341,-1.7822936164321408,2.595913239754252,-1.4471790597889804,0.17386705900943303,0.0004912158162978034,-1.7574726981839013,-19.46231376033282,-4.571241421082411,-2.9415060242676145,0.50368056919804,4.558904740987311,-0.929287104966653,-1.4245894036481177,1.268383168107736,-0.3405908271155007,-0.12433002045093723,-0.301415907414148,0.5948627197084279,0.09346876854586994,4.1641236486277275,2.0381883925867856,-1.093516376325494,-0.24289107202109966,3.822424428606664,-1.9215249634588825,-0.7555918774879464,0.7325529348377781,0.5121089475680568,-0.8737434980072932,1.3016076076628382,-2.400995345655581,-0.04123132245152039,0.08494816472813599,4.706099581589412,5.6043511768800025,-5.922589660091273,1.7803542788679259,-1.6149928816801387,1.5052950268415646,-0.9043422067713048,0.1910788945531631,-0.10686244323601345,1.0183241720768417,-1.4523057716546521,-0.2793325838584681,1.0907836110923055,-1.4905827493525714,-3.2255576541325452,-0.9356790867038627,0.9505687181568329,-2.7360634113474873,-0.9697652303689598,1.3088700504395239,-0.08912504018702806,1.6774500517016497,-1.4002891678010136,0.5355713188680776,1.0456097128609096,0.45705272230075705,-0.8024443314370274,1.1230664488367021,3.3754021856557648,1.8810029268185007,-7.748421157146444,2.0307488659642967,-1.5065951682197938,1.5906413739729015,0.21938747695406383,0.14587612314063697,-0.4156541201830936,-0.04114077414340021,-0.3436623969936547,-0.9921880985318612,-0.6141682312410893,0.0884303220113899,-3.656636023219841,-1.7907853205281146,8.062805654737238,-3.6987192996665033,2.0436699672490164,80.37320740089501,91.37532168817239,85.23767827684198,84.6437851965888,85.45139447519499,87.71548468984139,92.455936232738,42.62587359156194,52.25369792434579,37.35516472404954,46.455378914936325,43.467012446101606,40.064966548970354,46.62587370951085,35.64304756305857,52.83115575747201,34.739125352574675,48.80841103027959,38.601981059780265,35.3310273153927,-1.2746975716632467,-5.7486522997643235,-6.589260358642611,14.190777842598354,8.918023968524988,7.534167019774127,-2.31469920200169,-13.670374365128763,0.023655365181752458,-13.002428613842676,10.67702799670888,-9.25360991223848,16.188495516496918,-4.030729538463253,-9.865093513914971,1.1187259294818497,1.9264819958888566,6.441530926929308,4.4909781912024025,-18.834399614453368,1.58176533873529,23.369993706535052,9.946692113269512,11.7622775807866,-3.242440241951467,-8.059187817413935,-12.90009666776508,-15.723296645326776,16.535753287536487,2.3564461840722193,20.462743281802556,-9.658443922400894,-6.856669446070527,-10.791723710341568,-11.040337284645116,12.294628272067666,-1.1186037046827968,17.047788370244028,-10.678139231421426,-1.661165726559471,-13.348386103410792,-6.434001027683587,12.640948220349822,3.722773909838416,17.055542411221165,-9.965002380359032,3.2195910228529536,-2.042760261725856,8.200901757125424,-21.29959644803389,-1.644917966060945,2.4572942150940973,-9.743595655346429,15.684955067121384,-22.862938319475827,2.299975691380207,1.7627491480120443,4.545786840471176,-5.050551596046276,-1.835856422191824,-12.632641742215787,-14.75090487108745,5.060014191968545,1.391077547822163,7.2590284260344315,-4.615216957819859,1.1453365348104478,-8.447245968386508,-2.8631335345518547,4.3361124162444105,3.450360841791365,7.8193077665771575,-5.850023361150875,2.8704518580495497,-6.000756479356835,0.17310773570520654,4.172236144895209,2.455174166232616,3.1176156276601836,-3.554145445707814,5.915403458954918,5.314873372165656,24.624727451656558,-0.6640542315417881,3.0957773221173848,0.2994247932274243,0.41755240023775203,5.933242038032711,-0.309037020480014,24.37205939007217,6.379706777120993,3.4583373462066023,1.4147217560692893,-0.21682695349894668,5.614210043685391,2.2159594175919635,19.261610441534565,3.0058856941519463,3.7931622837245493,6.562094462320969,-1.1772020044084142,-7.979885941190549,-1.2653812609142814,-5.646625937676269,5.652868646144706,25.056645950073687,21.67507878976307,5.547098684398073,1.6059970469571485,0.6095202580638611,2.2914847801994975,-1.6265502493499837,-6.307191725228642,-11.52433200809452,3.70252459293122,-2.3105851439351746,1.6933642383716614,-1.507608268522192,0.4529178436027633,1.4884849018172055,29.536723713691636,-4.801316457872894,1.5158072014290933,-1.5002679378689734,2.9625785049658284,-0.9399243816368599,-1.4400468415589756,1.9180387968933499,3.6169200666128707,-2.3692049500857713,2.0910806285924073,-1.8360095298879135,1.1153097055263124,4.21359297613042,23.426903805187656,-20.906422916014165,6.2280100539713015,-5.9682562017980425,3.3452703608094345,-3.7450015413977487,-0.6858064138204333,6.206898276003913,3.0184708648321457,-1.6316571151618222,1.1928718300694983,-2.792886967688021,1.3962483059345423,1.5301933163042651,12.138485502204464,-23.408079929147476,7.005621809661857,-5.030433528991895,1.9046422553594964,-2.427278649384501,2.333264560349138,11.117109229494005,0.1623028764910517,-1.449211731635851,1.948919040707561,-2.521308340212138,1.430799076206202,-1.1756722417357675,-16.948967453309788,-12.449321349104377,10.370260634898274,-6.106851007764508,2.4911604336498967,-3.055434778976354,0.26162604999776945,1.0528486869898903,2.0572125842722513,0.454854117155292,2.5267538795895765,-3.6039276925033414,3.3777746835990947,-0.585610192164244,-10.834497967284262,-15.102523415952852,13.245547449949118,-4.753521626870314,2.0361014834397553,-1.7059021243004133,1.6381130940027415,2.3446582194213037,1.7858116290765162,-1.0724000310859703,0.49222014213589366,-2.2723341646537314,0.8822550208046962,-0.9235622008436433,-15.434633724943298,-30.953077543809684,13.436394639770217,-7.024909847962878,3.5354257124953854,-2.7828012307118923,2.9113433692649826,10.766115508101924,-0.6423387129978586,-13.408612326267534,1.4879791165281055,0.8438667469189657,3.9778490168645058,-17.350745300187025,4.889412976223253,-3.5182258227316723,-1.8329720463319692,1.3179553459713802,-0.55229631487343,1.532795492035673,-0.811248444849901,2.2684537120797406,-0.8036452984728127,0.6806875611666462,-0.13114454082005775,-0.5391774457970901,8.634667626117192,7.282809215882546,-2.7315581280588113,-1.339157138324088,-1.1560185969222234,2.324915036004835,-0.18078081313498034,-0.15695354568070438,0.08660508648014979,0.9778764681873241,-0.5737394811099855,-0.048512525294124316,-0.028929592067209537,-0.11055035982759845,-5.765307925870395,-11.276540693202188,13.296943095112713,-0.8006061261196579,-1.148190586620534,0.6889724923258798,-2.888193595523455,1.636195063317628,-0.07348597408308757,-0.681341955639848,0.6022592979357394,-0.16106823278578994,0.06971246075971156,-0.30840425887035233,-1.1193402606047886,-13.722763466887907,5.717257412750233,-1.596454309457794,4.773666065346484,-1.9743151628407536,-0.11242291894270903,-0.448205369674641,-0.7645426097474636,-0.3729328676502638,0.18364261187091363,-0.07713868422795117,-0.10955058907918755,0.24222231286557386,-1.1948002814144703,21.471944369006398,-11.697822370798704,5.7774558275382075,-2.8434523978715567,-1.0940804491343123,-2.743866702776652,0.9801520039644599,0.371461594398963,0.5293692172021558,-1.4979372890491618,0.9056216759544521,0.08555751218703882,-0.5633838509330812,-1.078536657161675,-13.423920285142698,5.715600293318927,-2.5076477535759576,0.6110706579010599,-1.7642564995926633,0.07249662947797474,-0.8545981941424685,-0.29447028916530277,0.6696511546868837,0.3264534460255604,-0.12507620743304776,-0.36911350956482136,-0.05869959703451871,-0.19836124116791576,10.65785287420194,-18.426680500780034,4.750282428379848,-4.580811577944689,-0.08237371261654307,3.106594966969463,-0.6355558987153627,-0.05154896053319763,-0.48699454437261047,-0.2671356426057578,0.2881589586323355,0.3487734676722639,-0.5398767567994134,-0.1479178642577293,4.572113892003337,-6.231106069050426,2.2276548264883553,-3.14066086508413,-3.8484998643694652,1.3601178325057364,-0.8587244431425053,0.5972864202517982,-0.594534607221677,-0.562150149921048,-0.4353120486612286,0.0325511636058437,-0.10630155101336693,0.4327436086693231,0.8076847286703932,25.241150521594736,-5.164284734468261,3.2800697165541273,-0.8514811724668814,1.0863224759726093,-0.4211732873526972,0.27477343291706946,0.17880366508526427,-0.5933610066686783,0.8822457947004275,0.52125921573143,-1.1764965662015405,0.10855607752422917,-4.343867011263172,1.3719879565237048,-0.6231844291201449,-1.0672747939216178,-0.11595234083660719,-2.1541857333968024,-0.1314741934844463,-0.32048498988363594,1.4223140438400919,-0.5206389392638716,0.00605203123545996,0.7931323440918678,-0.5839761331764084,0.0753730495842741,-5.069089755975923,-8.050849142392856,-10.399858539462283,6.731977397686766,-2.8966758234405927,3.7861045897751073,-3.0187485871561437,1.803770301241628,-0.9975032224814533,0.7123569007814772,-1.3410313116283514,0.6602139987049124,-1.379179333442538,1.2814108253959804,2.493945940685768,4.041392667849119,-0.7310046847514444,1.620277830346274,-0.08050371245673846,0.3963190137886381,1.2644571457140297,1.18322896219608,-0.6894520102469185,0.4322087254576854,-0.27367541027809,0.5947377852789306,-0.3035486736261259,0.981098495554635,-2.199364278370234,3.5974179600143903,8.715758221784236,-1.5046339109928268,-0.7998833812330255,3.0824369106680565,-1.5523070687443319,0.7980583430717799,-0.888956192503113,-0.22730309783015842,0.4397640308956141,1.1051941903247637,0.1363701866378909,0.07910465701381092,3.606070737143404,1.7948530202780018,-8.040618008717544,3.6401080816778726,-1.7608280939315086
3,16.927662742976608,15.372205867069551,16.69782232205468,16.327271879143975,16.962188699224253,13.971344558687537,22.715365491378755,-3.571645333880447,6.102248437123867,-6.979644345245009,5.293828313711197,-5.994242701426881,0.9630125632138997,2.521730200395298,-3.6946873658308634,4.167423077123069,-9.17987491366255,10.7947401172262,-19.9131055786741,-23.711391560098548,0.22971376439339913,0.7041156104249225,1.3290772657506376,-0.698421758647469,-10.213638015048296,10.057928579441842,-0.2755014286088564,9.663633893592573,0.4751292634052468,-14.400656423944117,0.516440453234757,-14.589613808061657,12.140506657616477,-1.271911461812123,9.626153351983643,5.0845863697845965,-4.727930162718041,-14.324980496318068,5.613032682359045,-11.898609623415673,-0.3716890568950221,-4.579373055890991,-2.19994014631516,-0.30054668710280985,2.2058731655516954,-0.023908652869552918,-22.201215158966672,0.18832657312076928,-6.6618525861779725,16.296003222581312,5.3215824645651635,-1.9483200249180186,1.286396614017762,-19.945866052509533,-0.546017919264663,-6.21146677377038,22.315591615774068,9.875114204336128,0.6591665637427547,-2.164216822677449,-18.689027275972464,1.811094262212945,-7.605105544882512,17.365933049515903,-0.22624174080414874,1.2626702682263953,0.06984426082592893,2.192147293436229,-5.684355212972107,-0.834686353495361,-14.745048231814637,-0.35932774775845017,3.1653857126524794,-2.1783005707186045,4.431321664562454,-3.3137868857699573,-0.2427890620934208,-1.0908493849753107,-0.44539654701586034,24.311646764268627,-0.979885528539758,-0.7189159881313906,-0.10325608384633575,3.8383752647898413,-6.636667305469814,3.813010297553618,21.440420611293725,-3.4290009716663294,1.9579818841802272,-1.6360695821723938,5.034826322495278,-5.476939717688999,0.8835979773081655,17.20770901117658,0.8116179098815076,0.04469974325311686,0.030886719520816924,2.302018491912485,-5.241085265581885,2.3596247059998947,23.915803331810494,1.0631941841514647,0.3940970235795437,-2.20623756867766,1.4002176835375628,-5.003377122570351,7.985319407225163,20.23998964304222,-7.612358540497928,3.9557659424351046,-4.118103276871903,3.421793713624102,-3.776360179084842,5.54532006898034,15.190233015520697,-14.98690271077734,6.056887215930258,-3.476127108221045,5.4688335694662324,-3.7103455928707296,0.9515864197845663,2.714512185469921,-5.762893456066566,2.86460084452738,-0.3277858761739163,-1.4912422209029252,0.33411452842166084,-1.2920496412657134,0.04547631956280293,1.2557323318628815,3.7679402084309785,0.9153488394794086,0.05081659197480343,0.9779389440003042,1.564310641497588,-2.310528741086992,-3.154170264837317,-0.308380958539368,4.753406183759837,0.828115012482734,-2.9023292821418387,-0.37768615382124765,0.12548344464578248,0.2695598655629521,2.0621005613805665,3.2060416676444032,-3.4390686674946784,2.181630714621783,0.25621434030774537,-1.1671863300938259,0.8844553807967589,11.71549905920743,2.4308425811874517,-1.2609349807786818,-2.415682720060422,-0.5247651683120891,0.4527311389475678,-0.029487285017890445,2.552579494902241,5.972393085067632,-2.4681385414007644,0.9992335366193607,0.35101957258343075,-2.2187997710852745,-2.6679900403725845,-3.66101396345579,3.6974900093801266,-0.5022214019042583,-0.40092467650477087,-0.639186800019175,1.0833216208479888,0.9097485710372855,1.838639725795442,3.3991387635585384,-2.380546544889485,1.5991745290941675,-0.0010867366927428262,-2.3981778344807223,-5.292020395649744,-8.563801120997143,6.5933976226462185,-1.2039098691431795,-2.7346930269616254,0.7671859564560772,0.4989010911602593,0.787442642925949,1.0925896995067592,1.4709845206079115,-1.8953023772187065,1.1816220299937286,-0.16615125547465748,-1.8174302938189206,2.3738242722365293,18.235172611713196,-2.732721174791554,2.2846453843564847,-0.05142112989869384,0.15325220663300154,0.15428035094935516,-0.24018008749750006,0.21115817007178056,-1.4315665522995227,-0.8597524633523106,-0.22986754710427906,0.18300215351007143,-2.0454401386368204,4.2658381909018726,16.273491335661348,-14.543074901007397,6.170101203967398,-3.90764397941411,-0.7084493433630409,1.0989685413948305,-1.23512525959095,-0.4541365196416228,0.5043843229795064,-2.9994919413436745,1.085273610950717,-0.7157769178162822,0.4941218800781323,2.695785315510802,-1.7272110248752166,-0.14112610639004106,-0.06325852455221913,-0.8150475995671895,0.2546034191642666,-0.16230558167815784,0.15614049672857033,-0.2857098072741076,-0.6442409794492905,-0.3018556197677858,1.3669420863940578,-1.557454108381509,0.7858211888018178,0.020873607022175118,0.1625817559094247,-0.28242141106065044,0.0826180025932347,0.4669118223561793,-0.1419155558377804,0.05396407025429564,0.43400665749514933,-0.3442979083167369,0.6791097693496755,8.598877767353182,-4.773504944676409,6.205144683133778,-3.5662101020581978,2.9756650223570085,0.19245022114821533,1.8384392300033021,-0.3833996952785129,-0.8235495352519651,0.7895872729224814,0.16373981879842647,-0.7144097503406985,0.1973150836558159,-0.9534338071569457,0.26050701337326504,0.4693890321384614,-2.0199615774713484,-0.4175785011872323,-1.2588024077295223,1.7031186704349888,-1.027557647903355,-0.5120488266116201,0.3311262453111395,0.3188948277694642,0.551844308961447,0.19994878357137563,0.13029539248853356,-0.6524612193577146,-7.847014406012005,-21.019758802269127,8.593699255211002,-3.504912979755976,-0.46814416060424124,1.3622495541712432,0.07013062642311156,1.1721486733559316,-0.3799026831800978,-0.6614099983690328,0.565470396826547,-0.5817696130453145,-0.09697309471185646,-0.7562152281547664,-0.26186053356543865,1.890917965567796,1.728743766007785,-2.5958783536177705,-2.4947242956343456,0.420028555561569,-0.9565713805295658,0.40094938378680534,0.16401278506511688,0.20017432655470088,-0.15604708085047556,0.42258320683778405,-0.2853214850170159,0.5279211042942076,10.812761909307898,-0.7510765469108477,2.5811137648723372,-1.896433776386296,-0.22551110168034583,0.9134632765786316,-0.4220581790036622,-0.11281489562629633,-0.41663237193825065,0.38352715236116547,0.03772542134534944,-0.1347685712547777,0.2529508033579079,0.3034630926633512,0.48045365216184677,1.2775236782554305,-0.5058310429169911,1.787546802062301,-2.0485335793650306,0.8656970586649249,-1.060326474580486,0.10033374537189647,-0.03179600703858497,1.8094898738565506,-0.48189305293446755,0.6197497213335996,-0.0483329637755406,-1.3354451644793195,4.487653142948569,-0.25954584120085794,1.9077560139366347,-1.8746183689833,0.8083280709099816,0.8569188643362567,0.029889081185888712,0.06862834700738599,-0.13208601578096077,0.2802368937407544,0.6611351731781984,-0.17802890540112729,0.22627581934276703,0.07359693681046689,-0.3315726758217776,0.45395292162283823,-2.0584050832455616,1.3031973289044516,-2.4498892297335937,1.4761262933629928,-0.7678433279528544,0.20757545602846048,0.05844500234508886,-0.31483739766735225,-0.1384776897677677,-0.5201894960079876,0.19317416656729378,-0.1188602559312903,-2.5003591620114336,-5.86954650380657,-0.24376172646091923,0.24946205108118213,-1.931899914444821,-0.9618888852873283,2.2120810686647623,-0.3093624204551371,0.904492298504837,-0.2646450919255527,-0.7349388414617838,0.34258675698208263,-0.42614932668683647,0.31240767938335307,0.7945251340630806,-0.3393803616280123,-1.4600312222059044,-0.14473425718927527,0.06771610723429433,0.70759159716392,-0.2710650782091409,-0.18203678948290558,-0.875892111030719,0.03713551565737586,1.5187840824438705,-0.3111492887758161,0.49949107256523784,-0.4490859818587624,0.07785276864448488,17.58070446943137,-0.35214588207135256,4.892336767906817,-3.5470401138663776,-0.8361103334307798,-0.640955341667949,-0.750255694160811,0.2227398343330735,-0.1952696498044095,-0.03288843197082283,0.02301328955198227,-0.5855567206748475,0.22558496598120092,0.15091815254559576,0.3358605443946744,1.3763032386844671,1.7039416235451834,-3.63973571642835,1.794556595662621,-0.4622523462408655,-0.4091338333233786,-0.018990255945623827,0.610866524008764,-0.26359532520210216,-0.29935917246658983,2.8542391276150934,3.8400580743474837,3.4552311664258424,3.241186934975387,3.5302995088850886,3.9667371470934034,2.745379640464547,0.32720065204782367,-4.729747961243799,2.4940521391993657,1.918665173846473,1.3813165660971571,1.2310189710236752,-0.9101954198793873,-0.5377023637768814,0.2919653527524767,-3.8994577880697907,-0.6675815385374873,-8.752457929856003,-9.18814959583646,-0.03264166430147365,-0.11662571874796913,-0.09368495356784964,3.486475354035713,11.48564537000042,6.182354744636624,2.108070367850029,-7.135451725102418,-5.733528347729471,1.8486343558262448,2.1820417022809635,7.142181234985415,6.32691670171374,3.8172548107047217,3.153429965938708,0.15943693276591653,-0.13007951255268707,-5.051545839497863,-3.1267572405629256,-7.432985063909365,0.1671403122962595,1.5196282188682393,1.0851978598537178,2.1749493995287734,4.939375957342126,18.561160489074997,6.370147856894804,-9.910921852263822,-8.999907387969076,-15.788465093317544,5.925904553697086,6.537267537381571,17.767447590635296,7.193018096419893,-10.04734275179282,-8.50969246553705,-23.27834770227574,6.060690618425734,2.501121390791741,14.027833626262714,-3.528457364895965,-5.7690792589619,-4.987223417176224,-11.971785800754741,12.051503087669047,-0.5372959387372794,2.209672479643833,-1.7590303592903473,-3.001901622439646,-7.297164808373485,11.631352481134565,0.07567814429832176,-1.5960326610067357,0.49648063609516824,-0.6164248745125005,-0.10283957057979567,1.7905815193998098,-2.482265160915917,-2.5585299597761426,-15.797844660262633,7.05627063524231,-3.596088198631067,2.077966320487723,0.7972598323568982,-6.05844503079716,-2.5700384324566943,-3.3341185421396387,9.008912343915942,-1.9284767593071508,1.6396597394018195,2.1565495717068086,-4.0911361874248655,-0.6050887086428547,-7.236823272864133,5.734606307299387,-1.0709905095495382,0.23901497377301933,2.032753796139194,-5.204753503526451,-1.3548629280368358,-11.945850688141666,6.076400619817089,-1.2508124399871599,0.10586054181371303,-5.187958344987098,-9.423926824112225,-0.7011657251849547,-16.490697708547703,14.013859727441055,-8.619506940133192,0.5550825180904067,-3.240632889403682,-8.7004074910893,0.21040214873697172,-18.154290883031315,12.747484129010632,-5.90879191329505,0.5225151798743294,0.8517149101150284,-10.051103311213339,1.441375094411391,10.140190890615658,-3.048978379523415,2.1519519104286657,-0.1593217741888428,-0.5940948756008595,-1.6069598163861443,1.4468988737424044,-0.42646700488157424,-1.2802401489719744,0.9043875407908675,2.4198636257236243,-3.2775892432902047,4.722818129625308,-2.209948651235713,0.19630527870961298,7.270231481935952,15.339214943356906,-8.146691411067817,-1.2632136233871698,1.4375000262174973,1.8314432155140834,0.06680420992601332,0.33085074769977024,2.235195830878842,2.7661159155420285,-4.887938430172881,4.705422434894877,-4.029398240341648,1.1966456239506555,4.666574990313659,14.802368470853931,-8.48459061449916,-2.458604053154486,2.4791444271872676,0.18215987806336784,-0.3252762727814459,0.5315929051388384,-0.47829653333778727,2.32759980810953,-2.1018295379293375,5.5324698822225935,-4.549123661282782,0.9413890585273085,4.48813043421853,21.256466335880997,-9.629296492980373,-2.3280281267492278,1.8635621829856577,1.0035453012637594,0.240349627024416,-1.6037503338343484,1.1837653148554061,2.170233076716443,-0.9754507836228088,5.205703608897834,-3.7750940030524376,0.8680137621328168,6.810507309575813,21.52596801835185,-10.416368466669404,-2.026965495844913,1.9268516955842465,0.9049530771911166,-1.43272739603983,1.0720291314397483,2.2109175164039327,3.6726143457431526,-1.768149948576772,0.43145113052979267,-1.6245969113930194,-0.3635439899811807,1.3892660763243114,-16.225023144982117,-4.594865286702062,7.919665918433126,-3.7447598397356185,2.1046168941827994,-2.6480915584128444,1.4990434946017663,2.4889676756499535,-1.1424687435291445,0.1650616147724398,0.2778640945503659,0.14808968457756075,0.0976590823548246,0.4911020850647909,-17.349585461182663,-1.569826660799827,3.5772962890992566,-1.7580801332047395,2.023017881257334,-0.31594168567602837,0.46760303170885326,3.4641051173697486,-0.21363833372908972,-1.4210180213115196,-0.4077487933785194,-1.6598028974282317,4.1160183890076585,-1.2378337601076579,0.11803516304167831,-0.30809067610693214,0.19439382982274722,-0.8735218845942293,0.1872082899878486,-0.7684603182468014,0.5285854933236882,-0.25248227862640255,-1.190494879534401,1.1129010477907408,-1.8261829411600137,0.3916484543913335,-0.5059028062234979,0.2629239386616841,0.36177174040798593,-0.1263301246393154,-0.06507281385734419,0.5508872008780323,-0.22781265238135961,0.20506773014291652,0.04656500679941335,0.41961882411843565,-2.5149593679439857,-13.732997567009267,8.175421863021553,-1.286802196808241,-0.9160991410965756,4.46849385991285,-2.3108929082156613,1.8807071355719798,-1.9298316981691797,0.3727078362967588,0.5785130893798667,-0.17369677654900356,0.8222051885031407,-0.574220582149531,0.9367236333842901,-1.1475587770842473,0.3962881621966,-0.8300535534729715,-0.8344986932490145,0.3574822012000061,-0.17691815342840636,0.8763313139771377,-3.0924036402080586,-0.456573520116757,1.2648167609560952,0.0921856605641699,-0.09185134284714555,0.24289795800204986,1.324081466731218,2.483294921829511,-1.726108552708287,0.7620273950549726,-2.0266593523925422,0.9155002447391843,-2.268429262709756,2.395588326387049,-1.937923989884352,0.6467948285580061,-0.5326066681804903,0.030055198175623007,1.0405074897331958,-0.6575151273984045,1.0003596516845155,-0.5593367726314604,-0.3199212646762251,2.305701006459296,-0.6959847259588305,-1.0396953894284915,-1.7730094517763357,-0.4027390770404253,0.44471158768550395,-0.6210707491179674,0.5345573138894454,0.5115687195000174,-0.059938585723201356,0.666083871125812,-0.0945213529410488,-8.259843481199153,-5.42542196027704,2.8557827326683354,-2.0402902142716886,1.1927123806732638,-1.5235486864068841,0.8986485159404717,-1.0859136380642662,0.5656787983098465,0.30653632306776263,-0.8619444683322919,1.044630132282112,-0.41364485430830283,-0.11864942242125534,-1.2855481676968574,0.31915952204341436,2.6424713543550555,-0.7892176054663544,-0.4897533325619704,-0.11348041932214184,0.35101397382710275,0.18271383804654817,-0.4048176796426193,1.7335711556787639,0.2553679167967603,0.0539498289396411,0.24389003099280465,2.609156197767337,3.6080793984409145,0.3648376219049926,-1.4628397278363219,-0.7994837288502248,1.4358476627022159,-1.6903785591145564,1.950302903466412,-2.103295416705658,1.4498315946873022,-0.434910560648622,-0.6778012502953006,0.6176900890696664,-0.8466289667228668,1.3676348357464811,-0.694047776688554,-0.0031463198763432678,-1.8163868918244437,-0.38848508953393035,-0.03482694304731556,0.20996061969633106,-0.41220106857563077,0.7631988409982119,0.45007133828225376,-0.059725947025882346,0.3224792350359639,-0.2966169401211412,0.3078806432615917,-0.3349980917549836,2.4203898157665744,9.440697235903315,-13.790121929782304,3.589113527457494,-2.251738274707523,-0.9647330569158128,-3.0970668894057876,0.6337590510945188,0.13945110387475698,-0.537918136161102,-0.6038182865777,-0.30543510366296706,0.7769824412172652,-0.2873586441260657,2.2838399096395863,0.32637681712830185,-0.8155716617746659,1.3054225679802203,1.0555341231888171,-0.23265364957632506,0.26712972264153356,-0.8191342484746784,-2.2813570193674204,-1.117564144931206,1.1183296828926772,-0.2367660437542983,-0.034251628018577694,-0.03006459167583584,-2.0854371948313073,-13.950579926439318,1.9569893003089351,0.710328992797418,-4.1734683662635454,0.7672574948775689,0.9141072387659078,-1.869973304590115,1.4139239154624141,-1.0389744122829347,0.6743547274247275,-0.10175532368266625,-0.37591488716843957,0.09694943932018421,-1.4962927994032704,-0.37883238411798087,-1.5149802404910035,0.3543158454046268,-0.6293157768161526,0.1283232834025555,-0.20210760094159988,-1.2806013818727175,-0.9038044138233446,2.8077821645210572,-0.2408944253491347,-0.13485167748652901,9.020822250697647,11.370197507360677,11.483743638314653,9.37606777071997,11.256411041546517,11.772008624022856,9.246482657577436,1.0289618233023357,-0.6007544652519554,0.8317300320332531,0.11430400253555728,-2.6129507045505003,-1.874844805943551,-1.9090967449183323,1.382020520079868,-0.030942508468552177,7.218345434478655,-6.996107096466357,18.87641836645363,20.841940783366088,-0.04206664696505578,-1.5016913500861875,0.28735837975703826,6.246859413995474,16.59786230480463,-7.105639265188822,-16.06009924004987,-8.441575762975495,-6.564213019524426,11.57645772557309,12.847105421486246,13.370224854416913,-5.952317813881641,-6.07853903584689,-14.370248178049696,-3.733238622783911,4.698533322990457,18.76607627495985,1.3828842888061872,3.7290259952402978,0.14079694137067858,2.468993526922518,1.2720454200011562,9.39891509167779,9.214701075311735,-0.6039058914015151,15.645716494532575,-21.564176610664006,7.796417468532546,-20.375650483373732,7.59685677108473,7.349914435820697,4.140998564530363,21.277389476072834,-26.580988926314653,6.917441980008314,-19.030485197551272,10.557028822088649,9.851777867078827,-3.232590874133385,11.095205685591035,-18.41136794370668,11.68487324103352,-11.493993725264794,11.60125702364599,-1.0959662173691949,0.384210178479863,-2.9260343663275092,4.587843368858953,-13.464733180211336,12.602105477807466,0.5556738344261182,1.377369317555628,3.6957513257629544,-0.38953384043561934,-9.370509622557327,-2.831737335163683,6.275363977614827,0.562172639703442,-23.760632657403203,-0.6659198594781096,0.9238124411936165,-3.9086344583059414,-6.271479029703645,12.847367070740571,3.314238453002524,-24.769800231450837,-0.002664759917770527,3.177394023605432,-8.844154997976943,-8.715485877358033,7.726640463532971,3.3354975448070077,-23.4632635033097,-5.544395480158945,2.0762102544581587,-11.415635833238643,-5.403133119011232,9.304086425628064,5.744430020165394,-16.392991696777404,-0.1294653716729126,2.1346852718575615,-15.29373579710044,-8.842063613279134,9.559170351437688,-4.179504020032866,-20.268596355436333,8.766028219783012,-1.285437706051632,-2.1794492752645604,8.164280389362727,2.8712271724220626,-4.041098288656248,-14.107443847898455,9.051861579788271,2.0806080453952016,-0.43279389217988956,5.816662008375074,-1.768267716557348,-0.050379550172687054,0.2379458018479534,-4.7966351508826355,2.3933453525780015,0.6362926911480786,-0.778005890076095,1.7545621754829825,-1.2803086614355934,-0.7055579836062659,-10.827835851330798,10.93027009700999,-9.370037257746514,0.9913309388137814,0.7133427349118875,0.6368563488631098,-1.4365508843577572,8.440486298859932,11.725205409830826,-9.85074644489827,5.336909421003973,1.2001444531132996,-1.7903617055377423,2.2106171707257647,-4.041011324838179,1.6323189967955252,-3.229465858915176,2.322495645022748,0.5844113226388725,-2.763053903218598,0.4888223586503891,8.547770940078006,22.38753415217573,-11.556113971388024,4.4531808212165735,-0.4226442005059207,-0.1980637473960078,-1.040189623289626,-5.507451856911313,1.0612720648303569,3.3205476752344962,-1.8521430738579967,1.4145495850482126,2.204463889647275,-0.6429516394716961,8.179396117773042,27.22145910158966,-14.1460062019511,3.101959584138163,0.5415704467974921,-1.2440330757700713,-0.5723816868132716,-12.820556538755488,2.6391998077790078,-0.3630791709089854,2.764590070716508,0.4827215332013337,0.3711445581162054,-1.8225575616328384,0.5592455774022933,14.983750430377906,-8.566670566083802,4.808846639809025,-1.148816640250071,1.0829356330649502,0.660397356909931,-11.46220719466819,-0.6156288626614306,-1.6802752004132562,3.2061283710930635,-0.5608663950103959,-3.6504346889190877,1.4995935894330106,-0.14868437911272075,-14.087513183059224,3.06279639746126,0.47627639028213287,-0.8769283496357142,1.9055711581870534,-0.43923169053819283,2.3935022765422733,9.065657754794247,-7.218334084820975,4.155694859316181,-1.2156090798602313,-4.724330199861164,5.219355630618857,1.2436933316390657,-2.1542631612560856,7.137891503487511,-4.8446490182303235,3.8386103289775453,0.1310462011974289,0.8475301146881453,5.2268216769169,10.288492485217503,-12.242105497132055,4.320237168276491,-1.4958114306578,-0.03569033576131887,0.8558245640533952,-1.2001121178631267,8.288483322808094,0.16628020549085867,-0.7226652065709854,0.6119126159839936,-0.15802259862931275,-0.5995746687265535,0.5977298183952426,0.029825643533803212,-4.59920295852723,4.896375823277858,-2.482521145055017,0.8450240611450471,8.028369593329074,-1.5923969471518948,-0.24959365089543206,0.9257928954199534,-1.6429388060788341,-1.7822936164321408,2.595913239754252,-1.4471790597889804,0.17386705900943303,0.0004912158162978034,-1.7574726981839013,-19.46231376033282,-4.571241421082411,-2.9415060242676145,0.50368056919804,4.558904740987311,-0.929287104966653,-1.4245894036481177,1.268383168107736,-0.3405908271155007,-0.12433002045093723,-0.301415907414148,0.5948627197084279,0.09346876854586994,4.1641236486277275,2.0381883925867856,-1.093516376325494,-0.24289107202109966,3.822424428606664,-1.9215249634588825,-0.7555918774879464,0.7325529348377781,0.5121089475680568,-0.8737434980072932,1.3016076076628382,-2.400995345655581,-0.04123132245152039,0.08494816472813599,4.706099581589412,5.6043511768800025,-5.922589660091273,1.7803542788679259,-1.6149928816801387,1.5052950268415646,-0.9043422067713048,0.1910788945531631,-0.10686244323601345,1.0183241720768417,-1.4523057716546521,-0.2793325838584681,1.0907836110923055,-1.4905827493525714,-3.2255576541325452,-0.9356790867038627,0.9505687181568329,-2.7360634113474873,-0.9697652303689598,1.3088700504395239,-0.08912504018702806,1.6774500517016497,-1.4002891678010136,0.5355713188680776,1.0456097128609096,0.45705272230075705,-0.8024443314370274,1.1230664488367021,3.3754021856557648,1.8810029268185007,-7.748421157146444,2.0307488659642967,-1.5065951682197938,1.5906413739729015,0.21938747695406383,0.14587612314063697,-0.4156541201830936,-0.04114077414340021,-0.3436623969936547,-0.9921880985318612,-0.6141682312410893,0.0884303220113899,-3.656636023219841,-1.3328809011873692,1.2960468677195562,-1.6045020790645408,1.0591231056251629,-0.652370433004119,-0.46237983098613883,1.490795474094211,-0.6109371438946788,-0.1529101622871858,1.0182223985250274,-1.7436852834635825,0.36558131565959956,0.2135211021912265,5.522410205586419,27.77549619178824,-4.8149728046685425,0.9605196891008169,-0.7514220274744143,4.000089627119929,-1.0424980927791563,-0.08514102990677148,-0.9217854435263679,1.8385472150649986,-1.638635920258094,0.47508975814552945,-0.19192992518775331,1.6929426563870038,10.247154495509612,-4.372772872720266,1.5293364249225434,-1.8853718338798313,6.295339347476757,-2.209206074670443,0.0059623734732600735,0.34305227283684836,0.1780854239572542,-0.43941580671371866,0.1359516538736929,0.3103967042384364,0.06046801323797173,0.15706541969600915,-0.23289363252521197,4.348183600492145,18.204705145777158,-3.568140832957237,2.2440204149768026,-4.7338227934696855,0.5314455490763534,-2.0617522155795274,0.39200064427867304,0.5173554029662828,0.18422905953629085,0.5195115686741361,-0.5995733969846494,0.3410593651129077,0.6286104042007976,3.9770522459917803,0.06245765063010633,-1.9066289878194431,-0.2511583116956631,0.3334234454913112,0.1676598048757508,0.0825646722514585,-0.001820547546791678,0.9248736526977849,0.43810389204292555,0.0687126361622143,-0.5334319671647993,0.34099149709435295,-0.5540728430688932,-3.7450261481763634,0.3617463118662388,0.9098616905556193,-3.892840619322083,-0.6069915976208731,0.4456823324391621,-0.09780101600903299,1.746610624651729,0.00919077627717545,-0.9463641631281776,1.1839368976845814,0.23494921299312224,-0.9533216249859778,0.6857784834385908,-7.907338991958669,-1.0446692984584067,2.787975387125249,4.0184016499185535,-2.793472998369548,0.8319167547552754,-0.15497863288009506,0.5990805351576495,-0.3818665639766113,-0.17794990099702412,0.17672950987353336,-0.5587864774289413,24.204913634837375,22.744014218658936,23.416778224912942,23.254937275939696,23.157422106253257,23.290556201136187,21.472334780299416,37.39314806743794,41.83975299112869,48.09398832573951,36.8677039891994,49.67091305767447,34.306248964941645,50.93421426585416,39.22550040163295,44.08229759082965,41.62201668428749,37.65727915329486,45.452746353906896,43.100238992978056,0.06922013845489795,-0.07853622729942261,0.0015723061271220931,-4.915801956526323,-10.35257604657339,-12.635077163567857,19.225056663644857,-6.761447463178446,15.079402287319754,-7.136785988613312,-8.470935508418174,-4.670401402551614,-14.642935074142532,12.50902307065573,-12.892107908979137,0.5979133956370692,1.1413698416718814,10.745178784447878,-10.39670591892238,14.27225137375208,-0.21889547521800207,-1.8352443764096258,-1.3209398556075571,-2.9260008496629983,-2.286180951031403,-9.751633685996806,-5.75789080499707,8.875002822407557,6.838794752161624,14.987458161256523,-11.06010751537247,-2.084804386655062,-12.692538333758563,-7.878060121496436,13.717488261908002,2.748169177834573,16.9859882210026,-11.759625416251517,-1.7904855133631998,-7.063249755577837,3.410783077968581,5.028441982644735,0.917570540321766,5.333839181696132,-13.389068044456838,5.376707708417954,2.1089616959203,-4.927347063878677,1.0546081405674583,10.187326220614406,-7.64990990857432,-0.05031726529638271,2.2753324972996096,-0.3605097812906732,2.0620369066687236,3.8292235449480385,-3.7270922721383,5.904058357923313,5.314873372165656,24.624727451656558,-0.6640542315417881,3.0957773221173848,0.2994247932274243,0.41755240023775203,5.933242038032711,-0.309037020480014,24.37205939007217,6.379706777120993,3.4583373462066023,1.4147217560692893,-0.21682695349894668,5.614210043685391,2.2159594175919635,19.261610441534565,3.006692196754264,3.6122027066093487,5.733982749398549,-3.8183703897726478,6.600912817383441,-0.3978087484764784,20.304600022817628,6.13613793430134,5.44305040993673,8.232405808603318,1.1925405583687807,8.488160163422354,0.7727953458021029,21.411620443333202,-1.517732143242161,4.1564165939800635,-0.7084301176344288,-3.7866443014694733,9.494275486044181,-0.3538985605742232,17.31686342192785,-8.482904430894713,8.608995119211492,-3.1650543389157444,-3.5041164593759615,5.8558264382103005,-1.90349945254193,-3.4019593931473318,3.7762373883427767,0.20986888047831886,-0.008799680522864211,-1.1265591397218822,0.6141482974570533,-2.01039319046106,2.230953734855019,11.120202605796395,0.1623028764910517,-1.449211731635851,1.948919040707561,-2.521308340212138,1.430799076206202,-1.1756722417357675,-16.948967453309788,-12.449321349104377,10.370260634898274,-6.106851007764508,2.4911604336498967,-3.055434778976354,0.26162604999776945,1.0528486869898903,2.0572125842722513,0.454854117155292,2.5267538795895765,-3.6039276925033414,3.3777746835990947,-0.585610192164244,-10.834497967284262,-15.102523415952852,13.245547449949118,-4.753521626870314,2.0361014834397553,-1.7059021243004133,1.6381130940027415,2.3446582194213037,1.7858116290765162,-1.0724000310859703,0.49222014213589366,-2.2723341646537314,0.8822550208046962,-0.9235622008436433,-15.434633724943298,-30.953077543809684,13.436394639770217,-7.024909847962878,3.5354257124953854,-2.7828012307118923,2.7969811242366154,9.845211122334106,3.5800317928362557,1.2462263569818282,0.2033018110382995,-2.5270748465052337,2.136717424953752,-1.4292892289119214,-12.214726162575248,-26.21590630487323,13.4082268250686,-5.841123232473443,1.6224274872833366,-0.9202214366980211,1.2232495530666705,8.197687839829431,3.5365081468430537,-2.1095057543647178,1.6016631566493293,-0.5535918505716869,0.1516655594581891,0.3172228502211001,1.4989168073125358,24.645572643390043,2.5366646439299148,3.2752309990261645,-2.775907473287754,1.661491429517119,-0.6894755775265267,-0.9943014730884011,-5.9771407405744315,-0.7125837950995778,2.013669870329207,-0.39938994945049866,-0.7546892751985147,1.5218663327638193,0.664717468256274,24.346322776953954,-6.841294943119119,3.7881318112686415,0.48334324091988035,-1.072403766660091,1.0319259778728032,-5.307197502490423,-9.639940570297917,2.994781321112119,0.07258495406211633,-0.11877873425905235,0.4082178743965292,-1.0035990423971755,0.3559549140373457,-0.6287487707459176,-0.06961300623811778,-0.41702626175315394,-0.3137545881209133,0.2946448846159911,0.3487734676722639,-0.5398767567994134,-0.1479178642577293,4.572113892003337,-6.231106069050426,2.2276548264883553,-3.14066086508413,-3.8484998643694652,1.3601178325057364,-0.8587244431425053,0.5972864202517982,-0.594534607221677,-0.562150149921048,-0.4353120486612286,0.0325511636058437,-0.10630155101336693,0.4327436086693231,0.8076847286703932,25.241150521594736,-5.164284734468261,3.2800697165541273,-0.8514811724668814,1.0863224759726093,-0.4211732873526972,0.27477343291706946,0.17880366508526427,-0.5933610066686783,0.8822457947004275,0.52125921573143,-1.1764965662015405,0.10855607752422917,-4.343867011263172,1.3719879565237048,-0.6231844291201449,-1.0672747939216178,-0.11595234083660719,-2.1541857333968024,-0.1314741934844463,-0.32048498988363594,1.4223140438400919,-0.5206389392638716,0.00605203123545996,0.7931323440918678,-0.5839761331764084,0.0753730495842741,-5.069089755975923,-8.050849142392856,-10.399858539462283,6.731977397686766,-2.8966758234405927,3.7861045897751073,-3.0187485871561437,1.803770301241628,-0.9975032224814533,0.7123569007814772,-1.3410313116283514,0.6602139987049124,-1.379179333442538,1.2814108253959804,2.493945940685768,4.041392667849119,-0.7310046847514444,1.620277830346274,-0.08050371245673846,0.3963190137886381,1.2644571457140297,1.18322896219608,-0.6894520102469185,0.4322087254576854,-0.27367541027809,0.5947377852789306,-0.3035486736261259,0.981098495554635,-2.199364278370234,3.5974179600143903,8.715758221784236,-1.5046339109928268,-0.7998833812330255,3.0824369106680565,-1.5523070687443319,0.7980583430717799,-0.888956192503113,-0.22730309783015842,0.4397640308956141,1.1051941903247637,0.1363701866378909,0.07910465701381092,3.606070737143404,5.914599640216375,-0.440640691256052,-1.1468061040388855,1.6728017478170099,-1.1261173200187287,0.18187908060760422,0.6722950342095438,0.06454292479727236,0.5743027633684579,-0.06399433176399809,0.5753473515132183,-0.16711983259806096,0.21658047300550515,-8.417398087627586,-15.710337170675716,5.022955872842055,2.4580353675190185,-1.3138517414203108,2.8041946766950128,-1.575298055576724,0.9463415985874428,-1.666165003277023,0.9264449507114452,-0.6748492082196881,1.2241020736575086,-0.45993444710439346,-1.491886761983172,-10.428203582876492,8.368333038919062,-2.514472559979247,-0.287456495653303,-2.4844890032935423,-0.7728316017050351,-0.167125249511884,0.6860434534772432,-0.4889112612432891,0.24298744116916268,0.7044400960343087,0.19917621910168615,-0.03599242401192057,0.23865346777731358,-0.331514634411947,-9.181333010953804,-18.307171968458597,11.06464365255422,-2.374410658456097,-1.698128384745817,1.432488658166616,-4.630467689104057,1.574274657721315,0.21326723303058107,-0.1732632598236059,-0.5997749832050191,0.64730858596942,-0.6822036156826504,-0.5489575236898774,-4.29081678589093,3.75045747793377,-3.0299819647400894,-0.8606954309001148,0.5784359446796707,-0.5490224936626837,0.4170741850518007,0.23695107784697686,1.2147858160952998,0.1874179563830484,-0.16019629753361178,0.33576525588669315,-0.34355457998955546,-0.06679549669927143,4.9561599208160425,18.361943818699668,-1.2363594830434315,0.86536376738364,-0.6636494300521282,2.2440421268745663,0.5970829147754098,0.2546699475518527,0.26969412790853836,-0.9917682608745078,0.44294065941833205,-0.4272204842717809,0.3417724638850861,-0.39956310379993554,7.897948557230939,4.563171720342603,0.1886118209885705,-0.5993153457643933,-1.521720124165216,0.23626808111014067,-0.02975296098538179,0.9459472944482825,0.11457914368661218,-1.2536411131827696,0.07142501976646409,0.12029982547052925
4,5.896833432254838,7.6714588575391245,7.403889158631029,7.0196434432595884,7.715962489873529,6.876316234778335,8.052440595523814,-3.401457044635694,2.2641765332162493,-0.229459179977761,-5.986422445099948,6.787224013548716,-7.830534954436284,3.701169887325828,-6.239256084407701,3.146956208599195,-5.726778855985511,1.474402832761941,-8.195466764544893,-14.2682509019987,0.021392571600987738,0.2016820431569281,0.8198813841567228,5.770611691372348,4.686286570583812,-12.124022419458385,1.455986992778928,-18.982866223913668,10.358949677684706,-1.4624553693180142,10.891876691711055,5.041130241539701,-6.211368118471364,1.0647117456879207,-15.990197488612553,3.9022594298240403,-0.34002396469468077,12.605332812783173,1.384780668500621,1.6979648397389633,0.0962738214696291,0.38072244067157185,0.9812999187673931,5.140325219947093,-4.083363623167615,-24.184930016123488,0.8707133880892348,-6.4231184527738305,18.77599567529835,6.034598827487693,1.1773598186766054,-1.5539169882602106,-13.301487976205074,3.4982908742854444,-7.967040332701105,13.887729663619268,3.0049795765067513,-1.4709620650695183,-0.477140800283795,-1.5751584261162237,7.86870280259084,-7.048434532108959,5.847222041145016,-9.52337911494794,-2.0407129354101983,-0.7206505602216228,1.3160851135550027,-2.3961747444569044,4.648063759587366,-0.9544918605157344,10.144446483299358,-0.07759035473228021,-1.4269980056366787,-0.4552521326995592,1.5879334126720912,-4.8836360138113175,2.3176477183271524,23.90905236262199,1.0631941841514647,0.3940970235795437,-2.20623756867766,1.4002176835375628,-5.003377122570351,7.985319407225163,20.23998964304222,-7.612358540497928,3.9557659424351046,-4.118103276871903,3.421793713624102,-3.776360179084842,5.54532006898034,15.190233015520697,-14.98690271077734,6.056887215930258,-3.4766225331379403,5.408282666653237,-4.57530621865724,5.795838419593783,12.47087747131933,-11.563099614706468,6.563206405125922,-3.7380123690643248,2.039338723953361,-5.99728241828552,8.486570304451206,-2.423634872213473,-19.900513284632048,11.466796374010695,-6.6703579456145405,3.7526563925188436,-5.131721853159091,6.373688990867914,-10.293665724129468,-20.81419189495882,11.72271599596146,-6.3019381857520385,3.2886962790933314,-3.5860742956131597,10.137065515828656,-5.4017475721302946,0.635566880998465,3.0921149806066333,-8.484316592219503,3.373309214981145,0.061934983917809744,2.1019799946838096,1.529456993410873,3.4986384306828224,-2.3975160529185744,1.5966961269629498,-0.0010867366927428262,-2.3981778344807223,-5.292020395649744,-8.563801120997143,6.5933976226462185,-1.2039098691431795,-2.7346930269616254,0.7671859564560772,0.4989010911602593,0.787442642925949,1.0925896995067592,1.4709845206079115,-1.8953023772187065,1.1816220299937286,-0.16615125547465748,-1.8174302938189206,2.3738242722365293,18.235172611713196,-2.732721174791554,2.2846453843564847,-0.05142112989869384,0.15325220663300154,0.15428035094935516,-0.24018008749750006,0.21115817007178056,-1.4315665522995227,-0.8597524633523106,-0.22986754710427906,0.18300215351007143,-2.0454401386368204,4.2658381909018726,16.273491335661348,-14.543074901007397,6.170101203967398,-3.90764397941411,-0.7084493433630409,1.0989685413948305,-1.23512525959095,-0.4541365196416228,0.5043843229795064,-3.003259418464652,0.8984500662961742,0.1775683852569803,0.013817819548092209,2.9904539491018114,15.369708389122907,-9.801212770972812,3.7365769930085846,-1.9789678485451072,-0.2966384041439175,-0.2729364460793926,0.23857945684632642,0.26135113790015946,-2.713985965183269,-3.519688856031109,2.2205986466195315,0.42525176014272564,1.2406121387471147,-0.24697033741811325,-2.6735482528312104,-17.09370170104943,8.878323546564424,-1.158708764973876,-1.0005350321183917,-1.7831818348424322,0.1641766041028481,-0.023336628792247443,-1.2339730163486338,0.3492196004036562,1.3111524047840337,0.9838805359439299,0.647610321577056,-1.5610804308856692,-7.5822447736862895,-8.623689976825633,8.335438153583443,-1.189050234757156,-2.009991331198245,0.024000568913646235,0.6423709793848181,1.2956111371611017,2.44394772585561,3.325590322325731,-2.109187581271592,1.2826732718387692,2.0620693822191263,-1.3571687732572568,1.7680264270518025,-1.0939730578523883,-0.1551610410264143,1.1002271112255424,-4.1696260745397815,0.6383892924726516,1.257879271985231,-0.5031731838645004,1.7857627381309988,-2.0485335793650306,0.8656970586649249,-1.060326474580486,0.10033374537189647,-0.03179600703858497,1.8094898738565506,-0.48189305293446755,0.6197497213335996,-0.0483329637755406,-1.3354451644793195,4.487653142948569,-0.25954584120085794,1.9077560139366347,-1.8746183689833,0.8083280709099816,0.8569188643362567,0.029889081185888712,0.06862834700738599,-0.13208601578096077,0.2802368937407544,0.6611351731781984,-0.17802890540112729,0.22627581934276703,0.07359693681046689,-0.3315726758217776,0.45395292162283823,-2.0584050832455616,1.3031973289044516,-2.4498892297335937,1.4761262933629928,-0.7678433279528544,0.20757545602846048,0.05844500234508886,-0.31483739766735225,-0.1384776897677677,-0.5201894960079876,0.19317416656729378,-0.1188602559312903,-2.5003591620114336,-5.86954650380657,-0.24376172646091923,0.24946205108118213,-1.931899914444821,-0.9618888852873283,2.2120810686647623,-0.3093624204551371,0.904492298504837,-0.2646450919255527,-0.7349388414617838,0.34258675698208263,-0.42614932668683647,0.31240767938335307,0.7945251340630806,-0.3393803616280123,-1.4600312222059044,-0.14473425718927527,0.06771610723429433,0.70759159716392,-0.2710650782091409,-0.18203678948290558,-0.875892111030719,0.03713551565737586,1.5187840824438705,-0.3111492887758161,0.49949107256523784,-0.4490859818587624,0.07785276864448488,17.58070446943137,-0.35214588207135256,4.892336767906817,-3.5470401138663776,-0.8361103334307798,-0.640955341667949,-0.750255694160811,0.2227398343330735,-0.1952696498044095,-0.03288843197082283,0.02301328955198227,-0.5855567206748475,0.22558496598120092,0.15091815254559576,0.3358605443946744,1.3763032386844671,1.7039416235451834,-3.63973571642835,1.794556595662621,-0.4622523462408655,-0.4091338333233786,0.008973995461226056,-0.23426320713493656,0.6382516907187958,-0.5922346480704959,0.1743832368473846,-0.2447824729820876,-0.051549423344275355,13.53280705169435,0.7078834816126107,2.844086031712182,-1.0990694540924093,2.964052959797338,-1.764862920235511,0.8750982510329518,0.4564541365324423,-0.6048305224877408,0.1029954801551517,-0.12283489347018964,0.06728419216911152,0.0003266897033323262,-0.6930845333739932,0.7636167224784756,0.17680899844735776,-0.15104775900144085,1.8411389508314462,-1.2980134036599313,0.4536893372734962,-0.3772946970202004,0.6384165848261251,-0.4493359755084241,-0.6104519288374931,0.43749832325959115,0.3447542906970724,-0.13457369257917762,-0.2873600273277925,-5.275123746384261,-17.280236798465843,5.175882379255196,-0.16094835008367517,0.7462568346049674,-0.8408346464383716,0.07255045357169337,-0.4196930960372656,0.8675205350432003,-0.4718141799984739,0.757291887651382,-0.2948903183755478,-0.19589773512351147,0.2835326547094984,0.05079861160758753,-0.3232003302127282,-1.4860555233850805,-0.08836308072865645,-3.8173002266326277,1.2877074102578683,-0.4553620287661365,0.04534003632912264,-0.05677512029655475,-0.37725585464932443,1.0804743390086438,0.9292891103203885,-0.17252369314481197,0.2818191219738339,0.46950261527768816,13.629193899714423,-1.618569159427689,3.6221367136083695,-1.6546573105364406,-1.2048474790657588,0.4274302102561232,-0.6344396838854808,0.9148128762112182,-0.039025365848252475,-0.2902042629422904,0.34567080423885416,-0.13635104262780467,0.02939332912762785,0.2229485340422525,0.5675596800282265,0.8495204052329396,-1.264043269628725,2.2719788183868523,-0.8972427175990759,0.7729254464000437,-0.7176449976008161,-0.09801022143794676,-1.043538352457949,-0.31736803245087886,0.12297291639085473,0.29959898177801175,-0.21523698005105735,0.33875588824181,-0.15056067294719877,-0.2861269733543075,0.26368844710347117,-0.20532724959083293,3.450077345171119,3.103420368249674,3.5858665655557775,3.3422449642027465,3.3977705134578846,3.2808716966954465,4.084893445039163,1.604851930709661,-1.4595676616975273,0.1012922670857278,-1.8088093138693995,-4.160398646091398,1.469701878012151,-0.4644061087601462,0.616942963186353,-1.735273585370981,2.3867061987457676,1.000172580468804,-2.6566818702617647,-4.689839798715183,0.2355981689384126,1.2436571886068448,1.1680651406502494,-4.01799274830616,-9.112414609415474,-2.964820289192697,0.6980772497375352,7.628242896011506,6.820735868050115,3.3516173831338762,-3.940815378428635,-6.091580984570404,-6.963701956509636,-2.8662749554555926,8.428504901520087,6.5634010085677525,-8.83273699422394,-6.60821385152873,4.56632343593258,8.185733506506095,-0.15871147010260242,-3.4395720801827645,-0.7533282158412333,2.702571489166156,20.525025872754078,9.790959217395299,-7.678410543737897,-5.994052058234706,-10.94267255222174,11.808996331168895,-0.9674944340645834,15.341101787486888,-3.8535036571790964,-5.71238490410782,-6.528576224734323,-6.826434556600684,10.352054065299713,-1.2941800814847555,9.71595506026746,-9.606820302237292,-4.861738090402502,-0.38090613484665903,5.251755313042532,13.617237538968162,-4.129276478687582,2.7827843424158756,-20.33973172783601,23.641957519546473,-6.574660447763752,2.6252910935226335,-13.42787289991932,-0.5372747595261522,-0.2286483780611627,-3.176308315086521,3.9672177106921263,-5.641929562052879,-1.3902546286185649,-11.917852069734817,6.076400619817089,-1.2508124399871599,0.10586054181371303,-5.187958344987098,-9.423926824112225,-0.7011657251849547,-16.490697708547703,14.013859727441055,-8.619506940133192,0.5550825180904067,-3.240632889403682,-8.7004074910893,0.21040214873697172,-18.154290883031315,12.747484129010632,-5.90879191329505,0.5210308643452802,0.775249113579379,-11.14938773806289,-0.977053021105283,-14.992559552457049,9.094521056634903,-6.958562834375289,1.855110246800408,-2.854250398234313,-7.767206585391821,4.677479545914479,-13.62616455827746,10.57558302966686,-11.291181441130737,2.8121221867016963,0.05510754924633797,-6.666595693217827,6.234131317948741,-0.9393637726895073,9.340241801663272,-9.040708869892006,3.3698088501185124,-0.8107388057849182,-5.349173058542796,8.879345330084266,-1.4455191085574974,4.168700711230947,-6.523636646998551,-5.013573288474729,6.285530821846939,-0.1404699719256629,3.1381029552769375,1.0744703774018174,2.0970744586414836,-1.008338822365504,5.226139775063757,-3.7750940030524376,0.8680137621328168,6.810507309575813,21.52596801835185,-10.416368466669404,-2.026965495844913,1.9268516955842465,0.9049530771911166,-1.43272739603983,1.0720291314397483,2.2109175164039327,3.6726143457431526,-1.768149948576772,0.43145113052979267,-1.6245969113930194,-0.3635439899811807,1.3892660763243114,-16.225023144982117,-4.594865286702062,7.919665918433126,-3.7447598397356185,2.1046168941827994,-2.6480915584128444,1.4990434946017663,2.4889676756499535,-1.1424687435291445,0.1650616147724398,0.2778640945503659,0.14808968457756075,0.0976590823548246,0.4911020850647909,-17.349585461182663,-1.569826660799827,3.5772962890992566,-1.7580801332047395,2.023017881257334,-0.31594168567602837,0.46760303170885326,3.4641051173697486,-0.21363833372908972,-1.4335154781292327,-0.9797814957195081,-2.21964331771436,1.6371159009829923,-1.8555831599712003,-21.510558542245462,-3.5445981430140683,2.1756992193956295,-0.6884658672965617,1.3215028221968605,-1.0740158769688952,1.2804702275948416,-0.375517644978155,-1.8794603579029205,0.33554445334669536,-2.490592961044241,3.705455391174148,-0.764568522248409,-0.5658072533502067,-12.10708537615818,14.3136103541028,0.8060073501894671,-9.17793815778937,2.1736458755118626,1.4684445149366336,1.699234923491927,-1.717220120119973,-3.394940214823908,2.296447069354476,-2.8587247636163733,4.8375297500121786,-1.6118141306419957,0.6269744344925484,6.987363408106459,16.343006676467287,-6.130740597599949,-5.585692178121968,1.7319370265552338,-0.011478546892807228,-0.6262456187887822,-2.274866122087691,-0.5158619651266821,2.1877636839754855,-5.7072655397984295,7.8175779719498655,-4.151786296782328,0.14872003216556873,1.3087660496448204,1.5525924415319499,-3.7336204770864727,1.9552096055452013,0.8140182033277413,0.40939113767734814,-0.1605987259802509,2.695595370654898,-0.7818877295225921,-0.4897533325619704,-0.11348041932214184,0.35101397382710275,0.18271383804654817,-0.4048176796426193,1.7335711556787639,0.2553679167967603,0.0539498289396411,0.24389003099280465,2.609156197767337,3.6080793984409145,0.3648376219049926,-1.4628397278363219,-0.7994837288502248,1.4358476627022159,-1.6903785591145564,1.950302903466412,-2.103295416705658,1.4498315946873022,-0.434910560648622,-0.6778012502953006,0.6176900890696664,-0.8466289667228668,1.3676348357464811,-0.694047776688554,-0.0031463198763432678,-1.8163868918244437,-0.38848508953393035,-0.03482694304731556,0.20996061969633106,-0.41220106857563077,0.7631988409982119,0.45007133828225376,-0.059725947025882346,0.3224792350359639,-0.2966169401211412,0.3078806432615917,-0.3349980917549836,2.4203898157665744,9.440697235903315,-13.790121929782304,3.589113527457494,-2.251738274707523,-0.9647330569158128,-3.0970668894057876,0.6337590510945188,0.13945110387475698,-0.537918136161102,-0.6038182865777,-0.30543510366296706,0.7769824412172652,-0.2873586441260657,2.2838399096395863,0.32637681712830185,-0.8155716617746659,1.3054225679802203,1.0555341231888171,-0.23265364957632506,0.26712972264153356,-0.8191342484746784,-2.2813570193674204,-1.117564144931206,1.1183296828926772,-0.2367660437542983,-0.034251628018577694,-0.03006459167583584,-2.0854371948313073,-13.950579926439318,1.9569893003089351,0.710328992797418,-4.1734683662635454,0.7672574948775689,0.9141072387659078,-1.869973304590115,1.4139239154624141,-1.0389744122829347,0.6743547274247275,-0.10175532368266625,-0.37591488716843957,0.09694943932018421,-1.4962927994032704,-0.37883238411798087,-1.5149802404910035,0.3543158454046268,-0.6293157768161526,0.1283232834025555,-0.20210760094159988,-1.2806013818727175,-0.8400409949637294,-0.2905056296192341,0.4532302036015523,-0.54808672110663,-0.12243327298385442,0.15619306632304886,-0.29906340642348445,-14.935856686145954,-6.042454287685931,2.9249345012578747,-1.841171384530129,3.8673182139243196,0.2131858427762135,1.986593023691337,-0.20659289115268498,-0.7058471763304857,0.3217279403149152,-0.17948042416089327,0.2567557305356702,-0.5951756699795615,-0.047023421847505416,-0.20096382625088458,-1.7964981888438087,1.9627232851483931,-1.7098703160607827,0.08965857330404138,0.19938562396385986,0.938745051430687,0.03154767240464325,-0.6195706459079078,-0.2407587956081233,-1.0068423035577208,0.20248254965739576,-0.02705113734703317,-0.07235837513565345,-3.74391398384274,14.039269410158578,-7.563082074594194,6.469193473868748,-0.018333947152162126,-1.8177595498973946,1.8565976062609466,-0.24280939795570256,-0.31265352623917353,0.5389353676025858,-0.42445235261587366,0.5243850771749458,0.04445171203963599,-0.25572233101819175,2.041634220453078,0.9112109039536622,-3.6862703327661284,-0.612343694655161,-0.3223655874223791,-0.17429290099265768,0.1641502794905806,-0.24126285445486964,-0.4422487172146716,-0.023329162964298805,0.30192222739034746,-0.017145581559661456,0.24480217291215992,-0.6049466720453004,-0.19515914733285442,-9.993840432080757,-4.37875873871736,4.403755526607761,-1.6995366902494853,-0.3199683787849369,0.3353173445952925,0.3570440883901921,-1.7923220817248047,-0.09932190149211459,-0.4058530702347755,0.43673304284724657,0.5702353234452552,0.22180351533900927,-0.5339351275340756,-0.5246874489201103,-1.3372939359605616,1.0495306937137858,-0.18273365650635534,0.24654181722496576,0.4218544964185778,0.6780146333758211,-0.6614150126761063,-1.0298898404008108,1.1059991344006945,-0.8277830622820801,0.3152623156537171,0.1785506137547139,0.051500675121489564,1.0688953486205561,-1.5825698816345362,0.060826881794401724,0.2539416805454784,13.847484984355859,17.50736462450144,15.23217427406111,14.651352555789657,14.899838057635199,16.654262255732135,17.487919543252723,4.500009760071533,-1.7149464908164915,1.853169535941733,4.879059769952354,-2.0662821049932663,3.6745525165363255,-1.6765731362162222,2.5562811254548814,-3.7857006152812924,4.1387429262379385,2.3684319119341257,-16.74322250415041,-17.767066274657328,-0.5540133780831047,-3.0170996280921067,-3.596583318494223,0.4194813637279593,-2.002638311315361,9.530622816739708,8.203162779267114,14.51147620990874,-2.8381110086674726,-4.45647006757435,-19.654118829015676,-7.011820286102669,-2.451606654580977,5.692587999503136,20.676387716826127,5.0129621465813505,-8.511584184188813,-21.113756880827765,-2.903109689635676,6.450704364070972,0.647531323908288,10.35547786366552,3.963501385076476,1.9274591062540334,6.351156380142509,13.845971076742586,-24.809974938426773,9.76671987907904,-15.00989070651477,10.211712029759331,3.739309431109122,-4.270323806712337,6.274058478161802,-13.611819242367714,14.647313923437975,-8.782218249605222,10.509254284161543,1.6562222778592706,-0.21098549835800787,4.2561314190244826,-13.895267695200655,14.48883228360239,-5.935500169962526,8.74982292294639,-10.534199840841632,-4.073852707626998,-15.177475103604312,20.71500137520477,-2.5726435275628314,13.986634575279037,-12.044280727017782,1.2509832259121518,-3.006571835920901,7.461273473282594,-9.272386415845766,10.898936152232876,4.791649787405556,-16.172867907106088,-0.1294653716729126,2.1346852718575615,-15.29373579710044,-8.842063613279134,9.559170351437688,-4.179504020032866,-20.268596355436333,8.766028219783012,-1.285437706051632,-2.1794492752645604,8.164280389362727,2.8712271724220626,-4.041098288656248,-14.107443847898455,9.051861579788271,2.0806080453952016,-0.4311336670900057,6.067742330330249,1.9044432233826594,-3.6768567412051554,-12.854678630560684,10.842218317077041,-0.4986298781758669,2.9002810864377,15.450529109605341,1.8285618137040298,-10.482844179291575,-9.947993016766048,12.565930474395419,-7.843262993081412,4.00786149989141,18.667708833858658,0.7723176485425409,-7.056193547430298,4.779204557794873,10.185056366636754,-6.168986169231353,6.4558973179245145,17.062735105897477,-5.618401528565238,-6.624434317415022,8.76153581791274,1.9251214451717815,-12.33825613738052,11.093148338868772,-1.740141320117716,1.1681226090641372,0.6459712629215111,2.475458521913711,0.04735125957805244,2.0483505625470695,0.6884069778914297,0.3711445581162054,-1.8225575616328384,0.5592455774022933,14.983750430377906,-8.566670566083802,4.808846639809025,-1.148816640250071,1.0829356330649502,0.660397356909931,-11.46220719466819,-0.6156288626614306,-1.6802752004132562,3.2061283710930635,-0.5608663950103959,-3.6504346889190877,1.4995935894330106,-0.14868437911272075,-14.087513183059224,3.06279639746126,0.47627639028213287,-0.8769283496357142,1.9055711581870534,-0.43923169053819283,2.3935022765422733,9.065657754794247,-7.218334084820975,4.155694859316181,-1.2156090798602313,-4.724330199861164,5.219355630618857,1.2436933316390657,-2.1542631612560856,7.137891503487511,-4.8446490182303235,3.8386103289775453,0.1310462011974289,0.8475301146881453,5.2268216769169,10.288492485217503,-12.242105497132055,4.367862850567629,-0.513907097423518,-3.2344095755787077,3.2138178358820593,-2.826021763741748,-12.820342193837934,5.442621064845136,-5.644020208570991,2.0234076916999224,1.1887728177900403,0.636205398360165,5.522399402579566,2.928748496932168,-7.128548613322914,6.420274461942666,-4.080316425030042,-0.46452224606621123,2.2806303623214865,-5.853356796789159,-21.29431964381267,6.384214848477489,-5.079612962191137,0.5574423101328216,1.145685663024885,-2.838872165099721,4.086584131476641,-4.8889250468646495,-2.9892178000956697,5.431107448968696,-2.9407213155815124,-0.07135791931942977,2.840379239744142,-1.0516468183556191,1.1765735139357283,-0.3016392453275333,-7.6365793744027375,2.0809516282213387,-0.653765929698825,-1.1306784738539728,-3.0787323726857716,-14.159333472642677,7.625148897181667,-8.308258354227556,-0.22841590360480285,-0.2526959559262685,6.037250559000218,-2.4178480726410934,2.2840855576400116,2.7076964880197347,-6.439251510626808,2.4603102529790535,-3.786750693805627,0.7563344519148091,0.8046262991034367,-2.0364774682429116,1.2279777537800425,-0.652370433004119,-0.46237983098613883,1.490795474094211,-0.6109371438946788,-0.1529101622871858,1.0182223985250274,-1.7436852834635825,0.36558131565959956,0.2135211021912265,5.522410205586419,27.77549619178824,-4.8149728046685425,0.9605196891008169,-0.7514220274744143,4.000089627119929,-1.0424980927791563,-0.08514102990677148,-0.9217854435263679,1.8385472150649986,-1.638635920258094,0.47508975814552945,-0.19192992518775331,1.6929426563870038,10.247154495509612,-4.372772872720266,1.5293364249225434,-1.8853718338798313,6.295339347476757,-2.209206074670443,0.0059623734732600735,0.34305227283684836,0.1780854239572542,-0.43941580671371866,0.1359516538736929,0.3103967042384364,0.06046801323797173,0.15706541969600915,-0.23289363252521197,4.348183600492145,18.204705145777158,-3.568140832957237,2.2440204149768026,-4.7338227934696855,0.5314455490763534,-2.0617522155795274,0.39200064427867304,0.5173554029662828,0.18422905953629085,0.5195115686741361,-0.5995733969846494,0.3410593651129077,0.6286104042007976,3.9770522459917803,0.06245765063010633,-1.9066289878194431,-0.2511583116956631,0.3334234454913112,0.1676598048757508,0.0825646722514585,-0.001820547546791678,0.9248736526977849,0.43810389204292555,0.0687126361622143,-0.5334319671647993,0.34099149709435295,-0.5540728430688932,-3.7450261481763634,0.3617463118662388,0.9098616905556193,-3.892840619322083,-0.6069915976208731,0.4456823324391621,-0.09780101600903299,1.746610624651729,0.00919077627717545,-0.9463641631281776,1.1839368976845814,0.23494921299312224,-0.9533216249859778,0.6857784834385908,-7.907338991958669,-1.0446692984584067,2.787975387125249,4.0184016499185535,-2.793472998369548,0.8319167547552754,-0.15497863288009506,0.5990805351576495,-1.6544608758138268,1.161480156448933,-0.9400783636172032,-1.1488929063845228,-0.32221524814045394,0.003560588873649788,0.5448059004348278,-5.477384220983025,-0.38416622468326345,-2.446809120862692,0.4838300106806796,3.683583827426335,-0.48064067864366894,-0.21874016402854782,-0.795008782456849,-1.5459888702809803,0.9768163631335525,-0.3784160728951065,0.2707071431861,0.22532768555579288,-4.864242822653784,2.654600302966863,-2.8993395853983537,-0.09319892119830245,4.08348941234452,-2.1434117306080736,-0.5470338492834171,0.45493228315215267,0.2087081287057596,-0.23351529777994437,0.14854419679773753,-0.2485921029913221,-0.5346445677456345,0.5608606549179768,-0.1550013491132518,-23.306141758173116,-9.365822039117775,-0.12179961781692569,0.3324895986977238,-0.19963426235381693,-0.45340049734447424,0.30786076992309186,0.24732137547419303,1.1853251280553099,-0.5232556193769138,1.12961431329257,-0.041049542871910254,0.4544455093814612,0.5378650578810615,12.289143949964995,-6.921473152387961,2.8337286074457073,1.6102099427806578,-4.277321730602968,0.8214094441498936,-0.6067629821387288,0.6609781216312615,-0.6388513370593054,1.0087755162487153,0.5125753811587048,-0.6839520549303042,-0.23461158128381857,-0.45579008354443284,0.8485455548606744,4.299646742144596,3.977376580995493,-1.3387899153802973,-2.8266837330836516,0.4505091886711089,0.21323791058921637,-0.22032950755219496,-0.7776056362309917,-0.9384052366183517,0.6445806061877605,0.6838615314247891,0.17919938975020236,0.5215800265240763,-9.886724739122213,1.0126321469692858,-1.5670954477493433,1.2581036571464757,8.444161696216165,-4.901462594324783,0.9779102704061997,1.243746384344649,-0.9985005751946154,2.339953756449227,-1.3084418670802167,0.4894883537087111,-0.24470592718140888,0.372928903002897,1.4614451179430652,1.563887689614603,-3.9855200302567826,0.35572230435221713,0.6426363260566739,25.517317419968855,26.413376005389807,25.286737578346266,25.77343788555001,24.986797461249047,28.053035005108725,18.993780332165,48.69119666886989,36.9427317780383,49.73858859608054,36.04491945315131,42.17990375204281,40.29723740342911,35.34077099312392,48.30017992804562,38.20147091625309,40.801804315059044,38.14889249631453,43.87187304948587,46.951060125046176,-0.27167516319554913,-1.0647313707711201,-1.6303592693171418,0.47996766052427137,12.888291289067414,-1.2538631650280854,1.432729668658755,-1.3855780996992202,-16.291384909026654,8.009202380522899,-4.39911374061508,19.057001468378118,1.3713250780246216,4.690715788116258,2.053382022045777,-4.196529635260502,3.8524824081083135,-2.210987583742994,-5.80580941371621,-2.2253169254707426,0.31365980903031093,4.678521349545083,1.8021378464247126,-2.092922079026314,-11.735502865473272,-7.795109808588004,14.068340523405439,0.0373252822413814,8.275118084369797,-13.866587725404356,4.642895627943852,-6.768600786600232,4.006414085943454,6.068554997530083,0.5641032289100189,4.724987312881825,-10.320498143465517,6.111204089382433,-4.556063625176121,6.052112548154621,1.3545403269609817,-4.769193716385796,-4.195068496122784,-9.375889502111285,13.25375096239616,1.2995774309567245,8.292860840703076,-9.815070638383656,-3.0867309469088413,-8.363226662053542,8.635258930491387,0.5173339144572373,-1.8315810057459505,3.024297386008667,-4.474803225085732,6.552078654744885,-0.1827574707812789,20.24053366075486,6.13613793430134,5.44305040993673,8.232405808603318,1.1925405583687807,8.488160163422354,0.7727953458021029,21.411620443333202,-1.517732143242161,4.1564165939800635,-0.7084301176344288,-3.7866443014694733,9.494275486044181,-0.3538985605742232,17.31686342192785,-8.482904430894713,8.608995119211492,-3.1641345538866723,-3.402400939023883,7.334861081902909,-0.7187044998258685,12.69449099996104,-1.4619837235895912,3.878426110568468,-2.1083921024765417,-5.112479998203281,5.980462728074271,-3.160930826196111,14.496909586297047,-13.434906399479756,-0.3695889416141084,-4.728093146098828,-5.776246730940964,5.6809231940173275,-7.157245853270524,-6.908819495174747,-9.353915032296456,-0.8664995887367841,-5.85405587466553,-5.062781537241159,1.5667067563108916,-6.8612692824951615,-2.820953179534977,-1.193518756134518,7.144208665130048,3.247894853051003,0.9459327447945834,0.5782647202590346,1.410406624789024,2.2447731982590957,1.6172999240789123,0.28934956325393624,-2.5748984761277467,2.136717424953752,-1.4292892289119214,-12.214726162575248,-26.21590630487323,13.4082268250686,-5.841123232473443,1.6224274872833366,-0.9202214366980211,1.2232495530666705,8.197687839829431,3.5365081468430537,-2.1095057543647178,1.6016631566493293,-0.5535918505716869,0.1516655594581891,0.3172228502211001,1.4989168073125358,24.645572643390043,2.5366646439299148,3.2752309990261645,-2.775907473287754,1.661491429517119,-0.6894755775265267,-0.9943014730884011,-5.9771407405744315,-0.7125837950995778,2.013669870329207,-0.39938994945049866,-0.7546892751985147,1.5218663327638193,0.664717468256274,24.346322776953954,-6.841294943119119,3.7881318112686415,0.48334324091988035,-1.072403766660091,1.0319259778728032,-5.307197502490423,-9.639940570297917,2.994781321112119,0.09091124255219178,0.3432759904948825,-0.4707576219022297,0.847926963770234,4.296885263365948,26.583781186733162,-2.9430416935558834,1.1888258856559075,-0.3399935697618956,0.752823503759009,-0.7170689311563762,-5.403015008619328,-6.361537565140536,0.8604987185468144,-2.7806793943733346,1.2489004052988455,-2.451365031863764,2.46492164827103,3.187331392136598,20.030195663173956,-24.133214050353597,6.541483577423429,-8.027384795158335,3.79711566394656,-4.479335311364596,-1.7724248463596526,2.1006727872437043,4.127297266533838,-2.035732089282712,1.6015634449263176,-2.3060760040973443,2.3345541852400493,-1.0800666313226686,-13.066644232228178,-16.49253475058938,4.852679354308816,-5.269254923027183,1.9601140182754282,-1.568526352020352,3.8269754800896125,14.331018468712104,1.1359101123758477,3.0748262063284972,3.2358633963986096,-3.408812358717108,1.349662776631373,-1.739219585227017,-5.6168694772214405,-0.4860672772057323,8.14949269010981,-1.0008658787464262,0.7652336372828012,0.7493420571703595,1.1170523970343953,-1.3682080320256385,1.6651980102282256,-1.1261173200187287,0.18187908060760422,0.6722950342095438,0.06454292479727236,0.5743027633684579,-0.06399433176399809,0.5753473515132183,-0.16711983259806096,0.21658047300550515,-8.417398087627586,-15.710337170675716,5.022955872842055,2.4580353675190185,-1.3138517414203108,2.8041946766950128,-1.575298055576724,0.9463415985874428,-1.666165003277023,0.9264449507114452,-0.6748492082196881,1.2241020736575086,-0.45993444710439346,-1.491886761983172,-10.428203582876492,8.368333038919062,-2.514472559979247,-0.287456495653303,-2.4844890032935423,-0.7728316017050351,-0.167125249511884,0.6860434534772432,-0.4889112612432891,0.24298744116916268,0.7044400960343087,0.19917621910168615,-0.03599242401192057,0.23865346777731358,-0.331514634411947,-9.181333010953804,-18.307171968458597,11.06464365255422,-2.374410658456097,-1.698128384745817,1.432488658166616,-4.630467689104057,1.574274657721315,0.21326723303058107,-0.1732632598236059,-0.5997749832050191,0.64730858596942,-0.6822036156826504,-0.5489575236898774,-4.29081678589093,3.75045747793377,-3.0299819647400894,-0.8606954309001148,0.5784359446796707,-0.5490224936626837,0.4170741850518007,0.23695107784697686,1.2147858160952998,0.1874179563830484,-0.16019629753361178,0.33576525588669315,-0.34355457998955546,-0.06679549669927143,4.9561599208160425,18.361943818699668,-1.2363594830434315,0.86536376738364,-0.6636494300521282,2.2440421268745663,0.5970829147754098,0.2546699475518527,0.26969412790853836,-0.9917682608745078,0.44294065941833205,-0.4272204842717809,0.3417724638850861,-0.39956310379993554,7.897948557230939,4.563171720342603,0.1886118209885705,-0.5993153457643933,-1.521720124165216,0.23626808111014067,-0.02975296098538179,0.9459472944482825,-0.292026761426669,0.10648045899959149,-0.14600165760025993,-0.2541116401142752,-0.29995600878303696,0.17260473469375526,-1.9699932677754495,20.69185727772836,0.49980525282517035,-1.6501658983054612,-0.5431098947932305,1.2608983946040577,1.2660857340377543,0.6434519529670473,0.14222823736526127,-1.6545423931884298,0.6070134763129302,-0.06943659705851168,-0.2786027649240947,-0.1800530671724412,4.786621659093297,-3.489111332009486,0.6615589459447795,-4.051348933365465,-0.15051916395899947,1.6927327752025525,-1.0284049988994857,-0.19306711071161298,-0.20820962836438817,0.3594315096915126,0.030924712757793325,-1.2424103668248223,0.45117600577392436,0.028373179667549903,-0.3854907705135498,18.491442864400536,-15.937487801136548,5.26914875255428,-5.428255582204128,0.5156018165116468,-1.1871368428864806,1.582695569039113,0.14266142239104862,0.9452255681462987,-0.738528054003385,0.8105461860262333,-0.2631907559884205,-0.5587563419468177,-0.40912621569688307,-13.732233129209497,3.9218333688803786,-1.777101730908207,0.8854226021615194,0.23780024870455907,0.3358123728295818,-0.3589163909350785,0.30909524865326715,0.1450845151185764,-0.0220468539243955,0.0701181995737265,-0.21978778239113167,0.12765744404059798,-0.8061897313048697,-2.5195609753057018,13.708548366063251,-3.785786891594587,-0.5496986445323079,-1.7127249220843848,1.9367515992394009,0.012725775698227838,0.3265904418656561,-0.5504988621959314,-0.21075985705657238,-0.22944079349004004,0.06702623959770386,-0.24456501548417311,-0.568863621740222,9.71178646839456,-0.7088579373623902,0.3077317323182753,-3.8689650075937343,-4.285340711105159,1.1761510239480377,-0.6147448013903969,0.2631488137240405,-0.13476523359700163,-0.6436832091487776,1.3292896277551982,-0.7597729722663161,0.14648197958845627,0.3725694489186772,-2.878886861896583,-1.1673508661784462,5.554652230759257,-2.417010802048343,0.6879434317518691
5,-9.407130490931069,-11.950407222910556,-10.198871799458802,-11.111918252671757,-10.32131307000446,-10.685068514133855,-13.854202067089501,2.1412517567805347,-7.07359954726646,5.911341750997084,-8.649036195935023,1.999255210265744,0.7500512037430662,-2.7003789895186716,9.438821863124568,-5.619388143690632,7.63458597010706,-6.563175613095121,10.404090927142414,15.886608989873519,0.31518529278570045,0.5419416217079307,1.2243196947371386,-0.976483070434997,7.960737285563432,-2.9169486925386123,9.35772912578916,2.5805187736136896,-3.093648864465008,3.791932401533642,-20.292059943908356,0.5935046882503755,-5.394020645602479,8.527074640655913,2.1578002091392583,-7.357694267020545,6.137620256980734,-0.3036007982865821,-11.454509247255215,10.256936202318487,-0.27691844883432576,-3.9786881700378496,-1.7817212097559632,-5.794955570587913,-10.515347829123076,2.911586180022415,-4.535983562386818,8.758959150854961,-8.760075342705845,0.43789656730706505,1.6338686822409902,0.27054034888676837,9.978510284641427,-5.070364594974815,6.679087335995125,-13.723465782754063,-2.0508059422794886,-4.240751479500714,7.993437146225721,13.58072102961687,-7.609054075474584,0.3624790517199567,-19.12186585862163,-0.14894280566051857,-0.20664611539517902,7.104944690368469,12.820548620987458,-16.747149808342385,-4.590707436240256,3.9407885476593076,0.07366913459750216,-0.2637834631023497,2.7977951560107397,-1.5727367413828497,6.528309890339359,12.555539425185053,-11.782587944669288,6.613111458361439,-3.7380123690643248,2.039338723953361,-5.99728241828552,8.486570304451206,-2.423634872213473,-19.900513284632048,11.466796374010695,-6.6703579456145405,3.7526563925188436,-5.131721853159091,6.373688990867914,-10.293665724129468,-20.81419189495882,11.72271599596146,-6.3019381857520385,3.2886962790933314,-3.6006076224623573,8.945191016323564,-16.050864293994824,-25.841631207057556,14.245055955985206,-6.439243190831402,5.270643076582778,-4.70442700920712,7.848505455412164,-12.930377108207223,-32.09930930495382,16.800442676164543,-8.660550254179848,2.904284196254539,-3.703739714898411,5.819182257211797,-16.921660862739717,-13.0393202554124,13.466667534896633,-5.891112779615289,2.8352061809244784,-3.3927414777974865,8.28300832636956,-14.64288946003641,-20.392933923381797,14.339014896911902,-5.4241127390327195,-4.017343055920417,19.08245283684544,11.469742375582399,-0.03366627264560569,0.07858650710046143,1.6406351920848368,-0.43867018545112774,2.951447797211744,15.404204808213024,-9.801212770972812,3.7365769930085846,-1.9789678485451072,-0.2966384041439175,-0.2729364460793926,0.23857945684632642,0.26135113790015946,-2.713985965183269,-3.519688856031109,2.2205986466195315,0.42525176014272564,1.2406121387471147,-0.24697033741811325,-2.6735482528312104,-17.09370170104943,8.878323546564424,-1.158708764973876,-1.0005350321183917,-1.7831818348424322,0.1641766041028481,-0.023336628792247443,-1.2339730163486338,0.3492196004036562,1.3111524047840337,0.9838805359439299,0.647610321577056,-1.5610804308856692,-7.5822447736862895,-8.623689976825633,8.335438153583443,-1.189050234757156,-2.009991331198245,0.024000568913646235,0.6423709793848181,1.2956111371611017,2.44394772585561,3.325590322325731,-2.109187581271592,1.2826732718387692,2.0620693822191263,-2.000452488267627,-9.128889811139885,-7.336861032482592,7.725043505876098,-1.9246546444821497,-1.8146783370110344,-0.7841148766604825,0.49230745506329554,-0.7431090420806319,0.6643586930924578,5.330729246078496,-0.00498263332223336,-0.06967137087496098,0.19174793761490525,-1.4904702411888675,-7.274343762218602,-17.697403305614202,13.653962555584302,-5.7337117334469685,-0.792736108059753,-0.8649034382600205,0.7449070451316012,-0.22498400020813444,1.6628655928626992,3.4428328114821,0.35411173790700523,0.6277800281021866,1.3050246046834115,-0.7638649808677047,1.6656663893998207,15.094990911793776,-6.03902227320188,2.0486422126639443,-3.3274288699607446,-0.25585456170490106,-0.06525327361095928,0.28484731327133683,1.7786226500627014,7.7231310948741,-0.9210137596550638,0.1251872251271991,0.4159925788543326,-0.8610477389631126,-3.8293437425060732,2.220615636710428,0.5315799800748661,0.727069311792949,-0.3289379661318689,0.3678801936208455,-1.2953183923441633,0.11129357016719829,2.913081165670917,0.1997899722017114,-0.3485389196592689,0.5961572313739155,-0.5669009327023338,0.1743832368473846,-0.2447824729820876,-0.051549423344275355,13.53280705169435,0.7078834816126107,2.844086031712182,-1.0990694540924093,2.964052959797338,-1.764862920235511,0.8750982510329518,0.4564541365324423,-0.6048305224877408,0.1029954801551517,-0.12283489347018964,0.06728419216911152,0.0003266897033323262,-0.6930845333739932,0.7636167224784756,0.17680899844735776,-0.15104775900144085,1.8411389508314462,-1.2980134036599313,0.4536893372734962,-0.3772946970202004,0.6384165848261251,-0.4493359755084241,-0.6104519288374931,0.43749832325959115,0.3447542906970724,-0.13457369257917762,-0.2873600273277925,-5.275123746384261,-17.280236798465843,5.175882379255196,-0.16094835008367517,0.7462568346049674,-0.8408346464383716,0.07255045357169337,-0.4196930960372656,0.8675205350432003,-0.4718141799984739,0.757291887651382,-0.2948903183755478,-0.19589773512351147,0.2835326547094984,0.05079861160758753,-0.3232003302127282,-1.4860555233850805,-0.08836308072865645,-3.8173002266326277,1.2877074102578683,-0.4553620287661365,0.04534003632912264,-0.05677512029655475,-0.37725585464932443,1.0804743390086438,0.9292891103203885,-0.17252369314481197,0.2818191219738339,0.46950261527768816,13.629193899714423,-1.618569159427689,3.6221367136083695,-1.6546573105364406,-1.2048474790657588,0.4274302102561232,-0.6344396838854808,0.9148128762112182,-0.039025365848252475,-0.2902042629422904,0.34567080423885416,-0.13635104262780467,0.02939332912762785,0.2229485340422525,0.5675596800282265,0.8495204052329396,-1.264043269628725,2.2719788183868523,-0.8972427175990759,0.7729254464000437,-0.7176449976008161,-0.09801022143794676,-1.043538352457949,-0.31736803245087886,0.12297291639085473,0.29959898177801175,-0.21523698005105735,0.33875588824181,18.91275120800737,0.6772876784631224,5.771990320201983,-1.9443671880992661,-1.739441229566518,0.7067703626183705,0.18553987552706702,0.8198828453497577,-1.2175283070739504,0.5665615682182032,0.2580540393076691,-0.6414688789882443,0.6873851334955445,1.6048340413549307,-1.1435986513284193,0.8821056118460336,1.120982741457728,3.090240974419516,0.5058966573438393,0.23767557326319072,-0.49957600732046403,1.3258969831882204,1.0969693111719216,0.15152360916379323,-0.7271948581019259,0.7487260030330545,0.1381598222025904,-3.9118274701992384,-6.191635939669176,12.262227574506486,3.640304880976502,-1.0426330798328793,1.0171005761908964,0.7497617972574518,0.20263025186078779,0.06546437122350537,-0.7662873478840092,-0.023817938239703622,0.7435964475425133,0.09661086345285713,0.3531571203670733,0.07893585673169229,-0.21511229646170965,0.12174246084191792,-2.9420834595126464,2.10706158834126,0.7720776397928572,0.18707629573203668,0.07987889923539439,-0.23720548862955504,0.5890735315119173,0.29891628965115413,-0.9775646723913862,0.2570547749885819,0.1614132525650112,-0.15328852767219825,-6.684909814110531,-17.798838223745598,0.6055222778044534,0.09830762765155551,-1.57444246429148,1.4992183875993548,-0.4384486598993394,1.321945867050859,0.9554355292417318,-0.16286778496795143,0.5470528799357949,-0.3872665418138942,0.09365903218077802,0.04319752755122047,0.016126435006642896,0.5365265566672687,1.511691764352231,-1.1237532856085357,1.8752105408539559,-0.12628023627084958,0.23381611577231728,0.4018628476939234,-0.44102348400065855,-0.3519689983744005,-0.1602961443663607,0.30388941168337774,-0.2075779891764298,0.39250355579092194,5.700678468382927,-5.331264668473337,-0.11317499972200606,-0.8753275041745535,-0.7035463863581586,1.0203358182045368,-0.08480446621214315,-0.33037651336533347,0.2805492158884533,-0.07770600207125128,0.16532170097523533,-0.906177534405474,23.168238364114927,24.045081829984706,24.10484302140648,24.551943800393982,24.79089930599189,22.71029862682863,27.501508784984928,4.116463601175177,0.22386525709076222,-2.0987891563760104,2.9982514155617284,0.4412743926059649,0.061931168720810836,-0.16781363994207754,-9.43758953839786,2.2928077428036686,-0.26457309630559633,1.0617905536313788,-2.5871794947397952,-3.0146361385112517,0.0636402961785097,0.9454951054164339,1.4008622484622453,7.609354215510312,8.667069568878288,3.287069728791197,-2.649985522281187,-3.2460605901147392,-8.35295858554209,-4.704722628002992,8.9462880984473,12.258766739990953,4.951514109877663,0.872653903110364,-0.683081701093375,-0.24783012782753183,0.6638327219840919,-0.167751057487427,-0.7331496277387488,-8.940324101963801,-0.050578056103418256,-1.7845097053105132,-0.3960546901870511,4.486530332151843,-1.5540712060423563,-5.235127975926382,-3.15959956662348,-4.169243902794377,13.807317765732028,-2.495044961065201,3.401576802592012,-16.344494937020784,-1.6052320529274215,-0.6290696252556315,6.802247693773804,17.707209316525784,-5.616687289164379,4.812741529871791,-25.704279175148283,-3.9707511160266513,3.0684966723687745,10.895014104439626,18.407262672977975,-5.89714443535657,1.416995061642414,-20.171628907717928,-4.886234014488386,9.462044818244319,17.796759220783795,-2.702825631402474,1.5645402110553368,-0.2966452047675646,-0.2566668707075515,-1.7243648466101533,-1.00757213378784,-14.9152385573776,8.7255978370125,-6.834707150715667,1.855110246800408,-2.854250398234313,-7.767206585391821,4.677479545914479,-13.62616455827746,10.57558302966686,-11.291181441130737,2.8121221867016963,0.05510754924633797,-6.666595693217827,6.234131317948741,-0.9393637726895073,9.340241801663272,-9.040708869892006,3.3698088501185124,-0.8107388057849182,-5.338157479627274,9.366064034633395,0.441067929265329,12.793034704833671,-11.812892140294567,3.5182852273858702,0.039131333809848096,-1.7835001413868785,9.405955639730504,-2.614291873965209,20.73440739292933,-14.549625055781698,2.6171728931474916,1.4498081935273972,-0.5889004754036555,7.198709494158655,4.826504747274905,11.51647065792008,-14.809254523692527,5.3724771744247155,0.029660772177183478,-2.1192845220343104,9.369620483192367,2.3022567003442838,14.922461667897402,-9.137632011387117,3.4467226009979135,0.8382165120508553,-8.700070389431792,-8.000513338487762,-0.20283844241919627,0.8934138074138838,-0.3025024961272007,1.1095122069954606,-2.051752491869132,-21.415171012297257,-3.5445981430140683,2.1756992193956295,-0.6884658672965617,1.3215028221968605,-1.0740158769688952,1.2804702275948416,-0.375517644978155,-1.8794603579029205,0.33554445334669536,-2.490592961044241,3.705455391174148,-0.764568522248409,-0.5658072533502067,-12.10708537615818,14.3136103541028,0.8060073501894671,-9.17793815778937,2.1736458755118626,1.4684445149366336,1.699234923491927,-1.717220120119973,-3.394940214823908,2.296447069354476,-2.8587247636163733,4.8375297500121786,-1.6118141306419957,0.6269744344925484,6.987363408106459,16.343006676467287,-6.130740597599949,-5.585692178121968,1.7319370265552338,-0.011478546892807228,-0.6262456187887822,-2.274866122087691,-0.5158619651266821,2.1877636839754855,-5.7072655397984295,7.8175779719498655,-4.151786296782328,0.5922510079012664,9.120297149849243,17.349911755930698,-7.5100593950847925,-6.771233746735327,1.8153220895553597,0.6381081920913715,-0.30719108469328565,-0.35302177732804935,-0.31481076493276144,3.3132514745153347,-1.663514651809903,6.906273556016801,-4.524379583793028,0.736968724408039,4.514283533634501,25.315164530048428,-12.919406985609067,3.383520973267307,1.2903403142307235,0.5476131615723725,-1.5156739125468632,-1.5558291593084586,2.9259392595811273,2.9435826671113015,-0.3029585167731952,5.301958427359312,-2.425397187071028,0.9530801820411716,5.674195058498453,1.4080747094425727,-11.838720387005287,-4.148013055267633,3.488252682949667,-0.1959063855833031,-1.0537131764414982,-2.512068168782952,-0.06734838045284736,3.443893475354355,-4.166558398761224,5.078615951195491,-3.790378136590682,1.1512556011270336,6.955849465895802,10.521480586745357,-10.5244713027646,0.06894575036643039,1.3176296616653373,0.05550250014257399,-0.9909350634916427,1.3192458328303704,5.952829639210106,-0.08718585989753458,-0.5982572692790459,0.31045083940451196,-0.47544040692761436,-0.12243327298385442,0.15619306632304886,-0.29906340642348445,-14.935856686145954,-6.042454287685931,2.9249345012578747,-1.841171384530129,3.8673182139243196,0.2131858427762135,1.986593023691337,-0.20659289115268498,-0.7058471763304857,0.3217279403149152,-0.17948042416089327,0.2567557305356702,-0.5951756699795615,-0.047023421847505416,-0.20096382625088458,-1.7964981888438087,1.9627232851483931,-1.7098703160607827,0.08965857330404138,0.19938562396385986,0.938745051430687,0.03154767240464325,-0.6195706459079078,-0.2407587956081233,-1.0068423035577208,0.20248254965739576,-0.02705113734703317,-0.07235837513565345,-3.74391398384274,14.039269410158578,-7.563082074594194,6.469193473868748,-0.018333947152162126,-1.8177595498973946,1.8565976062609466,-0.24280939795570256,-0.31265352623917353,0.5389353676025858,-0.42445235261587366,0.5243850771749458,0.04445171203963599,-0.25572233101819175,2.041634220453078,0.9112109039536622,-3.6862703327661284,-0.612343694655161,-0.3223655874223791,-0.17429290099265768,0.1641502794905806,-0.24126285445486964,-0.4422487172146716,-0.023329162964298805,0.30192222739034746,-0.017145581559661456,0.24480217291215992,-0.6049466720453004,-0.19515914733285442,-9.993840432080757,-4.37875873871736,4.403755526607761,-1.6995366902494853,-0.3199683787849369,0.3353173445952925,0.3570440883901921,-1.7923220817248047,-0.09932190149211459,-0.4058530702347755,0.43673304284724657,0.5702353234452552,0.22180351533900927,-0.5339351275340756,-0.5246874489201103,-1.3372939359605616,1.0495306937137858,-0.18273365650635534,0.24654181722496576,0.4218544964185778,0.6780146333758211,-0.6614150126761063,-1.0298898404008108,1.1059991344006945,-0.8277830622820801,0.3152623156537171,0.1785506137547139,0.051500675121489564,-11.606746719799691,2.5124100680274486,2.396656769303511,-1.994595485298298,-0.7200396208557078,0.11219175518470717,0.3282786294211573,-0.4366522424385777,-0.376438318433218,0.63978451375222,-0.3600941549185142,1.3032638406757229,-0.5872303581085023,1.4110572994535557,-0.10679933587455351,-1.537827217605005,2.5718746482775727,0.3124185646793837,-0.8977996199174624,1.7913424956976258,-0.5648648915119183,3.0971702380591206,-1.1476423751994689,1.0642112110761235,-0.4056090380152465,0.49379639810961756,0.396064556893518,-1.20117562932406,4.337487708932352,-10.56411354975189,5.288587523960249,-1.138939879572658,4.455578045081509,-4.06392092198416,3.3987176762995888,-2.214546028095678,0.023916887323428136,-0.006181933075793743,-0.20480537353275063,0.18708454829147989,-0.3411283089261739,0.685313601053009,-0.16666403734743135,0.32625180615750643,-0.2189361449929462,-0.770081698031469,0.42388004705426824,1.1768133161536787,0.172870203289253,-1.6069374096928342,0.502801634701382,-0.002561162556494376,0.2974803987568738,-0.09858535419914712,-0.06660809258704488,-0.0962846573732408,-3.4151143535650363,14.95032157162508,-4.996394407818771,0.7771821830026926,-0.7487232807557455,-1.8540112529966855,2.553132293581118,-1.199822944504393,0.652073012245786,0.07627894023979206,-0.2762620843013894,1.7774226267562532,-0.7186469885929382,-0.08814047189537225,-0.2640865693207367,-0.9834125644382413,2.312322102294057,-0.8411018908136765,0.13754590780164574,0.3400738184479399,-0.5648432938319303,1.9461158204063116,-0.5568264387578284,0.7743005095846621,-0.6874919521779128,0.2841604313596945,0.09158814410266483,-0.07531264542493749,-8.386214461810189,8.15784838050699,-7.037855436309226,1.3772401758051052,1.9599113876090437,-1.7848161634073827,1.0068565915781227,-0.652096534377818,0.3234204790060359,0.024446886382749805,-0.36665803515855794,1.5567923613745682,-2.7237476261442763,-1.8230405214710732,-3.2385374413121646,-0.8553904195655492,-2.881725731772845,-2.2154589762001398,-2.440216496223314,0.03386876542304895,1.3349423145495691,-4.480011399584746,6.278836108941284,-2.4419399044854253,2.2110018328464895,0.8226758943653496,-2.5548855704361424,-3.808153201332552,-2.656881667030118,-0.8494217724920181,10.443268638468817,9.53838136163582,-0.09334783226477579,1.7005348887209315,0.1971025689814096,-0.08810645055755188,-5.775052373152668,-1.9299845853099586,-14.361686886189142,-1.4567662409691322,-3.742066744276561,5.149911741215731,14.757007801558002,1.9888879626950053,7.791345989591976,-10.552095239374728,-9.334181748942418,1.3059329154111687,-0.2704819075821303,11.775689518861514,6.7919588994782965,-8.838619245715766,0.14720221066087436,-0.10452228570633407,0.7679935934444655,1.6195481695499632,1.6952342277531576,-15.364601289790041,11.7988283962805,-14.926035798574322,15.209589796727002,-5.302754635621292,-2.905533410639713,-1.4227026015139441,-3.3700095289772096,14.842586802084785,-5.001925436768765,17.089887817818664,-7.755724708731343,-3.214044586020087,-6.083941649207686,-3.488729365788037,23.51467804884638,-1.9152345170709884,23.404518797842535,-12.540802132374738,-1.4208680810993772,-7.11071344173954,-7.929320737678235,9.101532182839705,9.292691177401709,-1.7147995248883787,10.715590712143603,-0.4960623698740304,-4.312682573121779,-3.2126138073335517,-3.6530901391604242,-13.152377118723896,11.19177106443758,-0.5850611887897265,2.9002810864377,15.450529109605341,1.8285618137040298,-10.482844179291575,-9.947993016766048,12.565930474395419,-7.843262993081412,4.00786149989141,18.667708833858658,0.7723176485425409,-7.056193547430298,4.779204557794873,10.185056366636754,-6.168986169231353,6.4558973179245145,17.062735105897477,-5.61863405757264,-6.710571611671283,7.427260247837566,13.362327521834583,-6.699917654265147,4.793476641223301,20.24281319403587,-4.414953379548902,-8.981928203105221,3.8011474526979283,12.856580958345628,-5.623478757296169,6.8411523469028745,20.796726140575323,-12.356111889348574,-7.977295178856135,16.223030872817095,15.06665508717255,-12.118757306000294,4.259245639001802,18.330351502904485,-5.219339568991302,-5.627482877323551,13.301307402264257,22.186432285755792,-11.487155135461471,3.6435453506265674,2.5948007514431084,-20.32409114540724,-10.874469847619839,-0.8319958865842783,0.8082732718611982,-4.257549493331036,3.3798017501123674,-2.6181180641478754,-12.893891830141,5.442621064845136,-5.644020208570991,2.0234076916999224,1.1887728177900403,0.636205398360165,5.522399402579566,2.928748496932168,-7.128548613322914,6.420274461942666,-4.080316425030042,-0.46452224606621123,2.2806303623214865,-5.853356796789159,-21.29431964381267,6.384214848477489,-5.079612962191137,0.5574423101328216,1.145685663024885,-2.838872165099721,4.086584131476641,-4.8889250468646495,-2.9892178000956697,5.431107448968696,-2.9407213155815124,-0.07135791931942977,2.840379239744142,-1.0516468183556191,1.1765735139357283,-0.3016392453275333,-7.6365793744027375,2.0809516282213387,-0.653765929698825,-1.1306784738539728,-3.0787323726857716,-14.159333472642677,7.625148897181667,-8.308258354227556,-0.22841590360480285,-0.2526959559262685,6.037250559000218,-2.4611782432957385,1.7738539129074222,3.183658121739376,-9.608399061223261,0.8589599760768215,1.401954164605864,-1.8127669510233464,1.2762815709640387,-8.709721041508466,-2.1525293670730186,1.1020578908931968,-0.4775083616451018,0.44884636438768377,0.6144554893335638,-2.668588708592535,-7.2476997347391725,-0.6572459348744805,-8.106965727942208,5.34892628502942,-0.6699146954897948,-2.602075804223825,-1.0511636145049719,-16.71922531568814,6.6534021454099594,-3.509496042219008,3.2116063280331897,0.9770274356878746,-0.12839483899502513,-0.23705171702065345,12.18648112482789,11.381655353460461,-1.7038157828137968,-0.488251750844177,0.2862763148439105,-2.3642994034867195,-0.7999608953848792,-11.228611314574888,3.082297730605723,-0.43826531633379356,1.0274236769523697,0.7296837289380328,2.527657869471504,0.11658826085042084,10.535385321944092,10.490959183508215,-7.8031670530348896,2.0513305231191667,0.40193380234409104,-0.5178974455170198,0.39613652148639056,-0.22023773429440996,0.686117005624715,-0.5718285585537176,0.8678078051114199,-0.7046352110047025,-1.2172373389609825,-0.32221524814045394,0.003560588873649788,0.5448059004348278,-5.477384220983025,-0.38416622468326345,-2.446809120862692,0.4838300106806796,3.683583827426335,-0.48064067864366894,-0.21874016402854782,-0.795008782456849,-1.5459888702809803,0.9768163631335525,-0.3784160728951065,0.2707071431861,0.22532768555579288,-4.864242822653784,2.654600302966863,-2.8993395853983537,-0.09319892119830245,4.08348941234452,-2.1434117306080736,-0.5470338492834171,0.45493228315215267,0.2087081287057596,-0.23351529777994437,0.14854419679773753,-0.2485921029913221,-0.5346445677456345,0.5608606549179768,-0.1550013491132518,-23.306141758173116,-9.365822039117775,-0.12179961781692569,0.3324895986977238,-0.19963426235381693,-0.45340049734447424,0.30786076992309186,0.24732137547419303,1.1853251280553099,-0.5232556193769138,1.12961431329257,-0.041049542871910254,0.4544455093814612,0.5378650578810615,12.289143949964995,-6.921473152387961,2.8337286074457073,1.6102099427806578,-4.277321730602968,0.8214094441498936,-0.6067629821387288,0.6609781216312615,-0.6388513370593054,1.0087755162487153,0.5125753811587048,-0.6839520549303042,-0.23461158128381857,-0.45579008354443284,0.8485455548606744,4.299646742144596,3.977376580995493,-1.3387899153802973,-2.8266837330836516,0.4505091886711089,0.21323791058921637,-0.22032950755219496,-0.7776056362309917,-0.9384052366183517,0.6445806061877605,0.6838615314247891,0.17919938975020236,0.5215800265240763,-9.886724739122213,1.0126321469692858,-1.5670954477493433,1.2581036571464757,8.444161696216165,-4.901462594324783,0.9779102704061997,1.243746384344649,-0.9985005751946154,2.339953756449227,-1.3084418670802167,0.4894883537087111,-0.24470592718140888,0.372928903002897,1.4614451179430652,2.9418180917893695,-2.966304797303892,-3.100340644886931,-2.4322089677595504,-0.8417089039214436,0.8631700335283659,-0.11491378832383232,-1.4500863277837723,0.4641585904022606,0.5011242177719514,-0.5511967038013494,0.7106402483343016,1.06352891334288,10.864396772857193,-5.445817179521302,1.913521727407382,-1.4626217819110054,1.7439997750415364,2.1388072618695384,-0.5906345438992585,0.8509132507882781,-3.2632654478842653,-1.1144281313970676,0.28285552589923213,-1.5902871781899706,-0.019572016425658516,-0.384241034225735,-7.852260526723848,1.1680496998607992,-2.161603848712958,-4.037653739347033,-3.326406806889892,4.336794983853915,-2.1713222039160356,0.3002800404790197,0.38015579586793896,-0.6152119294967577,0.29763684820121744,-0.29754260733763976,0.8192285425594633,1.6666659080762318,3.248320195858309,-0.12076513423388494,-1.6921676881801155,-0.14862052783482438,5.458704114746639,-0.16592587837561645,-1.231835203822871,-0.2837775123026323,-0.5315677388621572,-2.8225651798198275,3.2970758917932437,0.45938028122169783,0.14331128660335068,0.4580523677106928,-0.08032600912335375,-22.929439711048463,-8.321906642439497,5.46306563764804,-5.555754626531335,1.535451323823088,0.06652905015054832,-0.752715585962311,0.7427471206950569,1.3780273819479416,-0.2356364742048318,-0.2588408616242587,0.9897652357271955,-0.3285478778735354,-4.076904449121783,-1.824901317179591,0.3430213808080733,-2.2421567585979942,1.208811920346648,0.859631788006897,-0.7660969400333797,-0.14418703689976547,-0.8744953842260796,0.33023849009624234,0.5590535182071825,0.036503198098478865,-0.435441510519851,0.7953198689540788,0.05921973949174895,-17.991391011986973,-6.314453608156432,1.8158460115791304,-2.085449359075808,3.322859148297737,-0.4898509762443417,0.1357087174326968,0.656020658781547,-0.25050163752074284,-0.4974916412719257,0.07094237508759066,-0.30469849658944015,30.538657998192576,29.779302273183134,29.461583989174773,29.913214956195333,29.071713341795903,30.402008774909163,29.196394485746612,39.09820097009044,42.73815208768065,41.76861084648072,41.41416777776833,34.329182256600625,51.920882919220524,36.48480218526438,56.523709572844645,46.33238196076252,44.78485955677579,44.89845123008689,38.67461097145075,42.1017849586094,-0.007743980851575294,0.20825335093862446,-0.7989339178160486,-6.815591399042967,-10.468811283268453,8.509972452943503,-8.842130618720255,13.780848377084881,2.3202726024363174,4.248153627871337,-8.33226808222265,-21.545525145816935,3.785618790670364,-13.774278926328938,19.76880779289454,0.48495155852875926,-3.9430979593476794,-16.296810865853992,14.13775260848331,1.446134122256306,0.050763045688327735,0.4283329750257648,0.29915724045384506,-4.408336482108874,2.888648189995119,2.8870244624015293,-2.3619405406167058,4.471493698334256,-13.546616503310496,10.613359058434737,-0.9934446052215983,11.933996963367738,-5.642586572492601,-5.732276738825316,-8.403401394870208,-14.534962357472804,12.50170459001872,0.22802860336098063,16.18414387089593,-2.1861830090764465,-14.683718453867835,-7.191291177348968,-19.698046332265406,14.376077538509133,0.6501688682382545,18.00778123108556,0.0018732372529990104,-1.231495815374393,-21.75747674845617,2.0223999383303375,-7.838969488913395,-0.08707744370313111,-1.413689561888221,-0.7038418769682955,0.999378359803687,12.108119386802509,-1.1971969137717857,3.8218395622828427,-2.1083921024765417,-5.112479998203281,5.980462728074271,-3.160930826196111,14.496909586297047,-13.434906399479756,-0.3695889416141084,-4.728093146098828,-5.776246730940964,5.6809231940173275,-7.157245853270524,-6.908819495174747,-9.353915032296456,-0.8664995887367841,-5.85405587466553,-5.062781537241159,1.551134002305664,-7.795556891083542,-9.705018488960969,-17.024132589356334,3.3301370528445258,-5.792768435887632,-5.925644491621731,4.469839987332167,-7.931483227744278,-1.741794726080644,-30.430943170552236,6.234594350712924,-10.556443899950361,-10.229935017656048,5.434048428385127,-7.160013056915801,-14.107599444192235,-25.1973350945735,1.8625957781093678,-4.185528783689451,-4.18281536376813,2.692598114915824,-8.821227742805998,-10.337732521350823,-16.963775565065646,3.284740436683467,-1.0709004058533607,3.3092443132141742,11.949801619228191,14.818766506654226,-0.20572731782394477,0.21928084332609019,-1.3241675088845186,0.9708893763347858,4.441053298230592,26.534836112121962,-2.9430416935558834,1.1888258856559075,-0.3399935697618956,0.752823503759009,-0.7170689311563762,-5.403015008619328,-6.361537565140536,0.8604987185468144,-2.7806793943733346,1.2489004052988455,-2.451365031863764,2.46492164827103,3.187331392136598,20.030195663173956,-24.133214050353597,6.541483577423429,-8.027384795158335,3.79711566394656,-4.479335311364596,-1.7724248463596526,2.1006727872437043,4.127297266533838,-2.035732089282712,1.6015634449263176,-2.3060760040973443,2.3345541852400493,-1.0800666313226686,-13.066644232228178,-16.49253475058938,4.852679354308816,-5.269254923027183,1.9601140182754282,-1.568526352020352,3.8269754800896125,14.331018468712104,1.1359101123758477,3.0748262063284972,3.2358633963986096,-3.408812358717108,1.349662776631373,-2.358744742766429,-16.583845164708222,-15.835447691012357,8.188952573350146,-6.930539129052561,2.6391244406563565,-2.717370965993773,0.3457858283804195,5.495418270381149,4.744755082653239,0.271187972756296,-0.7002338848090562,-1.8671014923402236,1.8103215888117377,-0.41745145959456903,-7.039548363555553,-27.366365562358464,12.07053521127246,-2.812060616306337,1.9425435916013685,-2.6846028415232475,3.6981313474458,15.807279378989975,0.7733675747537724,0.17409289350452492,-0.10825364844353559,-2.92009393479817,1.3591027878648285,-0.6983966617349776,-13.616522023403926,2.1159910743670745,7.127789306860471,-4.643882624772359,1.7169726073302074,-2.890361527927743,2.232650266096294,9.291404107015728,3.1253107675880587,0.33020938281886625,2.0265005508813934,-2.1170961921433706,1.9630000195456527,-1.5079424686227945,-16.169097441325782,-9.37176584865991,11.022127282578978,-4.604087429874832,3.102420710833426,-1.0325423388965627,-1.2120244401052733,1.2968122262796813,-5.126186156219603,-0.19799949197647754,0.11014491753095856,-0.031057021372507005,-0.295487651801034,-0.29995600878303696,0.17260473469375526,-1.9699932677754495,20.69185727772836,0.49980525282517035,-1.6501658983054612,-0.5431098947932305,1.2608983946040577,1.2660857340377543,0.6434519529670473,0.14222823736526127,-1.6545423931884298,0.6070134763129302,-0.06943659705851168,-0.2786027649240947,-0.1800530671724412,4.786621659093297,-3.489111332009486,0.6615589459447795,-4.051348933365465,-0.15051916395899947,1.6927327752025525,-1.0284049988994857,-0.19306711071161298,-0.20820962836438817,0.3594315096915126,0.030924712757793325,-1.2424103668248223,0.45117600577392436,0.028373179667549903,-0.3854907705135498,18.491442864400536,-15.937487801136548,5.26914875255428,-5.428255582204128,0.5156018165116468,-1.1871368428864806,1.582695569039113,0.14266142239104862,0.9452255681462987,-0.738528054003385,0.8105461860262333,-0.2631907559884205,-0.5587563419468177,-0.40912621569688307,-13.732233129209497,3.9218333688803786,-1.777101730908207,0.8854226021615194,0.23780024870455907,0.3358123728295818,-0.3589163909350785,0.30909524865326715,0.1450845151185764,-0.0220468539243955,0.0701181995737265,-0.21978778239113167,0.12765744404059798,-0.8061897313048697,-2.5195609753057018,13.708548366063251,-3.785786891594587,-0.5496986445323079,-1.7127249220843848,1.9367515992394009,0.012725775698227838,0.3265904418656561,-0.5504988621959314,-0.21075985705657238,-0.22944079349004004,0.06702623959770386,-0.24456501548417311,-0.568863621740222,9.71178646839456,-0.7088579373623902,0.3077317323182753,-3.8689650075937343,-4.285340711105159,1.1761510239480377,-0.6147448013903969,0.2631488137240405,-0.13476523359700163,-0.6436832091487776,1.3292896277551982,-0.7597729722663161,0.14648197958845627,0.3725694489186772,-2.878886861896583,16.6616178690903,1.0913802913988673,-0.5633847633291114,-1.8756337628931055,1.6082777085557651,0.4918452417219493,0.7632347915778154,-0.8087136620214102,-0.7340359115441377,0.8298924004984747,0.31076482141508804,-1.0421161548795015,-0.9314522599773971,-11.830310755636342,6.507624944187864,-1.9905527296502752,-0.16284961251990127,2.3185506480234372,1.4069077001885104,-1.1831342071781477,0.6905905975268268,-1.893393248924997,0.04457008335068184,-0.07301836318562901,-0.13139917476953789,-0.08013231846119762,-0.09901027768758719,-1.3781618904846076,-5.218628121659746,13.00479554052471,-3.556612000855734,-2.1357836488178354,1.5397319547026584,-3.115302591086356,1.9130406969345426,-0.7540732059005618,-0.9711374127733584,0.45383329963833774,0.5489115357837565,-0.756427956522282,-1.4992818419260043,-3.242354620347286,-0.21693597778861268,-0.7487031309410661,-2.1275299354642647,0.7208066592171654,0.4258500327286576,-1.3613902543287022,-0.5597657620091144,0.4008715397019856,0.1924768140469657,-1.5808451479597396,0.9333356418160138,-0.218681576285401,0.06996561514484607,-0.3163546515956587,19.016840033701133,-16.81760867183082,-0.46847345182342165,-2.250261478317533,2.060668748410141,-2.110364721616403,1.0416693346638797,0.561872459892553,1.7672440580215636,0.06418282952231896,0.265401206523727,-1.1130079764705496,0.301227020987752,3.976826544501219,4.807701264596496,-1.9789721683062922,-1.3167160676568983,0.8329424897468455,0.9771091498902492,-0.5869369252859473,-0.1506723551581678,-0.8346708452921061,1.2572492025875324,-0.15187155768023852,-0.444559073764976,0.010002321608622498,0.4126380964540429,-1.6948107011806044,21.16456323288003,-4.938558454603745,6.637376113206445,-3.2488861149969486,4.034732425781337,-1.7059144939533255,0.5772456832111711,-0.262588978540479,0.14561537781574735,-0.2613056683607705,0.22375258305559032,0.9413549825609692
6,12.011296384328315,33.64028177901531,17.962524308399175,21.162565757278752,17.332848154522452,30.48707687847729,20.399102474179262,5.554876430904374,4.667701562695252,-1.3500711794639941,5.38122420463757,-5.707199995703856,6.972555829961017,-6.014182392080364,6.3635551554624135,-4.9581482834704484,2.61075577212467,-4.580701442983045,16.0519356696122,20.871903940723783,-2.651281721325305,-8.143131468695799,-15.204521679891384,8.335225089832104,-3.7664912424178087,3.0371195738331673,-15.802879009379032,6.054487891726254,-6.5740333467094425,10.220805835694916,4.824007001194008,-0.46366103877683185,2.96489471209692,-15.258559989164917,3.8436226573607417,-2.6144182094766286,0.5866774826601729,2.4928315175166684,10.677688555061675,-1.171765893808341,4.266790598473587,52.48420181688594,26.26229631468284,13.979477260000023,11.815993326550641,-3.2588383560670184,8.214175106046731,-22.04246504570027,2.269359297709954,1.1670050385155795,12.173277361313525,11.191386527575178,-5.016150612548426,3.3898993777826925,-13.844990170191776,-1.4144353671716088,-2.549213056572173,8.49542067752964,11.387420600156773,-3.650544298864443,6.467037332057322,-19.432823389993885,-0.4775368139216392,-4.168759678070282,10.573877392778988,8.703741641584749,-2.960072329581987,1.1736678597388626,-9.583034613588827,-9.270346765754773,8.288036312615551,3.877195282786983,-38.21576232258243,23.404733586470535,-47.27928925201165,20.381977506531165,-8.111335902024164,5.535858703076062,-4.70442700920712,7.848505455412164,-12.930377108207223,-32.09930930495382,16.800442676164543,-8.660550254179848,2.904284196254539,-3.703739714898411,5.819182257211797,-16.921660862739717,-13.0393202554124,13.466667534896633,-5.891112779615289,2.8352061809244784,-3.3927414777974865,8.28300832636956,-14.643516176357993,-20.461198815974203,13.76990291529958,-7.517912559224271,2.517612207213568,-4.022316610790362,7.165428526464572,-15.403861007080346,-16.874672557799915,12.332413304904506,-6.266241739117877,2.5915710477313745,0.6946365756365988,0.7752487351437581,-15.450123988337772,-14.47032970924309,13.435229501549804,-6.704119569277657,2.212074173086367,0.19259803138892334,5.087857413299604,-16.43474266203622,-9.780389738660267,9.57226725052133,-2.899404620951583,-1.2755293049666219,0.3246843958050311,2.226961515986872,-1.7418708261450282,-2.7753150915659797,0.8560969922179419,0.7192039069588839,-21.858543892564843,13.233724720174184,-4.011647531301056,-1.4464618677030905,-0.7841148766604825,0.49230745506329554,-0.7431090420806319,0.6643586930924578,5.330729246078496,-0.00498263332223336,-0.06967137087496098,0.19174793761490525,-1.4904702411888675,-7.274343762218602,-17.697403305614202,13.653962555584302,-5.7337117334469685,-0.792736108059753,-0.8649034382600205,0.7449070451316012,-0.22498400020813444,1.6628655928626992,3.4428328114821,0.35411173790700523,0.6277800281021866,1.3050246046834115,-0.7638649808677047,1.6656663893998207,15.094990911793776,-6.03902227320188,2.0486422126639443,-3.3274288699607446,-0.25585456170490106,-0.06525327361095928,0.28484731327133683,1.7786226500627014,7.7231310948741,-0.9210137596550638,0.1251872251271991,0.4159925788543326,-0.8610477389631126,-3.8293437425060732,2.220615636710428,0.5315799800748661,0.6966555738323237,-0.8260240716241256,0.6714147541727551,0.6972502073347933,0.5149529086723755,1.7018946247753348,4.776548513507563,-0.735520551682108,-0.4509714456690969,0.6200408438253738,-2.328735421581657,-2.814044774348945,3.4786065925342093,0.721318909504486,1.1637307865500304,-2.5908007255011083,0.18814908216153098,0.8454230610705628,0.7507684765498979,3.82944005497806,4.243542473717862,-4.231806126530774,1.044801936306016,-2.3868738793195283,-0.2561663563769726,-2.5079239688975656,4.796188636004786,0.379529365135225,-0.7075400821557101,-1.9256784958898177,0.6452570465094788,0.5982553612070218,0.4940055880200877,-1.4982701638187559,0.1486890544849105,-5.870845606805121,1.3401109969153473,-0.43570536413554856,-2.390165028684844,2.959039806236252,15.72434136554289,-5.283785024720002,1.8681843288200135,0.636245569391262,0.8537820171781475,0.14541432937900137,-0.9873855418028107,-3.316633676876382,0.13333589640567697,4.129297748301216,0.147118423474226,-0.5258612911985033,-2.086518918672644,7.983157239414746,3.051721448830454,-1.4505814610138377,-1.739441229566518,0.7067703626183705,0.18553987552706702,0.8198828453497577,-1.2175283070739504,0.5665615682182032,0.2580540393076691,-0.6414688789882443,0.6873851334955445,1.6048340413549307,-1.1435986513284193,0.8821056118460336,1.120982741457728,3.090240974419516,0.5058966573438393,0.23767557326319072,-0.49957600732046403,1.3258969831882204,1.0969693111719216,0.15152360916379323,-0.7271948581019259,0.7487260030330545,0.1381598222025904,-3.9118274701992384,-6.191635939669176,12.262227574506486,3.640304880976502,-1.0426330798328793,1.0171005761908964,0.7497617972574518,0.20263025186078779,0.06546437122350537,-0.7662873478840092,-0.023817938239703622,0.7435964475425133,0.09661086345285713,0.3531571203670733,0.07893585673169229,-0.21511229646170965,0.12174246084191792,-2.9420834595126464,2.10706158834126,0.7720776397928572,0.18707629573203668,0.07987889923539439,-0.23720548862955504,0.5890735315119173,0.29891628965115413,-0.9775646723913862,0.2570547749885819,0.1614132525650112,-0.15328852767219825,-6.684909814110531,-17.798838223745598,0.6055222778044534,0.09830762765155551,-1.57444246429148,1.4992183875993548,-0.4384486598993394,1.321945867050859,0.9554355292417318,-0.16286778496795143,0.5470528799357949,-0.3872665418138942,0.09365903218077802,0.04319752755122047,0.016126435006642896,0.5365265566672687,1.511691764352231,-1.1237532856085357,1.8752105408539559,-0.12628023627084958,0.23381611577231728,0.4018628476939234,-0.44102348400065855,-0.3519689983744005,-0.1602961443663607,0.30388941168337774,-0.2075779891764298,0.39250355579092194,5.700678468382927,-5.331264668473337,-0.11317499972200606,-0.8753275041745535,-0.7035463863581586,1.0203358182045368,-0.08480446621214315,-0.33037651336533347,1.2048214319654298,0.20147345766800295,0.7239563872125763,-0.1489115787381145,0.046690613151668094,0.11028246205413798,-0.5150534431685576,0.8537579939160985,-0.387119895115384,1.3701292291724898,0.1482785241689183,-0.14470488903661194,0.3258659483940667,0.4583602104181769,0.1379416495379869,2.096385966670475,-0.5962967324210691,0.3924337440836872,-0.088186284935348,0.03958029848199684,3.6970810909664364,-9.626232475843743,0.9654080964120391,-0.4819336686751835,0.7450514817527584,0.7338511997843172,-0.38152453053995417,0.5469235867410752,0.3925873372868643,-0.5856934251032442,0.08462340855216777,-0.07922713789634418,0.0001301224757153767,0.17549530597914476,0.03595690540176092,0.9269221527857003,-1.0833270573630076,1.7985149486097625,1.2854662284345404,0.9472588524664033,-0.6134957516229658,0.07972173820436096,0.20668581723730478,-0.2753633669766103,1.6783690619758733,-0.7132455914699304,0.6271428899329549,-0.23858840151410282,2.512597521544719,-10.864936042204587,1.6816835374952712,0.3346974521047119,-0.5918210942348203,1.612006550096854,-0.7469736986856687,-0.99215619002558,0.6029624501209707,0.19669348514537816,-0.7580809189927972,-0.22087723814102714,0.024284981375292024,-0.07384183028840499,-1.9528754595997089,0.9239486299707448,-1.0962903243976556,3.7497784677913715,-0.7051735084178723,2.1730189053189384,-0.7180417909795233,0.6399599689500958,-0.1246675646143196,-1.0520673250057306,-0.4509992712063331,-0.20808133266441783,0.2795171031329539,-0.13782500380567364,-1.3655892273038188,1.245536066948137,1.7200021032101358,1.6168425768891843,0.7890601824162755,-1.8042798303369334,0.2576621011028447,-0.752262673560547,0.686918318644983,-0.27213109027050275,-0.35438598297385704,-0.43064792947425334,-0.0645403101240758,0.04274271644869031,1.167219766333963,1.1711186920626975,-0.9318611569024343,0.07086846382096915,-2.061296213605442,0.7364064055254904,-30.906264907914515,-42.59519371570816,-35.773466508555,-35.86474026035912,-35.8773480351596,-40.145977773602446,-39.39500392779126,-4.473568548513774,-8.929437993862143,-0.3423653686563166,1.0926583508450192,0.09457251073912076,0.7643896428500818,-0.08781922672106329,-0.5799998965312866,-3.0772830294087923,-0.5455223451680573,-0.0010999511677866058,-0.09369920609664448,0.5736790112967525,0.9604205863881065,2.84769194055116,5.057447381202385,-12.002578602231047,-12.088122375772013,-4.04984235769241,3.4123538937009377,6.286737720297034,7.557901864479408,-1.9473153503633402,-5.409626108835663,-6.166173333528974,-7.685420173125178,4.2880712182192795,2.233589031229752,-0.6496583834104319,0.32231512761195064,-2.89498223584012,-2.59054552620628,9.282606003871031,-2.377329279230644,-24.87224433955511,-14.486258030999087,-10.767911312301592,-8.113824965716677,1.5536467271232774,6.66763147451809,25.59116082062882,-9.355798593320452,0.6279370090729521,-23.250265532963468,-1.8273321810328125,0.703967503913343,9.151434237425486,14.349447673932554,-6.442865439317111,-0.7257610822940993,-21.87114133033021,-1.1941321543301988,3.253956462169775,12.019044017679306,13.84356945120335,-7.994891453155006,-3.4036364791158538,-25.42299753543481,2.417150991094432,3.908120290021723,-4.630895187300874,2.2647586745189665,25.858225137224363,0.7461698529148245,-1.7193372530627173,20.811430218946995,-10.487783699771496,18.197843802318687,-13.16378986733906,4.253752037314571,-0.1582059388758304,-1.7835001413868785,9.405955639730504,-2.614291873965209,20.73440739292933,-14.549625055781698,2.6171728931474916,1.4498081935273972,-0.5889004754036555,7.198709494158655,4.826504747274905,11.51647065792008,-14.809254523692527,5.3724771744247155,0.029660772177183478,-2.1192845220343104,9.369620483192367,2.301302747010439,14.763091443829294,-11.36458519377491,1.3947041222477101,1.8639551413920428,-0.27257073747769156,11.713905480514855,2.089587580953933,15.328510990890734,-9.63559526656066,0.9796803927205741,1.0393708054084232,3.391851467694094,10.52775215630422,2.430076790414158,18.036763460297472,-6.946143381384301,0.8871297611849074,1.140089359048365,1.2684423741466748,9.698614465712572,6.272953628638332,14.80181533533788,-7.231583732479915,3.7030985198675714,-0.02245458280295458,-0.9396987382488212,1.1558036331757124,-2.380812949119028,0.5283379780310538,1.7569243049249557,11.399542771511202,24.92579540214289,-10.091521889899047,-5.689709755424057,1.5877061472362426,0.6381081920913715,-0.30719108469328565,-0.35302177732804935,-0.31481076493276144,3.3132514745153347,-1.663514651809903,6.906273556016801,-4.524379583793028,0.736968724408039,4.514283533634501,25.315164530048428,-12.919406985609067,3.383520973267307,1.2903403142307235,0.5476131615723725,-1.5156739125468632,-1.5558291593084586,2.9259392595811273,2.9435826671113015,-0.3029585167731952,5.301958427359312,-2.425397187071028,0.9530801820411716,5.674195058498453,1.4080747094425727,-11.838720387005287,-4.148013055267633,3.488252682949667,-0.1959063855833031,-1.0537131764414982,-2.512068168782952,-0.06734838045284736,3.443893475354355,-4.166558398761224,5.078615951195491,-3.790378136590682,1.1512556011270336,6.955849465895802,10.521480586745357,-10.5244713027646,0.037901652683692416,0.7160341973408124,2.256251970276418,-1.9646499672785276,-1.819183283368892,1.2344014245486399,3.4364955505277104,-2.139064653053814,4.95601524811967,-3.9523532301314845,0.8843136763739353,9.584044516709525,11.52291798433127,-15.554239731925774,-0.37948013116535584,0.9838893874236482,0.22469610225817807,-2.2548655313464963,-0.5918520260456027,1.3961082457490592,1.5698345328638517,-2.5153944625261655,3.461523996293851,-4.354826775699435,1.8116977563237306,9.700720268488327,10.456905114437376,-14.148211258253909,6.051750245153818,-0.40196361290086524,1.314589424673192,-3.182693805628472,0.11328089267378186,3.128234181915861,0.8826724127603784,-2.2707541123993846,2.5258587724688186,-3.125913584885296,0.4218735212279836,2.013170175017352,-17.182716173891485,-4.3272668541593955,10.136135057164127,-1.1772231872440746,1.6332426411072527,0.30172651126061323,3.1431236548533765,3.0051948161017807,-0.977319015909104,-2.945725235822033,-2.350435744289464,-0.9254547511244813,4.933124605667308,-2.8700356746692535,4.1991633966031285,-2.3117298724966084,-0.7200396208557078,0.11219175518470717,0.3282786294211573,-0.4366522424385777,-0.376438318433218,0.63978451375222,-0.3600941549185142,1.3032638406757229,-0.5872303581085023,1.4110572994535557,-0.10679933587455351,-1.537827217605005,2.5718746482775727,0.3124185646793837,-0.8977996199174624,1.7913424956976258,-0.5648648915119183,3.0971702380591206,-1.1476423751994689,1.0642112110761235,-0.4056090380152465,0.49379639810961756,0.396064556893518,-1.20117562932406,4.337487708932352,-10.56411354975189,5.288587523960249,-1.138939879572658,4.455578045081509,-4.06392092198416,3.3987176762995888,-2.214546028095678,0.023916887323428136,-0.006181933075793743,-0.20480537353275063,0.18708454829147989,-0.3411283089261739,0.685313601053009,-0.16666403734743135,0.32625180615750643,-0.2189361449929462,-0.770081698031469,0.42388004705426824,1.1768133161536787,0.172870203289253,-1.6069374096928342,0.502801634701382,-0.002561162556494376,0.2974803987568738,-0.09858535419914712,-0.06660809258704488,-0.0962846573732408,-3.4151143535650363,14.95032157162508,-4.996394407818771,0.7771821830026926,-0.7487232807557455,-1.8540112529966855,2.553132293581118,-1.199822944504393,0.652073012245786,0.07627894023979206,-0.2762620843013894,1.7774226267562532,-0.7186469885929382,-0.08814047189537225,-0.2640865693207367,-0.9834125644382413,2.312322102294057,-0.8411018908136765,0.13754590780164574,0.3400738184479399,-0.5648432938319303,1.9461158204063116,-0.5568264387578284,0.7743005095846621,-0.6874919521779128,0.2841604313596945,0.09158814410266483,-0.07531264542493749,-8.386214461810189,8.15784838050699,-7.037855436309226,1.3772401758051052,1.9599113876090437,-1.7848161634073827,1.0068565915781227,-0.652096534377818,1.2000804880811116,-0.369402924144994,0.5574255294107419,-0.17200906093420806,-1.557103184427184,-0.9381165970726311,-0.6905515958322712,-0.6950112161633393,2.7157282656529613,-1.4468051442375163,0.04877052181065136,-0.2022059800919551,0.6253114280522477,-0.23968099906082102,-0.9456912675013869,1.5090674475497834,-0.17094810297770005,0.06989500896943057,0.14982641259292542,0.0021802021099301128,-10.782744259786083,10.077959906426562,-7.314164727283837,3.579011437307444,4.990190954641373,-3.3271273868620828,2.493360913151626,-1.6878683675104333,0.3103941273434068,-0.05131829722426326,-0.2596509437171887,0.47056938447651914,-0.42881470375398884,-0.4338743145672116,1.3504436237984123,-1.442375169177988,0.10372788357454693,-0.41913410603697193,-0.013530480728888386,-0.4202099671017628,-0.07012870993114012,0.3284764376837277,-0.8314082546837703,0.43147540211038726,0.8507487647706415,-0.1616608071314925,0.7151046318185993,-0.565920945459209,-10.343274771955501,12.333965207571762,-6.620120858532517,3.307880027576252,-2.133858820187871,5.259088485413997,-0.06599471447021714,-2.0719645538637645,1.396523662040649,-0.5466782855213741,0.2960145362197458,0.09906908043280842,-0.18582678716106088,-0.631371578326929,2.1532876305644204,0.20405283265315793,-0.6337779607996522,-0.4694173654190968,0.990713133035058,-0.4947277108420472,-1.5377431635319567,0.764132662522774,-0.7093044535200308,-0.31644487026721074,-0.5965717789608905,-0.11357369222589672,0.1792018971466337,0.11811642718795438,3.2720766767908254,10.146828688593626,-11.516432286712758,5.850398002096366,-2.2676901099851827,-2.1840994052320486,1.537848190057745,-0.6290855601385159,-0.15503230860846906,-0.12458176754894179,0.42561874668052624,-0.756570752150841,0.8661401391699612,-0.028935894529166287,-0.5621409607702396,0.07114955969946617,0.27581300726657837,-0.8399220171870584,1.8005116915057722,-1.4384369134055242,-5.74482436576496,-15.917511036001656,-9.401071480099828,-9.961697409615773,-8.957177232026284,-15.171269398502183,-8.307874848723639,-3.3688041545070018,1.687159916177143,-5.755659359166376,-3.3144863626278114,1.143289834859725,0.7306455982041007,2.061720269133163,-2.9289944977751095,-0.10167893696019437,-0.7743690156677784,-0.10842796424468548,6.042840865414191,9.821431540685566,0.9974038072386017,3.083006165647496,5.5971191364471435,-4.381015434616043,-2.6954528482402593,7.421716642679039,19.285028601564882,1.8582236751794468,0.49377257637067107,-10.058160774307998,-11.430262020740784,-3.4998711182170203,1.9269162673641607,14.89930891712408,-3.7805863463193328,-8.431091886442719,9.809514809605734,0.3874758775393318,-14.849459460106964,-0.16215428823727418,-1.861888926223547,-21.70233068264844,-11.59924069332137,-8.888387473085618,-10.344042800638508,15.23959728320079,-4.7948060457758945,15.171291282043343,-18.598672230701784,-5.574998212447303,-14.752553274171943,-7.337606629361389,14.695487103692043,-4.519916644798315,18.149542919154275,-7.172300666230541,-0.944689753740141,-11.734834614330916,-4.031408633339159,12.955034996094398,-4.659859167379068,20.369590890552892,-18.401511939090586,0.5191487427309925,-8.094049255787631,9.51096472831814,28.132436500313066,-34.43528246019334,-3.1619647816692704,10.79168775233085,-2.201385720789582,-1.6045174003621385,16.402096155920756,-9.698154380720338,18.38321277167416,-7.9518237336456306,5.126330310471,20.180418684654544,-4.414953379548902,-8.981928203105221,3.8011474526979283,12.856580958345628,-5.623478757296169,6.8411523469028745,20.796726140575323,-12.356111889348574,-7.977295178856135,16.223030872817095,15.06665508717255,-12.118757306000294,4.259245639001802,18.330351502904485,-5.219339568991302,-5.627482877323551,13.301263609529773,22.2105092305074,-10.987033236526624,3.8317584606330994,12.506129167329888,-5.726245812205763,-7.140139849234034,14.586240807603486,19.548637505696163,-11.1617570919444,1.3453294003238876,13.665272191730445,-8.492940166313002,-5.188141988789175,18.615139474263255,17.323972649792264,-12.596962396902516,4.486100449885564,3.2401781435555326,-10.491235583700442,-4.981251473114083,17.987363947456064,16.9490557202682,-11.334773587627383,2.6706306598814877,-11.102539222239422,-4.159710486793215,21.189730913025517,-8.321384593863328,7.734482692578408,-1.1750595232688015,-6.467901233452317,2.838843532009795,-9.724512264760165,1.0859259744121907,1.3412968320962213,-1.8127669510233464,1.2762815709640387,-8.709721041508466,-2.1525293670730186,1.1020578908931968,-0.4775083616451018,0.44884636438768377,0.6144554893335638,-2.668588708592535,-7.2476997347391725,-0.6572459348744805,-8.106965727942208,5.34892628502942,-0.6699146954897948,-2.602075804223825,-1.0511636145049719,-16.71922531568814,6.6534021454099594,-3.509496042219008,3.2116063280331897,0.9770274356878746,-0.12839483899502513,-0.23705171702065345,12.18648112482789,11.381655353460461,-1.7038157828137968,-0.488251750844177,0.2862763148439105,-2.3642994034867195,-0.7999608953848792,-11.228611314574888,3.082297730605723,-0.43826531633379356,1.0274236769523697,0.7296837289380328,2.527657869471504,0.11658826085042084,10.535385321944092,10.490959183508215,-7.8031670530348896,2.040259804054299,0.2762532039595773,-1.799195241373564,-1.0922997233470382,-4.56008493421848,6.915673360335885,-3.982719352119093,2.318533657907534,2.9519614467683204,1.7357908998881886,-0.04529652337624056,10.783273224300277,12.62634590478412,-6.436064700979459,0.8231705085484878,1.0263457459431935,-1.8755488984085684,-1.2786132587734524,-3.804518609459658,14.152651884270803,-2.7612223493380874,0.9395235904329375,1.5642384522427597,-3.04388890912472,3.8281220930651867,11.01965349186265,11.534932265169635,-7.393896281855839,0.03496402173546246,0.0020399170849120865,-1.3847297290750853,-1.4276163098070753,1.38824054338182,13.614814439722045,-13.444771994029319,6.263405111541861,1.1648885434155818,-2.892746958880279,1.2927882103340815,1.4489921179101495,-13.697530903411339,0.9016323584182941,0.07830818304903038,0.8044297441517787,2.267724576647771,-0.5070813139887478,9.606178670521901,12.016131198280519,-7.183660729261601,-5.440945749596413,-9.988653146529225,0.9124848213308017,-0.5842414531136121,-1.9689779070025883,-3.1464015069870475,-2.464943917958617,-0.8417089039214436,0.8631700335283659,-0.11491378832383232,-1.4500863277837723,0.4641585904022606,0.5011242177719514,-0.5511967038013494,0.7106402483343016,1.06352891334288,10.864396772857193,-5.445817179521302,1.913521727407382,-1.4626217819110054,1.7439997750415364,2.1388072618695384,-0.5906345438992585,0.8509132507882781,-3.2632654478842653,-1.1144281313970676,0.28285552589923213,-1.5902871781899706,-0.019572016425658516,-0.384241034225735,-7.852260526723848,1.1680496998607992,-2.161603848712958,-4.037653739347033,-3.326406806889892,4.336794983853915,-2.1713222039160356,0.3002800404790197,0.38015579586793896,-0.6152119294967577,0.29763684820121744,-0.29754260733763976,0.8192285425594633,1.6666659080762318,3.248320195858309,-0.12076513423388494,-1.6921676881801155,-0.14862052783482438,5.458704114746639,-0.16592587837561645,-1.231835203822871,-0.2837775123026323,-0.5315677388621572,-2.8225651798198275,3.2970758917932437,0.45938028122169783,0.14331128660335068,0.4580523677106928,-0.08032600912335375,-22.929439711048463,-8.321906642439497,5.46306563764804,-5.555754626531335,1.535451323823088,0.06652905015054832,-0.752715585962311,0.7427471206950569,1.3780273819479416,-0.2356364742048318,-0.2588408616242587,0.9897652357271955,-0.3285478778735354,-4.076904449121783,-1.824901317179591,0.3430213808080733,-2.2421567585979942,1.208811920346648,0.859631788006897,-0.7660969400333797,-0.14418703689976547,-0.8744953842260796,0.33023849009624234,0.5590535182071825,0.036503198098478865,-0.435441510519851,0.7953198689540788,0.05921973949174895,-17.991391011986973,-6.314453608156432,1.8158460115791304,-2.085449359075808,3.322859148297737,-0.4898509762443417,0.1357087174326968,0.656020658781547,0.12212859557493236,-0.02792220296676745,-0.17271312160853378,-0.009306044017154298,-0.06054720127410851,-2.1597058150675466,6.8844986810592355,-1.642645446558076,-1.4015686172339157,3.651751848422085,-2.368254147323215,0.08301460699988708,-0.49107549982495496,0.08729761550465301,-0.4591009376366153,1.0496970342976089,-0.9523088586019054,0.004732762048831048,0.15993359687831063,0.07944384529640929,-21.037267175494446,-5.486193632326959,-0.9060427851252205,-0.13009792658106475,0.6327676030511509,0.25769597331160415,-0.19929732277658993,-0.42262061771625997,-0.05521620950351121,-0.08803406179966441,-1.5282495776646192,0.08491233783925281,0.5032514912829495,0.5462812642027784,15.24094005318889,-5.001766190275888,-0.9188207164152313,2.6575114274563285,-1.2184026990556012,1.5235745315571922,-0.06505995483359736,0.08037320477437943,-0.49370180546283376,-2.2856816754786786,2.735273210554956,-1.076721382218834,1.0187571119839742,-0.26609013901203143,-21.421635002556503,-4.858507934526633,-1.346519784348451,-0.36282077841162885,-0.2866613421335974,1.0764797206871162,-0.5151986137006586,1.0948441013007826,0.1804240186180173,-0.9402090012259794,0.8138125228725689,0.04653932505772613,-0.04407939276921133,0.7311069150038167,12.826354689879768,-5.868618511114232,3.321566800856512,3.1165419847844937,0.5614614526060893,-0.1799555784002175,-0.11389435253154953,-0.3996015765581302,-0.02857851165912059,0.7614609512794184,0.3239405081109621,0.1957837677710574,-0.3460085896877405,0.32232152660730395,3.906379990629885,24.349392464335974,-8.892560962147414,2.658032278618054,-1.9012463554338088,-1.2264031017385666,-0.13555803207204503,-0.011821280676380011,0.04404901129509848,0.050121887367658935,-0.8402298347035129,0.5936814610744438,0.12289878223208364,1.1216863928115763,-11.807155471937621,-1.9839614636095297,-0.3532352077007205,3.073547757317207,15.221257548979292,-7.2341046597835845,82.73820157978453,100.42782159138956,88.60073173650619,91.49847738112365,89.4429861214021,94.85509932389667,98.72604363720073,40.12758112836128,59.03869268440637,41.909392428291035,51.152455244391305,42.514598193831304,37.62471403789589,46.4256678696251,37.32770311463715,50.8005594654749,38.56404352984254,44.06906543665036,40.24677992974574,34.706476906761516,-1.7131986445661338,-3.628845322275928,-8.852057620794605,17.969504810293078,1.7198013730793715,1.33595670726555,-7.569045310802793,-14.554765661443831,4.474831745166515,-13.140889441002972,18.383845117683904,-1.7491975900736634,4.584832487551618,-2.015555812044313,-16.504727451324264,3.9892808360747707,-0.7902009357878926,14.363190527118297,2.1953890114670305,-8.044438679561017,3.2434518662180123,36.1383855519067,20.364716136064732,14.414409892060496,2.5393958414048834,-8.181550020963579,-2.6769780617032963,-21.067005266604248,22.35383475399878,3.305290880375026,20.578755199588567,-2.9743748587392194,-4.896157223013021,-7.970154409341725,-15.701794577095457,11.727551827490899,3.181532993004765,17.029689310695936,-2.3775403421445196,-11.2531202654717,-7.614543332357401,-14.422837687826437,16.74321548828051,3.422109177242924,19.60975202845068,-5.398279100715125,-5.574662173600869,6.055053337374758,4.5983643315282885,-24.887338167617433,-1.1155704233990293,1.975697199041445,-33.21557514996452,11.577092457204472,-30.31157971860261,7.219716026726438,-7.196529947107394,-5.638570351675653,4.469839987332167,-7.931483227744278,-1.741794726080644,-30.430943170552236,6.234594350712924,-10.556443899950361,-10.229935017656048,5.434048428385127,-7.160013056915801,-14.107599444192235,-25.1973350945735,1.8625957781093678,-4.185528783689451,-4.18281536376813,2.692598114915824,-8.821227742805998,-10.338231501890906,-17.030169411197797,2.9052284759974785,-3.7073775383598906,0.5941199632664197,-0.9626774986110826,-7.839960232989773,-12.07698542898677,-22.867100622048756,2.721206809865444,-3.4906899100112625,0.7478454148005511,-1.1130014606506413,-7.202172743659449,-12.50300917970642,-24.667130524199443,2.327210330252132,-2.548374532961195,0.44166143318561046,-0.055352051437453816,-6.097807450435395,-11.351963986568247,-17.466962402528782,2.367630363618696,0.8127241637281183,6.100962863128799,0.26425297196564124,-9.215558825373279,1.8813101549248719,3.5613670031166,-1.948360639359299,-6.760664568751917,-29.900257327607285,13.13365754285958,-8.845180199421915,3.0038172851124845,-2.717370965993773,0.3457858283804195,5.495418270381149,4.744755082653239,0.271187972756296,-0.7002338848090562,-1.8671014923402236,1.8103215888117377,-0.41745145959456903,-7.039548363555553,-27.366365562358464,12.07053521127246,-2.812060616306337,1.9425435916013685,-2.6846028415232475,3.6981313474458,15.807279378989975,0.7733675747537724,0.17409289350452492,-0.10825364844353559,-2.92009393479817,1.3591027878648285,-0.6983966617349776,-13.616522023403926,2.1159910743670745,7.127789306860471,-4.643882624772359,1.7169726073302074,-2.890361527927743,2.232650266096294,9.291404107015728,3.1253107675880587,0.33020938281886625,2.0265005508813934,-2.1170961921433706,1.9630000195456527,-1.5079424686227945,-16.169097441325782,-9.37176584865991,11.022127282578978,-4.633720144755042,2.6515682545379993,-0.36181711814230777,2.9230168287576537,3.180902708281683,0.8277560311627948,2.6579193143276614,0.8621909785118561,-1.2683072245525688,2.206724417909183,-1.5467037075959629,-17.23953025755783,-8.598350219643372,11.481546010350785,-7.330648754938737,2.662389770091227,-2.479868056289114,3.3987161871300566,2.7612702895528214,-4.289458830170495,2.123468279980818,0.052511218682510345,-0.4994399550362196,1.966035711309527,-1.7299331323780953,-15.676941642278138,-6.760108483025435,13.595341296981175,-2.554467977938019,1.2203550109700885,0.06203265565586037,1.5353937248277214,-0.08196768239285074,-12.654000618476244,1.3085324755207288,-0.21757078326843574,0.8260901673220326,0.5244894658436188,-0.13821160390068649,1.185101093357456,27.689060618653535,6.810335352259715,1.731505855334252,0.46261736727568614,2.9815585755398013,-2.4357319476351855,-7.564306740262261,-14.275067721482158,4.26628385390266,11.81657282423657,7.805577778113256,-0.14258103107846612,-4.398540754764743,8.324155809422784,-3.2194251910527294,-1.3903303734487817,1.6082777085557651,0.4918452417219493,0.7632347915778154,-0.8087136620214102,-0.7340359115441377,0.8298924004984747,0.31076482141508804,-1.0421161548795015,-0.9314522599773971,-11.830310755636342,6.507624944187864,-1.9905527296502752,-0.16284961251990127,2.3185506480234372,1.4069077001885104,-1.1831342071781477,0.6905905975268268,-1.893393248924997,0.04457008335068184,-0.07301836318562901,-0.13139917476953789,-0.08013231846119762,-0.09901027768758719,-1.3781618904846076,-5.218628121659746,13.00479554052471,-3.556612000855734,-2.1357836488178354,1.5397319547026584,-3.115302591086356,1.9130406969345426,-0.7540732059005618,-0.9711374127733584,0.45383329963833774,0.5489115357837565,-0.756427956522282,-1.4992818419260043,-3.242354620347286,-0.21693597778861268,-0.7487031309410661,-2.1275299354642647,0.7208066592171654,0.4258500327286576,-1.3613902543287022,-0.5597657620091144,0.4008715397019856,0.1924768140469657,-1.5808451479597396,0.9333356418160138,-0.218681576285401,0.06996561514484607,-0.3163546515956587,19.016840033701133,-16.81760867183082,-0.46847345182342165,-2.250261478317533,2.060668748410141,-2.110364721616403,1.0416693346638797,0.561872459892553,1.7672440580215636,0.06418282952231896,0.265401206523727,-1.1130079764705496,0.301227020987752,3.976826544501219,4.807701264596496,-1.9789721683062922,-1.3167160676568983,0.8329424897468455,0.9771091498902492,-0.5869369252859473,-0.1506723551581678,-0.8346708452921061,1.2572492025875324,-0.15187155768023852,-0.444559073764976,0.010002321608622498,0.4126380964540429,-1.6948107011806044,21.16456323288003,-4.938558454603745,6.637376113206445,-3.2488861149969486,4.034732425781337,-1.7059144939533255,0.5772456832111711,-0.262588978540479,1.0823383207753838,0.3785949651310932,0.7843742022185721,-0.1216498956821058,0.34648521607961497,2.3640878561417744,-3.7482642468863943,1.7264060009993822,-4.200099919591047,0.39204765775803607,1.1740175304165248,-0.3188017010110853,-0.9737618027939955,0.017536331186646246,1.1130149406575804,-0.04627940742407387,0.046662193256630735,0.006257761300955358,0.1468760231911473,-0.9998304733548324,23.693371770556915,-8.814700212780323,4.786091915036855,-2.708761770892745,2.2350535405907794,-1.3174560598936733,1.7549356496070676,-1.0521915607406431,0.42061546419073065,-0.4463698881876798,0.11868805567471735,0.03698508808698706,-0.4541342084218252,-0.5436937502393961,-13.523647588808254,4.913211155718431,0.1755067442169053,1.4080277839546331,0.02385039120778089,0.5560410011077457,0.25833596214227356,-0.17434548645606118,0.36338683165644686,0.4133698471722091,-0.12649381534655263,0.19409785799603144,0.6694500598394527,-1.0709158709354147,23.887429454863636,-10.79553733598783,4.474060362913644,-3.6822644153532735,0.8089375629152625,0.6632066283972644,0.17992854033336508,-1.4163366088752467,0.8476299172863025,-0.18857459166919097,-0.8177024497643645,0.1595420446016507,0.05699480961556884,-0.6902487141468593,-13.367531311716762,8.052350074405592,-2.2837644690336596,2.7752466507055584,-1.1256818789285092,1.1098041104065244,0.4385601098573826,-0.7971095725952906,0.3063346281348383,-0.3405318451786341,-0.7142277895229072,0.21192511375616455,-0.18677787132366874,0.20948741743872606,-7.3855227883593715,-20.267992430927254,12.096383249716538,-5.188305203869758,-1.5645789737926057,0.9992930487181738,0.24020181143368263,-0.14896381172276885,0.23219737832452522,-0.1389295277995386,-0.772101990843737,-0.6161099339041138,-0.18241712126686713,-1.0588468022746442,11.646231158670952,3.780482695787447,-1.789756611142589,-2.2260074266769814,-15.379442484472042,6.838476514935892
7,18.12653357391064,20.199493075798763,19.1534981801273,18.931287255179353,19.39873668117131,18.345741616559547,24.865618232394823,-3.927253101157661,7.891403131269711,-7.540346066828711,4.992114246673867,-2.7131122155851735,-0.9312338150014469,3.268322721947884,-4.430125117286606,6.811204980684392,-7.632123181035791,8.337460464155537,-16.18359678401829,-18.235903312072878,-0.20080907089698047,-0.9265144235401767,-1.062276698207972,3.4570909697206678,-2.7199934820677565,12.38996012577401,5.6006358596847585,2.6589850421803543,1.5089142010923402,-17.433541151600288,2.8563929448408367,-12.845767076403218,12.83815108813557,6.1368635292356215,5.978206348933697,1.029821792933793,-0.059259176969510455,-11.681901139705122,-2.3719589129188603,-12.516328830645202,0.34054036514592884,4.361133320526998,2.193047591415444,2.1393482160660025,-0.12729795078397677,3.095084106944838,-16.77682044694294,-0.621773355440474,-4.649225170562229,9.486135026529059,12.24699779894081,-3.035377923607476,3.527171866926554,-16.285964569826245,1.8547129703462633,-4.228749376153783,15.870718057681854,8.153572212442981,-1.6799661730941466,-0.3358137356085081,-22.649448637071846,0.9289114822118644,-5.9734039677509125,18.03110363842251,10.159916528451287,0.33236787146267244,8.877178984884665,-8.34522018662302,-4.656557788563627,-10.121958533000686,-16.662992491282306,0.42757634318659726,-2.3313669423796513,2.61776306450306,-3.1868477770586603,1.2254084815146749,-3.884721103829092,7.190008853753514,-15.403861007080346,-16.874672557799915,12.332413304904506,-6.266241739117877,2.5915710477313745,0.6946365756365988,0.7752487351437581,-15.450123988337772,-14.47032970924309,13.435229501549804,-6.704119569277657,2.212074173086367,0.19259803138892334,5.087857413299604,-16.43474266203622,-9.780389738660267,9.573537463714787,-2.6756976569998043,0.9749997959211251,3.4255894051272273,2.022505084394816,-15.64720090479047,-3.5863184355877826,10.250178881408576,-4.709561339579312,3.493105102155424,3.607958070306484,-1.4411126499217737,-9.885616991029053,8.694606506998392,7.997932122657298,-5.8443611888153475,2.5953949592568555,0.9542229088526146,0.4700660974191426,-8.280821144254512,10.715036907782784,6.661739703090132,-2.650656315995322,1.4633626663084092,3.3749855893119833,-0.32536704966609575,-1.3916729863741957,2.7414999356423224,-5.85607122699012,0.9818259954422541,0.3169942231856132,0.4512621417729038,-0.3765280443788126,0.8276484789458786,0.486901553282113,1.7197549845793088,4.776548513507563,-0.735520551682108,-0.4509714456690969,0.6200408438253738,-2.328735421581657,-2.814044774348945,3.4786065925342093,0.721318909504486,1.1637307865500304,-2.5908007255011083,0.18814908216153098,0.8454230610705628,0.7507684765498979,3.82944005497806,4.243542473717862,-4.231806126530774,1.044801936306016,-2.3868738793195283,-0.2561663563769726,-2.5079239688975656,4.796188636004786,0.379529365135225,-0.7075400821557101,-1.9256784958898177,0.6452570465094788,0.5982553612070218,0.4940055880200877,-1.4982701638187559,0.1486890544849105,-5.870845606805121,1.3401109969153473,-0.43570536413554856,-2.390165028684844,2.959039806236252,15.72434136554289,-5.283785024720002,1.8681843288200135,0.636245569391262,0.8537820171781475,0.14541432937900137,-0.96508993440669,-2.709171185216536,-4.73795934120297,-4.544801302097187,1.572081650067756,0.7833784614548586,-2.4952115296389508,3.261412848793547,14.722039438325735,-8.471753910361473,7.723052030380838,-3.5501984550493066,-0.2645017645296737,-0.8978920417862742,-0.06924727092549458,-2.259671842124943,-4.077975860397774,-0.42423508356149725,2.504394170759505,-0.060043398946665466,-1.6671787888528256,1.892325601777446,6.415412485972943,-13.314215448390742,8.50295869942289,-3.316136965904282,1.0176717977999985,0.11006250825159734,-0.8374357390134569,-0.49551782432965236,-0.897077069960336,-1.003982988574149,1.6753288376304192,0.8923029602483619,0.18014830340076038,-0.14164381888846472,4.552660232423514,-13.353055419530726,7.498635926675607,-3.0422532011677097,0.17448893097677098,-0.5341403941828513,0.4995164901246587,-0.19425068172735613,-1.729953335727126,-0.06423077763387966,0.9691713682495283,0.5816018948821884,-1.0868265405873585,0.41407112215404074,-0.19383198315528724,-1.0146392690349049,0.10551256144565432,0.5535600827582975,0.6092094082810022,-0.12665226156116602,0.046690613151668094,0.11028246205413798,-0.5150534431685576,0.8537579939160985,-0.387119895115384,1.3701292291724898,0.1482785241689183,-0.14470488903661194,0.3258659483940667,0.4583602104181769,0.1379416495379869,2.096385966670475,-0.5962967324210691,0.3924337440836872,-0.088186284935348,0.03958029848199684,3.6970810909664364,-9.626232475843743,0.9654080964120391,-0.4819336686751835,0.7450514817527584,0.7338511997843172,-0.38152453053995417,0.5469235867410752,0.3925873372868643,-0.5856934251032442,0.08462340855216777,-0.07922713789634418,0.0001301224757153767,0.17549530597914476,0.03595690540176092,0.9269221527857003,-1.0833270573630076,1.7985149486097625,1.2854662284345404,0.9472588524664033,-0.6134957516229658,0.07972173820436096,0.20668581723730478,-0.2753633669766103,1.6783690619758733,-0.7132455914699304,0.6271428899329549,-0.23858840151410282,2.512597521544719,-10.864936042204587,1.6816835374952712,0.3346974521047119,-0.5918210942348203,1.612006550096854,-0.7469736986856687,-0.99215619002558,0.6029624501209707,0.19669348514537816,-0.7580809189927972,-0.22087723814102714,0.024284981375292024,-0.07384183028840499,-1.9528754595997089,0.9239486299707448,-1.0962903243976556,3.7497784677913715,-0.7051735084178723,2.1730189053189384,-0.7180417909795233,0.6399599689500958,-0.1246675646143196,-1.0520673250057306,-0.4509992712063331,-0.20808133266441783,0.2795171031329539,-0.13782500380567364,-1.3655892273038188,1.245536066948137,1.7200021032101358,1.6168425768891843,0.7890601824162755,-1.8042798303369334,0.2576621011028447,-0.752262673560547,0.686918318644983,-0.27213109027050275,-0.35438598297385704,-0.43064792947425334,-0.0645403101240758,0.04274271644869031,1.167219766333963,1.1711186920626975,-1.368738106762152,2.313176506518016,-1.6059019474470597,2.022661964656577,-0.5083590031534053,-0.044131371377594104,0.17504799548132358,0.8993969907388065,0.9369946065984516,-0.6151426039484479,0.21583493522516967,-0.25447529301312927,-1.0705698521069194,7.972006853541984,3.5986046231068585,-1.1159566693109384,-1.5524761509651004,-1.5381499448476044,1.612309502875198,-1.0308558506922343,-0.5873311708277218,1.2323546828685987,-0.5080899214684028,0.4774193126028764,-0.15943223372027354,-0.2909558707776934,0.23993821736384324,-0.8004861416923199,1.9104646911413896,-1.3980450539302567,0.5670558968882469,-1.9243449804371862,0.9145424713977666,-0.2112774822860025,0.0893473687040243,0.41830799198399976,-1.4375126248443695,-1.324842987077901,-0.029256428843730562,0.1002332946280199,-0.4824782043623441,3.5835878131794896,-10.706878393044414,1.9620899457738445,0.6090386533269533,1.745292963221243,0.5650785722151185,1.0925276532440147,-0.1433787393349413,-0.5652501051454251,0.3855054468539549,0.07229201501010268,-0.1827048195692751,0.3039804114553625,0.5903921728030045,-0.9292320924685172,0.2091532997589912,-2.211538634524475,2.522070767672911,-2.258445836171945,0.5491965845482462,-0.3451301859102399,0.35684484891816415,0.13447717889881855,-0.5567864133113232,-0.08269247025434362,1.020468872713284,0.19886333853236407,0.022753467366595673,1.0386939478034347,-11.4324206995545,1.7792552862288031,0.5093754622815878,1.031137693888684,-0.984950476589894,-0.2725251725172823,0.5769319942887735,-0.978281280122576,-0.013532437362490895,-0.02475068852866821,-0.18010798582306337,0.020207010153345716,-0.006854462712683052,-1.3933051844312772,0.702891564638281,-1.4039690124835318,3.2715487287479488,-4.119131243229463,0.9519915986298715,0.034325404426058755,-0.1073073378144207,0.23890686914896936,-0.29874669323977837,0.025974442742329712,0.24594973615850738,-0.4532648713911031,2.587900380461968,5.177605220265161,3.8240323869970565,2.9423081869366126,3.580628123301662,5.1086278176001,2.9740241987151803,0.8129489475476911,-1.4782943683171141,-1.0095974252905486,-2.855491330773236,0.9393430791190497,-1.329795869121292,0.07289599630415053,0.04114594400606175,-2.4710504304672876,-0.7427190126410833,-3.417298270971682,9.564490436180334,11.647380706548807,-0.3690385815169973,-2.409982953654498,-2.177524905022565,3.1444327880131335,7.612683361879241,-0.05972978914512487,-6.043008251337898,-5.335720424836438,-8.26402136898897,1.7335387782590947,6.2092556333199145,7.803260435561331,3.445997156678215,-2.135148021419121,-8.232269311159865,-4.33981126917472,5.534383399388424,9.332949816255338,-0.9551411654783256,-4.404934145678663,0.38516488090911954,6.958325906927268,2.624022351451346,3.7752366075386763,1.5982864809639865,10.879795112119696,17.12886605204189,-6.7826085231571716,-2.175461491126106,-21.32071258980481,2.769733256868146,2.6305640598023023,15.809418141509495,16.24762699138311,-9.920773965618714,-7.782521079114403,-25.094369230152203,1.1752345842044747,7.7732066945124485,21.288096643330686,12.572139565100803,-10.638005091252998,-8.642232648521375,-24.749017443466393,6.017168352268885,6.727778620422549,11.995512454130916,-16.310485652526292,-2.9168001454747703,-2.2029036101472657,26.15700288718186,0.8684300172355095,-1.4822855336739238,5.420807177981418,-5.028488178803725,3.4315866855496684,-0.5132854994162999,11.73035308308123,2.089587580953933,15.328510990890734,-9.63559526656066,0.9796803927205741,1.0393708054084232,3.391851467694094,10.52775215630422,2.430076790414158,18.036763460297472,-6.946143381384301,0.8871297611849074,1.140089359048365,1.2684423741466748,9.698614465712572,6.272953628638332,14.80181533533788,-7.230605781509021,3.777146437081238,1.1582815455557136,5.07401299821568,9.243357523140336,5.655615150991382,13.978473476326139,-7.570182159666735,2.45608919759571,1.3569390684592482,5.260222102890015,2.6856107081390306,4.982164895731637,8.818889722452901,-3.171432064729094,1.8279628733107647,-0.8533287061661432,4.737205031605598,4.043430389023871,4.32308036888734,7.932467207385687,3.099075801497722,1.4776859328667786,1.861380610080141,4.236404384953938,0.20224808765620644,-2.8576290938925633,3.9935864437793054,-7.918500216324664,1.2818859427675977,0.9404574602675186,0.6874515546435879,1.82989310211472,-1.4869156483070123,-2.031806999156409,1.2654200276079457,3.4364955505277104,-2.139064653053814,4.95601524811967,-3.9523532301314845,0.8843136763739353,9.584044516709525,11.52291798433127,-15.554239731925774,-0.37948013116535584,0.9838893874236482,0.22469610225817807,-2.2548655313464963,-0.5918520260456027,1.3961082457490592,1.5698345328638517,-2.5153944625261655,3.461523996293851,-4.354826775699435,1.8116977563237306,9.700720268488327,10.456905114437376,-14.148211258253909,6.051750245153818,-0.40196361290086524,1.314589424673192,-3.182693805628472,0.11328089267378186,3.128234181915861,0.8826724127603784,-2.2707541123993846,2.5258587724688186,-3.125913584885296,0.4218735212279836,2.013170175017352,-17.182716173891485,-4.3272668541593955,10.136135057164127,-1.1772231872440746,1.6332426411072527,0.30172651126061323,3.142906714397745,3.296164170151425,-1.5275155075015368,-0.7583086785872393,-1.1231360946525732,-0.44169573343458896,0.25154730280910115,0.8783760620680798,-20.822075694120727,-4.058875661079295,6.114821430560095,-3.4696982270715275,1.4656635692046147,-0.6095506356803779,1.3890905736637047,1.4836703843622117,-2.27191830897287,1.2528875582063168,-1.6064595405691973,3.6412468551278225,-1.9545504435763,-1.4968930066220514,-20.798140897952933,10.364894360873363,1.5409731115507064,-4.7251284619070875,2.0154186185889262,-0.18618144612659865,2.9676954349703215,-1.6175025749129128,-3.8006315766388243,1.7613022762751427,-2.2800668232288985,3.833842657277751,-0.7300376946245266,-1.3371178658663374,-15.857752470043886,12.76115990149285,-8.797517195302538,-5.454976229924261,2.8403005659084943,-0.0930480864037034,1.2534268090500127,-2.1912563948094985,-3.370041662650815,1.8479712241673072,-4.282738280706805,4.9895100724800905,-2.4640245792352355,-2.1251718851613837,5.145948907574914,-3.5953857539131495,0.4836810120921018,-0.09276089875140295,0.39454973661804205,-0.1369318389767603,-1.557103184427184,-0.9381165970726311,-0.6905515958322712,-0.6950112161633393,2.7157282656529613,-1.4468051442375163,0.04877052181065136,-0.2022059800919551,0.6253114280522477,-0.23968099906082102,-0.9456912675013869,1.5090674475497834,-0.17094810297770005,0.06989500896943057,0.14982641259292542,0.0021802021099301128,-10.782744259786083,10.077959906426562,-7.314164727283837,3.579011437307444,4.990190954641373,-3.3271273868620828,2.493360913151626,-1.6878683675104333,0.3103941273434068,-0.05131829722426326,-0.2596509437171887,0.47056938447651914,-0.42881470375398884,-0.4338743145672116,1.3504436237984123,-1.442375169177988,0.10372788357454693,-0.41913410603697193,-0.013530480728888386,-0.4202099671017628,-0.07012870993114012,0.3284764376837277,-0.8314082546837703,0.43147540211038726,0.8507487647706415,-0.1616608071314925,0.7151046318185993,-0.565920945459209,-10.343274771955501,12.333965207571762,-6.620120858532517,3.307880027576252,-2.133858820187871,5.259088485413997,-0.06599471447021714,-2.0719645538637645,1.396523662040649,-0.5466782855213741,0.2960145362197458,0.09906908043280842,-0.18582678716106088,-0.631371578326929,2.1532876305644204,0.20405283265315793,-0.6337779607996522,-0.4694173654190968,0.990713133035058,-0.4947277108420472,-1.5377431635319567,0.764132662522774,-0.7093044535200308,-0.31644487026721074,-0.5965717789608905,-0.11357369222589672,0.1792018971466337,0.11811642718795438,3.2720766767908254,10.146828688593626,-11.516432286712758,5.850398002096366,-2.2676901099851827,-2.1840994052320486,1.537848190057745,-0.6290855601385159,-0.15503230860846906,-0.12458176754894179,0.42561874668052624,-0.756570752150841,0.8661401391699612,-0.028935894529166287,-0.5621409607702396,0.07114955969946617,0.4980270090898274,1.354215957734225,0.3061627346815162,0.11942266309490003,-0.16462244204159032,0.21538232365647092,0.1330473133736231,-1.0101173195281228,1.1914947374656157,-0.6168965012284262,0.2614399855105688,0.07552838184380554,2.658938042602057,2.5348704725455664,-6.792691966389476,3.4631384900865436,-2.535883617925033,-2.306238093977273,-3.204744877659133,1.2305911383455044,-0.5743585476595265,0.8293144392019298,-0.17018589570329806,0.043026107761654206,0.13045515678744316,-0.26935424394099083,-0.9900264013158403,1.8495276804862564,-2.5780728217590045,0.7912288990240154,-0.8277329312100398,-0.45801608385961223,-0.08917934828212387,0.7803006736886041,2.046337657145903,0.378445512040612,-0.5441720256752179,-0.24530929843693766,-0.032348602356661295,0.5773619682516132,-0.39049418702979954,-11.279181639070266,8.416077972641823,-7.180884970911687,3.3956790794735303,2.638743638294767,-6.821286057234495,2.357988121261129,-0.9303015903880588,0.36228921525877394,0.508468681688169,0.05623465179852967,0.182579030601161,-0.5047001042572467,-0.9622162719121381,1.2786046195795617,1.0218104788905815,-1.31159825948384,0.8867380689198081,-1.2996040948912568,0.4410808415783177,-0.004320861330376902,0.5779302623541699,-0.9827633982855697,0.4672152676893655,-0.8046041310815419,0.4792511151094357,0.07782094685488736,-0.5660681276491756,-7.636780621044052,13.4195909381768,-6.806328380548385,5.9603642304673,-3.4238571735400534,-2.393110406124272,1.6340907415673231,0.08492252196316427,-0.7946208521521962,-0.2316905238673133,0.07905124388518665,-0.44518100773308344,0.6905366091704637,-0.0985272730214662,1.6260712977915626,1.060737795687529,-0.8999512924502195,1.895082085831017,-1.1211020761038866,0.31157071581539836,1.7188062619340996,-0.5730523931602644,-0.27099929810811885,0.2042520436727845,-0.2792053965779747,0.5877609411617726,-1.021334214267228,-7.090675695628463,-3.938094796256724,-5.606472066427247,-7.163801792350741,-6.425992705273096,-3.0388394596981274,-9.195624110431886,1.9872138142182787,-4.016301205291182,2.030673453845788,-3.693322118858168,1.2010191016059943,-0.4833318596080686,-0.5812625217788783,2.4265703779178747,-5.097851349226262,1.405722114381048,-6.9826810869953,5.802951275465006,2.7328694394508,-0.35055224071486185,-2.670936391541045,-2.6629197985057935,-1.9827815980555403,0.21917450658410245,-9.057093344442688,-12.425291276642405,-6.538333877096739,-0.8691090698233674,15.144092802537134,8.726808034489176,10.258798309828867,-10.748332236646647,-11.088464591595725,-9.368949819609957,5.714080279449276,-5.749633166458838,13.896969598242253,8.927527516087254,8.559736192966858,0.6032515084589295,8.845710879321148,4.011451780335736,2.9476295395320187,6.906065086247702,-0.700145817670556,18.693903658118476,-14.16024238449848,2.3717035648500526,-12.500661985123385,-2.9213116932166794,17.438380454704557,-5.11502993571417,10.843735319152001,-19.891712724784913,3.2364475082182844,-16.70601927282274,1.5313087333966462,14.778159063231826,0.17260236787981642,18.009091524903177,-24.58480103500916,5.180083719896372,-18.059717171647172,6.515236520522044,11.392158430554382,-16.724352930753863,15.365948466771536,-10.10232342795179,-6.303247791605853,21.425691161443975,0.946638956553364,-3.736589648725321,5.942739242864804,-3.6531874894097363,14.485092736864326,-5.903800282361972,-7.170550013531624,14.586240807603486,19.548637505696163,-11.1617570919444,1.3453294003238876,13.665272191730445,-8.492940166313002,-5.188141988789175,18.615139474263255,17.323972649792264,-12.596962396902516,4.486100449885564,3.2401781435555326,-10.491235583700442,-4.981251473114083,17.987363947456064,16.9490557202682,-11.33665151808817,2.9521927469870692,-4.182750106407361,-10.558566194046703,-1.7629021138435255,17.205292947065978,10.344192405339433,-14.287168803076357,2.39628655446098,-8.182238890306177,-11.25532678566619,3.8202060998113754,13.854075385869074,0.18817543595036815,-7.68613919879958,-1.6420322499363083,-9.833863206975243,-12.925992674993646,4.61545921125909,15.113410792486945,-0.14571301357752936,-8.002404831319092,1.6488320728746604,-10.45565148856185,-8.900611015581202,6.667515810047275,1.479614884874639,-8.679338766056238,10.691936462855029,13.463622471423028,0.5258064780230469,-1.2107903744225836,-1.9540533148235237,-0.7129144824923076,-4.650817280678538,6.905915027377858,-3.982719352119093,2.318533657907534,2.9519614467683204,1.7357908998881886,-0.04529652337624056,10.783273224300277,12.62634590478412,-6.436064700979459,0.8231705085484878,1.0263457459431935,-1.8755488984085684,-1.2786132587734524,-3.804518609459658,14.152651884270803,-2.7612223493380874,0.9395235904329375,1.5642384522427597,-3.04388890912472,3.8281220930651867,11.01965349186265,11.534932265169635,-7.393896281855839,0.03496402173546246,0.0020399170849120865,-1.3847297290750853,-1.4276163098070753,1.38824054338182,13.614814439722045,-13.444771994029319,6.263405111541861,1.1648885434155818,-2.892746958880279,1.2927882103340815,1.4489921179101495,-13.697530903411339,0.9016323584182941,0.07830818304903038,0.8044297441517787,2.267724576647771,-0.5070813139887478,9.538193441783077,10.76197357005049,-19.25237940875533,6.637685001161511,-0.6309477624357813,-5.870844035956755,2.7272031875905265,1.7849751901905957,-10.055428509249332,1.9270994117192226,-1.554726456214777,1.6530990615019825,0.7821766515069539,-2.285558675035481,2.395310243740425,-5.273762578077822,-4.558914673607292,9.331577012273558,-4.754244920720264,-3.216118485667429,5.849408625145359,-5.458579267097788,-22.66230636136483,8.879538074390236,-7.8113155211631184,1.2089851570600374,2.1803015394799754,0.34242212664975846,5.321342361999565,4.030268292533163,-5.066951765997134,3.4267398800121343,-2.9363484330114344,-1.817490987963213,4.058503779963517,-5.549804969584856,-21.38856892600091,6.208251914339958,-9.649749642775697,2.06614746025593,2.0833501520058912,-1.6632448319723974,2.749427555275972,-2.792534728331091,-1.231162194948517,2.465045810159567,0.3853874388892564,-1.834647280055436,2.431924036680084,-1.666165796272845,-0.06497492342309265,0.04288423916361675,-0.3323393155048682,0.15056152495451514,-0.21356842438158008,-0.011282629974157141,-0.06054720127410851,-2.1597058150675466,6.8844986810592355,-1.642645446558076,-1.4015686172339157,3.651751848422085,-2.368254147323215,0.08301460699988708,-0.49107549982495496,0.08729761550465301,-0.4591009376366153,1.0496970342976089,-0.9523088586019054,0.004732762048831048,0.15993359687831063,0.07944384529640929,-21.037267175494446,-5.486193632326959,-0.9060427851252205,-0.13009792658106475,0.6327676030511509,0.25769597331160415,-0.19929732277658993,-0.42262061771625997,-0.05521620950351121,-0.08803406179966441,-1.5282495776646192,0.08491233783925281,0.5032514912829495,0.5462812642027784,15.24094005318889,-5.001766190275888,-0.9188207164152313,2.6575114274563285,-1.2184026990556012,1.5235745315571922,-0.06505995483359736,0.08037320477437943,-0.49370180546283376,-2.2856816754786786,2.735273210554956,-1.076721382218834,1.0187571119839742,-0.26609013901203143,-21.421635002556503,-4.858507934526633,-1.346519784348451,-0.36282077841162885,-0.2866613421335974,1.0764797206871162,-0.5151986137006586,1.0948441013007826,0.1804240186180173,-0.9402090012259794,0.8138125228725689,0.04653932505772613,-0.04407939276921133,0.7311069150038167,12.826354689879768,-5.868618511114232,3.321566800856512,3.1165419847844937,0.5614614526060893,-0.1799555784002175,-0.11389435253154953,-0.3996015765581302,-0.02857851165912059,0.7614609512794184,0.3239405081109621,0.1957837677710574,-0.3460085896877405,0.32232152660730395,3.906379990629885,24.349392464335974,-8.892560962147414,2.658032278618054,-1.9012463554338088,-1.2264031017385666,-0.13555803207204503,-0.011821280676380011,0.04404901129509848,0.050121887367658935,-0.8402298347035129,0.5936814610744438,0.12289878223208364,1.1216863928115763,-11.807155471937621,-1.9839614636095297,1.0630594597475944,-2.9084142963710735,0.04403189743637925,0.07479579483323158,-0.4472275781876384,-0.18907673586985865,-0.582158087459347,2.0124158780210535,0.733912671490407,-0.1665046197617388,0.5199084212240684,-0.039138179619099,5.512747843189158,27.04371891247438,-6.512778273035624,1.192629915476644,0.11358398992502906,0.558383208127082,-0.1884381354954966,0.016811827888156453,-0.5052264670163735,0.278223887685886,0.0331700570066061,0.7823114246544625,-0.33895852475819566,0.12599735067145604,1.394008498550175,8.722182481187422,-4.005312353824618,0.7568409395028045,6.422090489665539,-3.924079508452726,0.9417133412762806,-0.4772386551008511,0.7887831344905262,-3.6579268347189524,1.7408102201232964,-1.4364745989342456,0.6059005299213466,0.3093101707170935,0.00884491069171034,-21.630537834659123,-2.6661769771055286,-1.7203635585165316,1.928364281089117,2.744284791294815,-2.5165281499691026,0.5262114535054588,-0.19081435108850767,-0.7399367583765536,0.3978618859531639,-0.2495841068641766,0.028070601431036304,0.06651826949318604,-6.327083141755057,10.98497987984305,-4.353015465847041,2.2229761327051603,2.0210715385590867,-1.6005475393002424,-0.4055687375192167,0.058989585721537986,-0.019326320362188214,-0.218402401495095,0.5013719472029404,-0.8726649885457782,-0.5451531605309731,0.4682503040910032,-0.40971091224811257,-21.56524485216888,-7.690513190637107,0.731563900809705,-0.8495915126498664,-3.016972933226183,-2.1733358281145607,0.5928305957061705,-0.2721870919037024,0.2762900014870928,-0.8903273591387686,1.238081925991927,-0.243797750446332,0.10179780909334873,-1.2508204138378065,12.333767596652553,-1.5912483870931016,0.6052594171216391,3.754822811667151,-1.4658739985830338,1.3109527826866338,-1.4164099442776203,0.7448069417281601,-0.5351220701090089,0.8371604877037397,-0.3993800281357105,-0.7105534442390203,1.3690063993409394,26.926153756274047,27.726594774854792,26.702832512095565,27.853189194550016,26.78306224668511,28.121906501134443,24.109675665849597,39.31081285001206,39.9373034170921,50.00941867139375,37.91035183274467,46.44624555870412,38.64004254089846,47.08667761361185,41.574216844850824,42.92473756929193,46.05819533473326,42.00711911525562,35.99761986103662,33.003403707369344,-0.11817941330197043,0.45228146092453547,-0.6050602481361531,-0.17696375184477026,1.4061326771814782,-6.7084960567574985,19.174487015341054,1.2337545171959405,4.33040700656339,-1.3065264898522244,-15.367232286301103,2.3506676235870416,-11.188872475997895,16.65117999707798,-3.6446402809910077,1.8209922165161172,-1.1572524389074839,0.3149661653481847,-13.990312756471289,11.636525652020108,0.24163232588457184,1.9500646504777692,1.2406754250466934,-2.09400568176033,-4.960637488569483,-9.109066784235996,-15.768306097449766,15.913040724535307,5.186001503609169,15.404122318219825,-4.509981104523852,-8.834884987421217,-10.44900576077993,-15.703320280264403,18.250897544862163,3.417714370656538,20.77307193049028,-6.888022076901037,-5.507731543556196,-12.356606900753633,-12.058798430607064,18.680740085373653,5.922186634574264,17.8937997616222,-11.320610452939409,-6.817182315579878,-3.5566636516209242,5.129800695795709,8.107478586874748,7.831265136297228,-22.669921258386367,-0.017141768946185666,-3.065546711007027,-0.24195790954499669,-3.3651237239559273,1.0764070036340048,-1.1786889567854666,-7.825112358495652,-12.07698542898677,-22.867100622048756,2.721206809865444,-3.4906899100112625,0.7478454148005511,-1.1130014606506413,-7.202172743659449,-12.50300917970642,-24.667130524199443,2.327210330252132,-2.548374532961195,0.44166143318561046,-0.055352051437453816,-6.097807450435395,-11.351963986568247,-17.466962402528782,2.3680416412550773,0.8194455809248601,4.579023259844845,-4.839100380366114,-3.571382247390641,-11.404009451591428,-19.26571285454861,2.050500548744739,-0.14070681455063933,3.4616033186724664,-3.9902026072095684,2.889059390600262,-9.033057848414003,-5.609349882988131,2.1245843011586967,-0.7385550418130782,8.526880743671857,-3.195642767197586,-0.6571121640188486,-5.691647720447604,-3.3824350631845235,5.586471190090102,1.8638148976034687,5.856718855451734,-2.182817589362035,2.4027368799758873,0.49857349907809667,-4.040862470557791,4.207748657464552,-10.024917425882498,-0.013970216736051554,2.0415805255021646,-0.5103150935862482,3.0578398324952447,3.0743552405281345,0.8473580831745029,2.6579193143276614,0.8621909785118561,-1.2683072245525688,2.206724417909183,-1.5467037075959629,-17.23953025755783,-8.598350219643372,11.481546010350785,-7.330648754938737,2.662389770091227,-2.479868056289114,3.3987161871300566,2.7612702895528214,-4.289458830170495,2.123468279980818,0.052511218682510345,-0.4994399550362196,1.966035711309527,-1.7299331323780953,-15.676941642278138,-6.760108483025435,13.595341296981175,-2.554467977938019,1.2203550109700885,0.06203265565586037,1.5353937248277214,-0.08196768239285074,-12.654000618476244,1.3085324755207288,-0.21757078326843574,0.8260901673220326,0.5244894658436188,-0.13821160390068649,1.185101093357456,27.689060618653535,6.810335352259715,1.731505855334252,0.46261736727568614,2.9815585755398013,-2.4357319476351855,-7.566130277939605,-14.170312186478325,3.253722086194457,-1.9515687760692775,1.7178488220017836,-2.512346891227328,1.9274308024641955,1.8772377319437807,31.240085126499995,-2.1261439969991796,0.5312122721847612,-2.2338947502180466,1.083945551700845,-1.5869513069106418,-1.1891680631821104,-0.9127412121306143,2.0246926325708627,-2.3907627994586687,0.44901153326396076,-2.544952065973308,2.6131004002967035,4.094578803462616,27.259331958857054,-18.60628482488039,5.777575269048247,-4.677624722500988,3.533723981232822,-1.2297089307333773,-5.130261941671764,-4.215493367311979,6.893789674448577,-1.8380310170693368,0.6123399323031943,-2.847435288456,2.388753340937048,4.024417507869805,23.121500687148174,-20.66765759294158,4.525714530043898,-6.389425521792136,4.38512634607471,-3.3017689549858966,-0.9597591425482186,0.19546438528407037,5.069315438667488,-1.464535064954817,3.4329641159133866,-3.4645106304657394,1.689045498003174,1.1044044302122913,-3.3584706488326392,1.4297552599110572,0.2103239471259398,0.6768398334112382,0.6611585522482523,-0.09748756496126125,0.34648521607961497,2.3640878561417744,-3.7482642468863943,1.7264060009993822,-4.200099919591047,0.39204765775803607,1.1740175304165248,-0.3188017010110853,-0.9737618027939955,0.017536331186646246,1.1130149406575804,-0.04627940742407387,0.046662193256630735,0.006257761300955358,0.1468760231911473,-0.9998304733548324,23.693371770556915,-8.814700212780323,4.786091915036855,-2.708761770892745,2.2350535405907794,-1.3174560598936733,1.7549356496070676,-1.0521915607406431,0.42061546419073065,-0.4463698881876798,0.11868805567471735,0.03698508808698706,-0.4541342084218252,-0.5436937502393961,-13.523647588808254,4.913211155718431,0.1755067442169053,1.4080277839546331,0.02385039120778089,0.5560410011077457,0.25833596214227356,-0.17434548645606118,0.36338683165644686,0.4133698471722091,-0.12649381534655263,0.19409785799603144,0.6694500598394527,-1.0709158709354147,23.887429454863636,-10.79553733598783,4.474060362913644,-3.6822644153532735,0.8089375629152625,0.6632066283972644,0.17992854033336508,-1.4163366088752467,0.8476299172863025,-0.18857459166919097,-0.8177024497643645,0.1595420446016507,0.05699480961556884,-0.6902487141468593,-13.367531311716762,8.052350074405592,-2.2837644690336596,2.7752466507055584,-1.1256818789285092,1.1098041104065244,0.4385601098573826,-0.7971095725952906,0.3063346281348383,-0.3405318451786341,-0.7142277895229072,0.21192511375616455,-0.18677787132366874,0.20948741743872606,-7.3855227883593715,-20.267992430927254,12.096383249716538,-5.188305203869758,-1.5645789737926057,0.9992930487181738,0.24020181143368263,-0.14896381172276885,0.23219737832452522,-0.1389295277995386,-0.772101990843737,-0.6161099339041138,-0.18241712126686713,-1.0588468022746442,11.646231158670952,3.780482695787447,-1.0975531936750813,4.264717978636632,0.8550865845605433,0.7581415662181561,-0.34812767755113083,-0.3830429065275138,-0.37000412721085574,-0.08526934628527645,0.47137434425926583,-0.2168022681748194,0.36864131898905345,0.1017792031352316,-6.244174290963182,-14.026390461072388,11.969089314837923,0.6327856244036519,-0.4415691839734601,0.773416876393312,-3.6280431099165438,0.9662442253593264,-1.118662299228154,1.231265285510403,-0.5830212702603107,0.5890494209095075,-0.23727593596599564,-0.13506235917463977,-1.029461439809821,-10.026672511437116,4.838587932915336,-4.01538458916704,-1.992336299783058,-0.2781517697741503,0.10465146279529589,-0.8736027012956503,-0.21698883671848987,-0.5935203430374054,-0.4304066875433647,-0.40797078442627205,0.24751989626396728,0.45272983029697,-0.9871261700620644,23.75876021621925,-9.863374940324913,3.4960474008048443,-2.7177738748688567,-1.0719602499395988,-4.818744686827899,1.0819223319721754,-0.3980120235638212,-0.9723944721087513,0.9933622084278849,-0.0917535178293875,-0.15244490560418647,0.1789456478709487,6.379267534902943,-10.03751977724751,3.2636805849725867,-1.6643506088717892,2.0872568072935445,0.04734571856046425,0.14595786748347264,-0.1404595760651179,-0.4265820806421246,0.12140578339696086,0.10931758060940971,-0.739534487536506,0.032599707069872336,0.07595240567068473,-1.2965124890472397,21.823094119318988,-12.492898023624557,3.7694460831421948,-4.047864618669801,-1.5079168685175863,0.11035218948792817,0.9614726287773596,0.020304784479739366,-0.6510248694793243,-0.5847338007283932,0.0008544141309229439,0.11605558920361532,-0.2704106496478262,1.250754849517155,-12.431541823041739,4.64459620668132,-2.4059402171177986,1.9507843307506887,-1.31207412781158,0.4558986502836568,-1.8894826736660646,0.6347141179709803,-0.04616332986535249,-0.02680726813001781,0.2609888192785006,-0.5302274151800831,1.2352901611403153
8,-2.37323277216247,-1.3532455314976815,-0.4038603502939795,-3.5174853014675027,-0.9823116987297639,-0.875403520785985,-2.841722741707396,-3.9882054280322854,0.36770339875582325,3.3971234062253903,-4.830967877126705,4.257448889597247,-4.501491576238504,5.706310927373027,-1.3043706429596391,1.8776510758307468,0.9655464507047162,-6.2617268758847,24.724218330652135,24.486031763683297,-0.004874214212170255,-2.486655835603519,-0.1958871819726453,1.452136664156759,3.9977719153733116,-15.745593837695502,3.6579668702530865,-12.92444198314679,12.33532141141347,5.630400925360332,6.340444401358366,8.013604999035179,-11.35508762483799,0.08160333534389012,-27.991202178593284,-3.400804755138901,6.960246521680926,29.53148949255023,-2.9847412521066503,7.901301032149036,0.029185128125668328,2.4491515417405334,0.537667669106995,4.466723665235335,-1.6045360282136867,-19.62196776194854,2.144990358730443,-5.227147434822344,18.502652553867136,10.17195385940926,-1.4333771471595687,1.2480319460914244,-23.482318094699135,1.550225813919553,-7.545573458231457,20.634468078059033,6.209555953295953,-0.17630170399199713,-3.341342598737863,-25.870815844645712,4.532741717753142,-8.490739329222453,13.884666468614423,4.686988928307539,1.6023261142813883,3.155800615512541,5.922978528276658,-11.290369510468322,6.458426576036663,-9.83072657969853,-3.1188060391661385,0.7718695360443856,3.5048541821482955,4.911505166189502,1.616309684437983,2.696982413457157,-15.660527135564067,-3.6214389839697736,10.250178881408576,-4.709561339579312,3.493105102155424,3.607958070306484,-1.4411126499217737,-9.885616991029053,8.694606506998392,7.997932122657298,-5.8443611888153475,2.5953949592568555,0.9542229088526146,0.4700660974191426,-8.280821144254512,10.715036907782784,6.661739703090132,-2.650656315995322,1.4638947504568083,3.3382349611190087,-1.2691254452214316,-4.044746420575206,20.01988957921658,6.517035377600808,-2.4734272036822125,2.012854638415409,3.0384324274556804,-1.7824306555097273,-2.329209299404506,29.13496023442652,0.6947026706288282,0.5562065099667489,1.4433918800897159,2.8630934404924666,-5.24214805638046,2.047528372966578,19.933731930091213,-0.866437010446002,1.3793701509336316,-1.790220379267458,3.5665535297705233,-3.926387460373581,5.6273115530657085,17.897799140123077,-4.86998594872239,-16.135069740136025,-2.7100065137544362,5.3551203490357535,-0.040454341677784694,-8.225339483253695,-2.903028376534113,-4.941999784153581,1.7026327891290784,0.7489606394069873,-2.4952115296389508,3.261412848793547,14.722039438325735,-8.471753910361473,7.723052030380838,-3.5501984550493066,-0.2645017645296737,-0.8978920417862742,-0.06924727092549458,-2.259671842124943,-4.077975860397774,-0.42423508356149725,2.504394170759505,-0.060043398946665466,-1.6671787888528256,1.892325601777446,6.415412485972943,-13.314215448390742,8.50295869942289,-3.316136965904282,1.0176717977999985,0.11006250825159734,-0.8374357390134569,-0.49551782432965236,-0.897077069960336,-1.003982988574149,1.6753288376304192,0.8923029602483619,0.18014830340076038,-0.14164381888846472,4.552660232423514,-13.353055419530726,7.498635926675607,-3.0422532011677097,0.17448893097677098,-0.5341403941828513,0.4995164901246587,-0.19425068172735613,-1.729953335727126,-0.06423077763387966,0.9911336571380177,0.9643957255247912,1.3067394633852698,-1.4352751007073499,-7.050156912811337,-20.81970671184139,10.319432919519533,-4.6095309118615,-0.9987944420008172,-0.08288179779489134,0.33403597080458935,1.8435933592427471,1.812066941748433,5.85553250431696,-1.270055864971651,1.791782649288399,1.0133846065964436,-1.1207672945222795,-8.123953139376203,-14.461960749450158,9.974606978964502,-2.83681217705522,-1.0100657025045974,-1.3487500860303303,0.7250415911753475,2.9024502541120056,2.3168978354584757,5.2287489097598066,-1.6634513668813562,0.8412245350558831,0.2410566519330841,-2.4526707659327602,-0.6101898868684885,7.08612926400018,4.331376396223958,-4.246749426249678,-0.16768786115815146,0.16102313537240348,0.7306795409581488,-0.49185040088044046,-0.41780902100665845,3.334182255849687,-3.0118204379645093,0.3990640437066529,1.092186252780558,-3.2223149026402838,1.6425885531681756,13.308053503131049,-0.41334944033748516,-18.037830259541916,6.681554054119771,-0.6682511701027002,-0.9493354734016538,2.0675575360048053,-1.4529607375844258,1.9864735663992061,-0.5083590031534053,-0.044131371377594104,0.17504799548132358,0.8993969907388065,0.9369946065984516,-0.6151426039484479,0.21583493522516967,-0.25447529301312927,-1.0705698521069194,7.972006853541984,3.5986046231068585,-1.1159566693109384,-1.5524761509651004,-1.5381499448476044,1.612309502875198,-1.0308558506922343,-0.5873311708277218,1.2323546828685987,-0.5080899214684028,0.4774193126028764,-0.15943223372027354,-0.2909558707776934,0.23993821736384324,-0.8004861416923199,1.9104646911413896,-1.3980450539302567,0.5670558968882469,-1.9243449804371862,0.9145424713977666,-0.2112774822860025,0.0893473687040243,0.41830799198399976,-1.4375126248443695,-1.324842987077901,-0.029256428843730562,0.1002332946280199,-0.4824782043623441,3.5835878131794896,-10.706878393044414,1.9620899457738445,0.6090386533269533,1.745292963221243,0.5650785722151185,1.0925276532440147,-0.1433787393349413,-0.5652501051454251,0.3855054468539549,0.07229201501010268,-0.1827048195692751,0.3039804114553625,0.5903921728030045,-0.9292320924685172,0.2091532997589912,-2.211538634524475,2.522070767672911,-2.258445836171945,0.5491965845482462,-0.3451301859102399,0.35684484891816415,0.13447717889881855,-0.5567864133113232,-0.08269247025434362,1.020468872713284,0.19886333853236407,0.022753467366595673,1.0386939478034347,-11.4324206995545,1.7792552862288031,0.5093754622815878,1.031137693888684,-0.984950476589894,-0.2725251725172823,0.5769319942887735,-0.978281280122576,-0.013532437362490895,-0.02475068852866821,-0.18010798582306337,0.020207010153345716,-0.006854462712683052,-1.3933051844312772,0.702891564638281,-1.4039690124835318,3.2715487287479488,-4.119131243229463,0.9519915986298715,0.034325404426058755,-0.1073073378144207,0.23890686914896936,-0.9518266658787269,-0.029703246392493915,-0.27328633682577286,0.2090453263854113,-0.31662700870475596,-3.0476681395356158,-4.3540732343480935,5.917398187450637,1.0033402934902922,-0.7762310874279565,-1.5827424007698458,0.5095790643497454,0.10731332214401751,0.4654833367163407,-0.974830228033367,-0.046498587960394126,-0.03371556798536688,-0.1653770050906048,-0.037175107783901956,0.5234067088716376,0.9692021397939753,0.8195928559587409,0.8941992250222106,-0.7549937841418304,1.6358186891417879,0.15665636404658942,-0.26104959992343335,0.09449437392827996,-1.3055505963058152,-0.34761594205235413,-0.1391830859277586,0.1576554583032683,0.0989541715617154,-2.341101004741622,2.6703409634625994,9.104523698988368,2.3696391879457916,-1.1995454167400244,1.3128001039845363,0.3138140867133725,0.9949216039056311,-0.06694803006668062,-0.5422847658018618,0.2523458732725861,0.17453749688030934,0.23729096332802152,-0.1861823507939831,1.6706799144529336,1.0072509042119397,1.420684502557351,0.5490428346384133,-0.6687709501458857,-0.8870247033314244,0.6418134915387161,-1.0975499659327153,0.46108866641437113,0.07148933015373427,2.0702985731219297,-1.0135231464816106,0.9387388949439809,-0.14780425578256748,0.0525925388542921,-1.5033843391552424,-13.52048377731498,5.536019091070894,-2.4166022451262825,-0.3531112284493528,1.7622250610300612,-0.18226826678529057,0.06780390240290368,0.43423461595427904,-0.44496458192978544,0.24277142474192837,0.32373287531341266,-0.12920922601031043,0.12965388853190668,0.689567685801756,1.9180977159593002,-3.090227518527944,1.9253958257649397,-3.3668511951640747,1.3959063338844415,-0.6640363595233443,0.2433864710924752,0.17637875667182326,0.5406014224293165,-0.9934486026107853,0.5775502477735743,-0.259552317882746,-0.25555326569332276,-5.569547023941128,-17.602771516210865,6.561594854569001,11.529684207954736,6.699378837883354,-1.35993949078003,1.7180766748739107,0.3744156266893427,2.260096662666077,-0.03207771087745542,1.6241534174508336,1.3370597868097405,1.108606787097244,0.598027052479733,0.09852129317723696,-2.0090584921810044,-1.6828082873275854,-1.2572791244931756,-0.16635410296002906,-0.9447058105985862,-2.9939589424795345,-0.3969022172527128,-1.2310866666279903,-0.3709578779218256,4.06140615087143,6.632182518205507,0.30669133644905566,-0.33044472811008857,1.1863408761874803,-4.724073549446781,-3.3884302926786813,-0.2931546546139312,5.347063627279401,7.719351966350859,2.4452959816006357,-2.2152409570731986,-6.759425430990956,-11.63162118907717,-1.0515700857175134,0.6408327512216889,6.191413549127141,-1.547295858947831,0.2741683574749484,-5.589285208787293,0.2825337264981389,2.900744191577979,-0.20142740328161948,-2.8383652984318557,-1.1004011340797641,2.4330424135738533,20.011541898130552,15.368281818322302,-9.492911033446072,-10.031030866851456,-25.86594549676217,5.533991838661351,6.147881703690189,20.452862822238583,11.506918609235877,-11.110258340706118,-9.164441050319446,-24.44108001308843,8.419928460645389,4.996869885812043,21.41144371971798,8.570975683323567,-12.267505856166823,-7.62007601263321,-19.391555982181163,9.900247634706899,0.44611936587529427,19.31582869576606,7.260313522951448,-11.390117727992548,-18.618578654614563,1.767813302177576,-6.030101071463332,0.0587024620675766,3.9356570087065377,0.6231183762161343,7.40918473619109,8.597498727642096,5.7277824324862925,13.983895495968786,-7.570182159666735,2.45608919759571,1.3569390684592482,5.260222102890015,2.6856107081390306,4.982164895731637,8.818889722452901,-3.171432064729094,1.8279628733107647,-0.8533287061661432,4.737205031605598,4.043430389023871,4.32308036888734,7.932467207385687,3.099075801497722,1.4776859328667786,1.8621614233997157,4.28972882184907,1.1213349390344642,-1.3681911767108779,-8.25076606317478,4.02977420578911,-0.08184799864945862,-0.7164571741370591,3.8892687738057106,0.7351390566784619,-2.8204533312266773,-14.654387746680321,5.029213996254419,0.015346307724167202,0.5693330652366629,1.801399701513372,-4.511010832529771,-3.827989063828317,-18.07605854136097,8.380056936788367,-1.7480094962012789,-0.6945162246570217,2.4636506137301253,-8.319851638293462,-3.1832410493082794,-25.5390456140509,2.140828539796291,30.691268934453106,-5.357007874574213,11.545273538208567,-0.009903949904471413,-2.8330306556385296,0.8295155799119274,-1.5759249456454212,-0.9368640149137827,-0.456686515271231,0.25154730280910115,0.8783760620680798,-20.822075694120727,-4.058875661079295,6.114821430560095,-3.4696982270715275,1.4656635692046147,-0.6095506356803779,1.3890905736637047,1.4836703843622117,-2.27191830897287,1.2528875582063168,-1.6064595405691973,3.6412468551278225,-1.9545504435763,-1.4968930066220514,-20.798140897952933,10.364894360873363,1.5409731115507064,-4.7251284619070875,2.0154186185889262,-0.18618144612659865,2.9676954349703215,-1.6175025749129128,-3.8006315766388243,1.7613022762751427,-2.2800668232288985,3.833842657277751,-0.7300376946245266,-1.3371178658663374,-15.857752470043886,12.76115990149285,-8.797517195302538,-5.454976229924261,2.8403005659084943,-0.0930480864037034,1.2534268090500127,-2.1912563948094985,-3.370041662650815,1.8479712241673072,-4.25845270372789,5.4704892196707915,-1.7749989639095147,1.2435147583913777,7.0820114607483315,25.60214502326165,-13.470835002900127,-2.9570521386794444,0.32894173844998076,0.4081529019525426,1.0856157328155231,-3.329534344007126,-0.873235188151323,4.348006323983769,-3.8497129847738623,4.93746872353378,-1.0702445525948612,0.49687224327154533,7.677856684664396,22.9403523723324,-12.548157272398655,4.112333016903741,0.8908087792055772,-0.684517586398663,-0.7338513316959363,-2.75580628734387,0.6811982858191037,2.839767841633609,-3.1836809101277947,7.153606440191625,-3.6499770316372255,0.31152482221326433,8.827918624081624,9.260742033377365,-8.59084405084392,3.9332575351991452,0.8258414275446713,2.2342987423005636,-1.2077036813679984,-0.035614771240101664,2.2478564259083633,0.9327522945141993,-1.0975270470162053,4.439990516963942,-3.344084200806106,-0.024096707516857684,4.924961337246882,-7.0920516102729225,-4.402128710922576,16.34691880882071,-12.416516711728788,3.95002872690564,0.03500840798709265,1.2937543738199517,0.4028527223644601,0.1007024034762559,-0.16462244204159032,0.21538232365647092,0.1330473133736231,-1.0101173195281228,1.1914947374656157,-0.6168965012284262,0.2614399855105688,0.07552838184380554,2.658938042602057,2.5348704725455664,-6.792691966389476,3.4631384900865436,-2.535883617925033,-2.306238093977273,-3.204744877659133,1.2305911383455044,-0.5743585476595265,0.8293144392019298,-0.17018589570329806,0.043026107761654206,0.13045515678744316,-0.26935424394099083,-0.9900264013158403,1.8495276804862564,-2.5780728217590045,0.7912288990240154,-0.8277329312100398,-0.45801608385961223,-0.08917934828212387,0.7803006736886041,2.046337657145903,0.378445512040612,-0.5441720256752179,-0.24530929843693766,-0.032348602356661295,0.5773619682516132,-0.39049418702979954,-11.279181639070266,8.416077972641823,-7.180884970911687,3.3956790794735303,2.638743638294767,-6.821286057234495,2.357988121261129,-0.9303015903880588,0.36228921525877394,0.508468681688169,0.05623465179852967,0.182579030601161,-0.5047001042572467,-0.9622162719121381,1.2786046195795617,1.0218104788905815,-1.31159825948384,0.8867380689198081,-1.2996040948912568,0.4410808415783177,-0.004320861330376902,0.5779302623541699,-0.9827633982855697,0.4672152676893655,-0.8046041310815419,0.4792511151094357,0.07782094685488736,-0.5660681276491756,-7.636780621044052,13.4195909381768,-6.806328380548385,5.9603642304673,-3.4238571735400534,-2.393110406124272,1.6340907415673231,0.08492252196316427,-0.7946208521521962,-0.2316905238673133,0.07905124388518665,-0.44518100773308344,0.6905366091704637,-0.0985272730214662,1.6260712977915626,1.060737795687529,-0.8999512924502195,1.895082085831017,-1.1211020761038866,0.31157071581539836,1.7188062619340996,-0.5730523931602644,-0.27099929810811885,-0.4723072815885035,0.12289703784607134,-0.15815585267375895,0.13541747964129588,-1.1318743256340165,3.1720094133371894,2.5701101652461515,-11.715651269262803,7.3499956523850285,-4.845542615741106,-0.42007127595768845,0.6732581854018715,0.454558246253405,-1.2680574863156104,0.498503320979263,0.04579910266808531,0.0113536794170324,0.3031660349728758,-0.09481485852416081,0.03562429877046612,-0.23355341307866517,-0.9575151004571321,1.2966925228419672,-0.7037320930694415,0.2939227289935751,0.6273486450472724,-0.39438206761297495,-0.204147939174901,-0.15170005443708964,-0.6901518903459517,0.14023806989466364,0.0021891667742311386,-0.06858588397425043,3.3024110217699816,5.780155372978264,-10.20987131682106,4.862058623251992,-1.1463281823912777,3.6686309422725265,-4.429563376171322,2.629653343096691,-1.030727636199006,0.8650876261236686,0.714732176785476,0.14138039414362177,0.5315571174739047,-0.45462376210302535,-1.7439672845212797,-0.3890970552409871,-0.501788603536119,2.014469597175739,-1.0561006409853129,-0.2896697022701032,-1.0592212376268795,0.0682184474608453,-0.7748527292349923,-0.537540068520842,1.6779056837127238,-0.02784026938668878,0.04684713495709317,0.1705552768320056,-0.34014170178032704,-7.763032941075425,16.285233884066255,-6.878111305225945,0.33341420361884616,-2.3238729833369165,-3.9019445194364057,2.5192034120018545,-1.7422514919520986,0.7995284503312606,0.15521848109936387,-0.9504157562222721,0.2975053159831506,-0.33908019349281,-0.9216925451479248,-0.10025228959997722,-2.2732665719426746,0.901024557815995,-0.4504053869192895,-0.7309792123580797,0.2116238700980903,-0.9659313064969315,-2.594236243981526,0.16229461215393787,0.24727768778735604,-0.47439279615337104,0.11420964651063922,-0.009692712243297567,-0.44455100141269605,0.22708325623013206,18.714207973548216,-7.563483970316417,-11.618700742956406,1.1011874733901998,-1.2894869597003997,6.659915544139029,8.15911362955161,5.805049548126591,9.16374317498655,6.497104827061518,7.21277980933396,8.349501152020466,4.4328022984601185,0.0005689663896772945,-2.6191632015481217,0.3219060530840532,-6.2223961569471244,6.322000629841668,-0.20925016906578053,3.666212461337288,-1.4523121623704258,-2.6074044732331947,6.293014092488045,-18.271249663411858,-17.438249835032988,-0.19921561873497512,2.0759115704982825,-0.6369522036635695,1.9952291608721504,0.9000117007687918,14.27417852065238,8.941776279947453,11.829177341300642,-9.992858598075323,-1.4117852211881698,-15.368863848472127,-1.223871303647319,10.331997814047591,7.405718753643352,21.65862672298122,0.9629502884259783,-3.320767853994638,-24.97746423748055,-4.433916289263726,-7.8417702292659595,0.5162467076497049,2.7685741034828095,2.6399534798165414,-1.3632881928471838,3.82249633639402,18.362282779981104,-20.41925555920431,2.449598050741926,-18.662944353516274,6.7964030018512975,14.809410400856075,-2.244771047550023,18.228750453550433,-24.016432948006557,8.216001957276386,-6.063427790416048,7.096125192366728,12.451516865198736,-2.1210335927905293,11.622814264138258,-23.493323312124947,9.089859211371,-15.724282498981703,3.8809421628652,-1.8660197776529708,-3.9264253412815844,0.7449280828821714,3.0503574881621756,-3.3148363352533563,8.00095273738486,-5.883434849360138,-0.5502399680909067,-8.934191282281,-3.2302455553227016,-5.257957033939833,-3.1981945528807967,17.19429603394935,10.413400777237468,-14.287168803076357,2.39628655446098,-8.182238890306177,-11.25532678566619,3.8202060998113754,13.854075385869074,0.18817543595036815,-7.68613919879958,-1.6420322499363083,-9.833863206975243,-12.925992674993646,4.61545921125909,15.113410792486945,-0.14571301357752936,-8.002404831319092,1.6488320728746604,-10.455697412926883,-8.99454207210963,5.1120060794996816,7.535721885583985,-6.642316433296186,-1.5329850690809015,2.284678736353663,-11.555556877742385,-5.455866956782156,4.546798154674118,6.365670912324122,-16.070311850118404,-2.8440011770384626,2.4827773784647538,-13.146659778466692,-3.44939286734668,8.519508009000031,0.8268598180905787,-25.946948719534355,-2.234156678757614,0.07973586920570278,-3.2089015962936442,7.481109923091151,4.33291412942549,-1.3124695218282492,-18.40628627204539,3.5660772472772915,17.875769561702047,-1.9358022170975282,-7.919557086287149,-1.9358995156764474,-3.816588306105349,-14.5912931981136,4.89952289485797,-0.3633880296491339,-5.854642451947888,2.7272031875905265,1.7849751901905957,-10.055428509249332,1.9270994117192226,-1.554726456214777,1.6530990615019825,0.7821766515069539,-2.285558675035481,2.395310243740425,-5.273762578077822,-4.558914673607292,9.331577012273558,-4.754244920720264,-3.216118485667429,5.849408625145359,-5.458579267097788,-22.66230636136483,8.879538074390236,-7.8113155211631184,1.2089851570600374,2.1803015394799754,0.34242212664975846,5.321342361999565,4.030268292533163,-5.066951765997134,3.4267398800121343,-2.9363484330114344,-1.817490987963213,4.058503779963517,-5.549804969584856,-21.38856892600091,6.208251914339958,-9.649749642775697,2.06614746025593,2.0833501520058912,-1.6632448319723974,2.749427555275972,-2.792534728331091,-1.231162194948517,2.465045810159567,0.38669303615937456,-1.8351411511813684,5.109207076856418,-2.358814329344408,-2.9122476342970667,1.379807848278666,-10.071621951492487,1.3352404470269734,0.3115762139673316,-1.0966798243256048,-0.5372945281151686,-11.934880718921827,3.595824550251987,-0.6595441864767632,-0.004978780239496921,-2.1948234440637826,4.944386192513291,-1.8842368232129123,-1.4356021312958585,7.121255049759762,-10.171552706294133,3.563718395894555,-1.1290379788994898,-2.53569759820161,-1.5829431753322054,-15.313440210574463,5.959991197822656,-1.8784629227136074,1.8010538195043586,-0.3421688604212274,2.183322983697877,-0.12218538079947273,12.78060767446883,14.721011807246214,-6.019262969443855,5.1825677173138365,-0.4607410401297224,0.6941930510850003,-1.397987852074698,4.993185239919906,12.175992294375428,-19.05194944300438,4.841181447404259,2.469740752389307,-2.4111256708651267,1.1403623531419746,6.697654633982522,5.033826659326498,-3.5044417141345563,-0.17233447690241346,-11.367383228873567,2.8074867080929375,-3.296109080401523,-2.033401619498467,-0.07406165750645403,0.09636519572090226,-0.4472275781876384,-0.18907673586985865,-0.582158087459347,2.0124158780210535,0.733912671490407,-0.1665046197617388,0.5199084212240684,-0.039138179619099,5.512747843189158,27.04371891247438,-6.512778273035624,1.192629915476644,0.11358398992502906,0.558383208127082,-0.1884381354954966,0.016811827888156453,-0.5052264670163735,0.278223887685886,0.0331700570066061,0.7823114246544625,-0.33895852475819566,0.12599735067145604,1.394008498550175,8.722182481187422,-4.005312353824618,0.7568409395028045,6.422090489665539,-3.924079508452726,0.9417133412762806,-0.4772386551008511,0.7887831344905262,-3.6579268347189524,1.7408102201232964,-1.4364745989342456,0.6059005299213466,0.3093101707170935,0.00884491069171034,-21.630537834659123,-2.6661769771055286,-1.7203635585165316,1.928364281089117,2.744284791294815,-2.5165281499691026,0.5262114535054588,-0.19081435108850767,-0.7399367583765536,0.3978618859531639,-0.2495841068641766,0.028070601431036304,0.06651826949318604,-6.327083141755057,10.98497987984305,-4.353015465847041,2.2229761327051603,2.0210715385590867,-1.6005475393002424,-0.4055687375192167,0.058989585721537986,-0.019326320362188214,-0.218402401495095,0.5013719472029404,-0.8726649885457782,-0.5451531605309731,0.4682503040910032,-0.40971091224811257,-21.56524485216888,-7.690513190637107,0.731563900809705,-0.8495915126498664,-3.016972933226183,-2.1733358281145607,0.5928305957061705,-0.2721870919037024,0.2762900014870928,-0.8903273591387686,1.238081925991927,-0.243797750446332,0.10179780909334873,-1.2508204138378065,12.333767596652553,-1.5912483870931016,0.6052594171216391,3.754822811667151,-1.4658739985830338,1.3109527826866338,-1.4164099442776203,0.7448069417281601,-0.5351220701090089,0.7940604931403028,-0.4461645521027397,-0.25899372080287747,0.7611772420767507,-0.7732532814103072,-3.5345998993235543,0.33381934190693346,0.49862250353390786,-0.39090098146551583,-6.108687096606763,-1.689587218832252,0.698769902207498,-0.1333644052704434,-0.6086613890456269,0.4929483456226982,-0.5506463251701353,0.1773477340892548,0.14187968934262898,0.858840786873761,-4.794773717127355,-1.6877691638670906,2.0961674018085996,-2.455372251236672,1.8378182832636452,0.9949997320981888,-0.9332736557171455,0.8257560761393141,-1.399325072489802,1.426714548411961,0.3892136776284939,0.05440260249533524,-0.10412680922054365,-0.395132295992312,4.033209755053671,24.524532281661273,-8.198698253430308,-1.6616342635205101,-2.445608351947016,3.4116343344543543,-1.2847689167830276,0.4544330946406425,-0.47618877979574464,0.0373732461626753,0.056702726561482446,0.3687166213687118,0.354109233721729,0.0617327745751856,-12.776377697556125,-0.9559972492907032,0.4223135437333048,-2.7303572927480446,2.774118101059059,-2.1486637439966767,0.28743625258295014,0.5002483189699326,-0.5886973255646104,-0.04410620134233767,0.5646817706390973,-0.8479632452193195,-0.14418745571157587,0.24921022712806049,0.10771592653625153,-21.670394200138276,-1.651588197459174,0.1288217525487027,-0.3659314161018816,1.586195320358512,-1.5200837606314779,-0.020473527779154455,-0.4875675436785249,0.09626561492712762,0.3599409090807165,0.24285132558304434,0.4333132086593903,0.17447615054232346,-0.6179689991396464,-5.96126070157656,-0.7496765896291828,2.185971146369523,4.533268511234224,-4.599307977774151,0.1970203917527202,0.601322432899312,-0.7341695329540869,-0.12492697759464357,1.229811502265797,-1.4718937225015716,0.035947697408584056,0.44089229058222573,-0.6800985487097171,-11.374815261847264,-1.9062326116243524,-0.6945537703142485,4.389043872892071,13.194983627969004,-4.507328582642752,32.90895919710097,34.46366297905522,32.55407676618048,33.796105628575646,32.42542847597705,35.303806405839666,28.75211844326896,50.12646152916259,36.432292570401614,48.73110456400288,41.229728427489746,42.786685097843545,46.14124296943678,33.67280118387476,52.062023622464565,39.16888050004745,44.196092825745396,35.47363276192605,56.12212844885735,61.277491020606,-0.39598211845348186,-1.0375321782826616,-2.2156496853796046,0.5529661485132031,6.570899677033787,-0.37700352355761385,-13.144364850346268,0.22366392118821193,-12.338588152529502,16.5381435702883,-1.0247638646104926,17.850879099444377,-4.272565185648245,-11.262838582095434,1.318545138673199,-4.21005902869584,2.805105358850809,3.934584614560326,8.134411120427636,2.5766124249102296,0.34343159641047105,5.574114097990409,1.993191173271191,-2.167057362576319,-14.03816676333671,-13.70873418806176,15.338558632867224,2.763798692654304,20.039786118143745,-9.627923403805937,-9.994027216170075,-12.010223822559878,-9.287793841805831,16.99264161082516,3.9382451084267154,14.514019449051847,-12.439814079865691,-3.953625182701611,-14.519377461009036,-11.64199006891116,16.752411233200306,0.38885633123078045,16.03798734512302,-9.773939363289491,6.603385553798586,-12.166761264505148,-5.128650886254035,7.303702746149721,10.754532681593304,-6.829581092916682,8.95802523666416,0.44819202372612477,-3.279371825930944,2.399484530740153,-8.441007613935279,-2.74932877854463,-11.39444205154167,-19.29882596988858,2.050500548744739,-0.14070681455063933,3.4616033186724664,-3.9902026072095684,2.889059390600262,-9.033057848414003,-5.609349882988131,2.1245843011586967,-0.7385550418130782,8.526880743671857,-3.195642767197586,-0.6571121640188486,-5.691647720447604,-3.3824350631845235,5.586471190090102,1.8638148976034687,5.8567580171655615,-2.1966294319465827,2.0763489434559936,2.6975736912828117,12.67642383391893,1.1663600312963702,3.6730074981846688,5.868489113021759,-4.162332918281889,2.588038530430175,2.9428672651597925,20.595606571865595,4.283514258317044,4.784825328937594,7.859072228929181,-3.3983086113885603,7.724342040584504,5.192136608456077,24.204152475426696,-0.3776395970384877,4.026065633215718,-2.776084088137248,-3.4858227120020002,8.652561307604511,3.5256958644555465,27.806072611399134,-3.358667180797863,-30.86171256460659,2.4192019269093277,-8.358934493207354,0.03862957105989452,-0.9441532045804002,-1.9772304946099324,-0.253998813391613,1.412760061438716,-2.502681554931661,1.9274308024641955,1.8772377319437807,31.240085126499995,-2.1261439969991796,0.5312122721847612,-2.2338947502180466,1.083945551700845,-1.5869513069106418,-1.1891680631821104,-0.9127412121306143,2.0246926325708627,-2.3907627994586687,0.44901153326396076,-2.544952065973308,2.6131004002967035,4.094578803462616,27.259331958857054,-18.60628482488039,5.777575269048247,-4.677624722500988,3.533723981232822,-1.2297089307333773,-5.130261941671764,-4.215493367311979,6.893789674448577,-1.8380310170693368,0.6123399323031943,-2.847435288456,2.388753340937048,4.024417507869805,23.121500687148174,-20.66765759294158,4.525714530043898,-6.389425521792136,4.38512634607471,-3.3017689549858966,-0.9597591425482186,0.19546438528407037,5.069315438667488,-1.464535064954817,3.4368141469490867,-3.413628597487111,2.122252841863478,-0.48889803420005995,-10.133632067576647,-30.213115545810325,9.939155276591094,-6.554762237404273,1.6385391544415855,-2.2961758494811586,2.4746681016646717,10.180301109532524,3.618305058734326,-0.23453419335996653,2.517889745556765,-3.1080245034831417,3.0932764410708695,-1.8735654110708275,-13.677760664861008,-28.09419607231506,12.116240690697103,-4.3389213945380645,1.5597903473691228,-3.8235864366817447,4.863913105857695,13.93323024353485,2.5563834221582296,0.6806452262409038,1.0571767612188285,-3.1746491792392635,2.9670711323640573,-1.8706831936444155,-15.677773342864056,-9.156160941652615,13.618723013666564,1.9483896216704688,0.1026986814044856,0.9525595620398052,-0.11556675624167481,-3.1128870363296057,-10.769203188921445,3.0303280494247584,0.6215606663595705,-0.21952954060230864,0.06718863500347845,-0.8010347656905189,-8.211431584894477,10.775438172566774,3.410240762727377,-19.12372951267321,17.06143682821721,-3.8655312478074126,0.27002679003809155,4.2876402332566155,0.7295550393844736,0.77642695431658,-0.34812767755113083,-0.3830429065275138,-0.37000412721085574,-0.08526934628527645,0.47137434425926583,-0.2168022681748194,0.36864131898905345,0.1017792031352316,-6.244174290963182,-14.026390461072388,11.969089314837923,0.6327856244036519,-0.4415691839734601,0.773416876393312,-3.6280431099165438,0.9662442253593264,-1.118662299228154,1.231265285510403,-0.5830212702603107,0.5890494209095075,-0.23727593596599564,-0.13506235917463977,-1.029461439809821,-10.026672511437116,4.838587932915336,-4.01538458916704,-1.992336299783058,-0.2781517697741503,0.10465146279529589,-0.8736027012956503,-0.21698883671848987,-0.5935203430374054,-0.4304066875433647,-0.40797078442627205,0.24751989626396728,0.45272983029697,-0.9871261700620644,23.75876021621925,-9.863374940324913,3.4960474008048443,-2.7177738748688567,-1.0719602499395988,-4.818744686827899,1.0819223319721754,-0.3980120235638212,-0.9723944721087513,0.9933622084278849,-0.0917535178293875,-0.15244490560418647,0.1789456478709487,6.379267534902943,-10.03751977724751,3.2636805849725867,-1.6643506088717892,2.0872568072935445,0.04734571856046425,0.14595786748347264,-0.1404595760651179,-0.4265820806421246,0.12140578339696086,0.10931758060940971,-0.739534487536506,0.032599707069872336,0.07595240567068473,-1.2965124890472397,21.823094119318988,-12.492898023624557,3.7694460831421948,-4.047864618669801,-1.5079168685175863,0.11035218948792817,0.9614726287773596,0.020304784479739366,-0.6510248694793243,-0.5847338007283932,0.0008544141309229439,0.11605558920361532,-0.2704106496478262,1.250754849517155,-12.431541823041739,4.64459620668132,-2.4059402171177986,1.9507843307506887,-1.31207412781158,0.4558986502836568,-1.8894826736660646,0.6347141179709803,-0.04616332986535249,-0.13686800221941847,0.29622022013474053,-0.09581574551111402,0.3624742668854216,-1.0128219983511009,-4.2605931630418095,-4.497832633745224,8.202406658790633,-4.810582728287757,0.4029199402954286,1.9345070154914519,0.08759623222362294,0.6064958860689883,-0.5032309741670952,-0.1588283858526588,-0.27448025903405365,0.3696696729582398,-0.48423988994232636,-0.7585849323017066,4.652836366927599,5.322016683519819,0.021962784116793276,-1.4391745242875629,0.7804589372880089,1.2222390997294075,-1.3833641512411128,0.7522726101273456,-0.38526018171370885,0.03112262439177141,-0.5398258623596708,0.3788842692377363,-0.159437270298655,-0.37021254488779076,-9.463842359873796,-10.26344119844823,14.064061939234811,-2.7098496589395236,-1.7549549914556228,1.0746395316507957,-3.052930148769811,1.4782630722186443,-0.7839810737625507,-0.15845674300118684,0.6083539624767005,-0.10866100726310708,-0.5741040075620775,-1.8284164046349777e-05,12.91842382685428,3.181118657976347,-0.3122592028240965,-2.578008190285966,0.5415959528943833,0.05629592004901014,0.6343969390392218,0.34411209909006674,-0.011522326837703956,0.3954101913174142,0.371727686430217,0.15980374537527636,-0.22797309008915423,0.14861389103170422,-0.6822134997829351,21.857126069275523,-16.863700955700892,9.512638447078775,-3.412772745805877,1.5468709097164728,-4.874409126324141,1.5833092881095137,-1.0886382148649227,0.5645880167182906,-0.1648266817572511,-0.09358374651410935,0.385623803339217,-0.28707241944518486,0.8720356235096534,5.799461937670129,5.797119675411584,-2.489890329535577,1.1736251029148828,-0.2793950027596168,-0.848140121914929,0.8382320733224098,0.2886775234957656,-0.17939350041792662,-0.20148925861306743,-0.7927923163418985,0.24353341075987767,0.18174795249790993,-0.7547826774626978,8.513249691533112,-22.808820785058977,8.754796939842661,12.86472288442022,-9.005827040940417,3.872685764135569
9,-7.065418501766192,-7.828684976256025,-8.174849197606589,-7.876915486811893,-8.38223843726678,-6.945713305206164,-10.826000025258143,7.285590612839679,-4.137116208436664,7.476276930432665,-5.739877110665779,1.8483889497955057,1.5482972799359915,-1.726041509246198,5.87999683698672,-8.174807839336616,5.611357800968804,-5.950315227193849,12.948440480363347,19.74279094653181,-0.25747582484984965,-1.5741539635283668,-2.0330253694680818,-1.3116030166594839,6.586417132888681,9.527454194222683,6.308851589154968,2.446089864518662,-11.627640803301272,1.8302739578089964,-16.975793325058895,9.87521009042553,-0.9634289684721826,14.104522858316567,1.1955160740922912,-10.130574820602979,9.42158334123112,-0.8147282944475805,-17.4737645418325,4.6147164620822725,0.18154573373832886,4.072902931282907,0.5488426856563425,-7.895364936573994,-19.011006760465857,2.9344538155559223,-6.357673028045692,24.568462629451062,7.0639773885433765,0.3332714980894353,1.5715878391116658,-15.21725900826969,2.4137707096909007,-9.156316691251781,16.840420590051394,-0.38474827011022383,0.994074974720957,-3.690185190313491,-13.151012266767045,7.078040102925688,-9.468114084613534,13.451312950561086,-3.7935086223288863,0.23069284526518716,-4.914002034946245,-10.49836361680717,14.466573431459475,-15.423772960862289,12.88742438801628,7.056466132547947,-5.830859014863474,0.6696455669116999,0.553741437153651,4.236450651132324,-3.4538088336223076,20.057660121034885,6.2982708707647985,-2.4166106277747783,2.012854638415409,3.0384324274556804,-1.7824306555097273,-2.329209299404506,29.13496023442652,0.6947026706288282,0.5562065099667489,1.4433918800897159,2.8630934404924666,-5.24214805638046,2.047528372966578,19.933731930091213,-0.866437010446002,1.3793701509336316,-1.790220379267458,3.5665535297705233,-3.9292788392421736,5.656062180666984,21.734848242478,-6.69777789717185,5.744998160877906,-3.9695876541780413,1.3839812406252838,-4.466589508794191,7.519607303643701,17.39226804072514,-9.233960336025763,6.0908050160183596,-4.419944021203124,0.5900700027891637,-4.061124642962888,6.6415981039228935,9.890165988349747,-12.118696389615689,6.59625096545257,-4.2246268346120175,1.0534452658834568,-4.3730040225134195,8.677719289977732,7.730606696931107,-17.44826495524932,8.614622265964416,-4.03137200340224,-1.3905295893685479,16.36900808801721,-14.911762328823631,0.9458690162860389,1.040773545846048,3.5794301363131,-2.1110541405669916,-7.0571514105223265,-20.784112809564565,10.319432919519533,-4.6095309118615,-0.9987944420008172,-0.08288179779489134,0.33403597080458935,1.8435933592427471,1.812066941748433,5.85553250431696,-1.270055864971651,1.791782649288399,1.0133846065964436,-1.1207672945222795,-8.123953139376203,-14.461960749450158,9.974606978964502,-2.83681217705522,-1.0100657025045974,-1.3487500860303303,0.7250415911753475,2.9024502541120056,2.3168978354584757,5.2287489097598066,-1.6634513668813562,0.8412245350558831,0.2410566519330841,-2.4526707659327602,-0.6101898868684885,7.08612926400018,4.331376396223958,-4.246749426249678,-0.16768786115815146,0.16102313537240348,0.7306795409581488,-0.49185040088044046,-0.41780902100665845,3.334182255849687,-3.0118204379645093,0.3990640437066529,1.092186252780558,-3.2223149026402838,1.6660819126419413,12.680110757410539,-2.705371262733833,2.326604434683982,-3.2591606822305272,0.9716260171557287,0.45632948590600747,-0.9347772250825678,-0.05965933306244936,-0.760166868392361,-4.740750297182227,1.0606419767418824,0.05076586829047773,-1.8128606432366505,0.8755244620006704,12.596258044136945,-5.7205881543749735,4.675036157148678,-0.7413459457393895,1.6482026176778457,-0.0480941546914672,-0.30066690748232594,0.2477327586627903,-1.6612785562485306,-4.52628529699979,1.8138467910924538,0.21872811717582857,-1.5267295965048353,3.605581774558587,12.84424343244003,-11.857985995653738,7.203816476009303,-0.5100965672267772,-0.6461154330255536,-0.12533492669205348,-0.04853175830698077,-0.6357500132508633,-2.3026824657153093,1.4329940770680991,2.1424086718164914,0.021932152232002844,0.25957782965908033,1.8676326105711971,13.830232565337482,-15.936804596076136,7.0119960608211,-2.1673976452296846,0.6414449193516707,0.09988630817463384,-0.7545151717131477,-0.21096479090615194,0.20516413609395143,0.714459494232004,-0.6476946718696247,-0.19953562026417093,0.22365867442292864,-0.31662700870475596,-3.0476681395356158,-4.3540732343480935,5.917398187450637,1.0033402934902922,-0.7762310874279565,-1.5827424007698458,0.5095790643497454,0.10731332214401751,0.4654833367163407,-0.974830228033367,-0.046498587960394126,-0.03371556798536688,-0.1653770050906048,-0.037175107783901956,0.5234067088716376,0.9692021397939753,0.8195928559587409,0.8941992250222106,-0.7549937841418304,1.6358186891417879,0.15665636404658942,-0.26104959992343335,0.09449437392827996,-1.3055505963058152,-0.34761594205235413,-0.1391830859277586,0.1576554583032683,0.0989541715617154,-2.341101004741622,2.6703409634625994,9.104523698988368,2.3696391879457916,-1.1995454167400244,1.3128001039845363,0.3138140867133725,0.9949216039056311,-0.06694803006668062,-0.5422847658018618,0.2523458732725861,0.17453749688030934,0.23729096332802152,-0.1861823507939831,1.6706799144529336,1.0072509042119397,1.420684502557351,0.5490428346384133,-0.6687709501458857,-0.8870247033314244,0.6418134915387161,-1.0975499659327153,0.46108866641437113,0.07148933015373427,2.0702985731219297,-1.0135231464816106,0.9387388949439809,-0.14780425578256748,0.0525925388542921,-1.5033843391552424,-13.52048377731498,5.536019091070894,-2.4166022451262825,-0.3531112284493528,1.7622250610300612,-0.18226826678529057,0.06780390240290368,0.43423461595427904,-0.44496458192978544,0.24277142474192837,0.32373287531341266,-0.12920922601031043,0.12965388853190668,0.689567685801756,1.9180977159593002,-3.090227518527944,1.9253958257649397,-3.3668511951640747,1.3959063338844415,-0.6640363595233443,0.2433864710924752,0.17637875667182326,0.5406014224293165,-0.9934486026107853,0.5775502477735743,-0.259552317882746,-0.25555326569332276,-5.569547023941128,-17.602771516210865,4.705312684640238,-0.29954520382197847,-1.0140726269327622,-0.5131191769986199,-0.4010635196817441,-0.4502882563861935,-0.2950997348681959,-0.19215817362396725,-0.18445391928832158,0.28897877923482196,-0.35784114823685714,-0.08823882383049134,-0.7444642591224047,0.1365805940459623,0.5756956838059835,3.768885216783793,-0.4357630612822268,2.262812575862678,-0.5048868125645615,-0.9774413079403175,0.4633872003078135,-0.9732813535804417,-0.4130833273231634,-0.12179349016084011,-0.376070395619231,0.025139930296283558,-2.4131228695340994,-4.635295549000998,4.911428742553178,0.7922437625601643,-2.0408810240113224,-0.9254794801587917,1.7354080521780049,-0.5633185724079168,0.45105348332743705,-0.5033184120563349,-0.4639394611163245,0.07785616197352688,-0.13623522121614745,0.19063763175928683,-0.2685678810366017,-2.374388619111651,-0.7284057089722051,2.2990427019059565,1.3593774545659771,1.960163166229017,-0.03916152417927724,0.32931716753106594,0.07386523480437499,0.45339517964447135,0.8596772565608168,-0.9887344560230366,0.2532952217342046,0.03254925044474395,0.4554707516449556,14.342380146608992,0.8486762463940475,0.5712898617950838,-1.6631953889269993,-0.5145994897777381,1.7271612463873987,-0.5359752596062707,-0.8405756997011897,0.6671092382883695,-0.04155487670548868,0.46198671755871434,-0.22604236106318623,0.2190101071304313,0.23585133802298636,-0.2635693471564196,0.2886828472029588,-3.162477073721177,2.8950950545697407,-3.2013439044419356,2.050416350658525,-0.4146593827238495,0.3068365070673355,0.14961615519578855,0.9501186722827616,-0.8824622645986985,0.006178284967975546,0.02869785871210124,0.15054805707157765,15.323309540084068,2.6813449614621994,-0.4123448773719535,0.16752186629392182,0.6175816502263552,0.6772411332314833,-0.7529610223339434,0.0807694773229913,0.8322566226007118,-0.03780948189695148,-1.0251339443654846,0.3756081453563671,0.44941183600460033,26.142408741580972,28.81734311832676,29.381470515900435,26.887723312217222,29.40174456382793,27.968397950882803,31.18184948811613,1.6043243528646145,-1.7159936942016356,-2.121243332634203,-0.0032227180211106266,-0.9419399668592447,-0.8008758845003385,0.41366485734379843,-1.8375441398532162,1.0255138032357904,2.223185545418974,-1.501635828553133,4.035505534012538,3.2868876748543197,0.11673480839536862,-0.7865768444646171,1.3799926913338374,7.457245987811446,10.133387182592788,-5.808617752252866,-4.526780592002881,-10.596225154516018,-2.2693255706997513,-1.8486270641920732,6.3055715521408775,7.959317439971558,7.1811339909242555,-7.466831531178142,-7.6371009897147255,-0.11032669356471063,1.0884259707535149,9.526124539666725,3.984873444381637,-9.1989900661831,-0.09392005817802658,-0.5909188773985227,0.20886633968606266,11.717871993619866,13.414895325921517,-12.434437578444397,-8.134030557088424,-25.32513806586031,11.182159501496512,4.362323691078761,18.92364488436941,3.505097899734799,-6.776084388650429,-6.223814801132652,-16.9148750210068,10.883822269083906,2.874914407884384,15.019976956258024,-1.1805705454583628,-7.480259508975204,-6.069427680716397,-5.131535551968286,11.210223536639594,-0.7435421526274513,14.364744096089272,-8.08209450862655,-4.276464001519268,5.300609505673244,7.01115121314941,-17.483190187351177,2.626994986944477,0.11583182306050872,1.8516971282027284,0.7501167030105556,3.2212840281423007,-9.704389203342663,4.1184735652282525,-0.02455282635961529,-0.7164571741370591,3.8892687738057106,0.7351390566784619,-2.8204533312266773,-14.654387746680321,5.029213996254419,0.015346307724167202,0.5693330652366629,1.801399701513372,-4.511010832529771,-3.827989063828317,-18.07605854136097,8.380056936788367,-1.7480094962012789,-0.6945162246570217,2.4636506137301253,-8.310612009133477,-2.4507704737682707,-17.762041107069326,6.003044463207297,-2.8097424022812976,-0.3836054054852239,-0.8599073093253802,-9.056930089901828,-0.5499330382900455,-23.232430581009815,7.065612446098566,-4.658894571057857,0.47996505933883976,-0.6449679599059661,-11.11616038606686,1.0886828503057995,-13.979293154295622,5.340352243409802,-8.251433867045673,0.42528934433881094,-1.0193671423009214,-10.081511481336886,3.4891177719491684,-14.742214349894482,13.381485073497522,-11.744209275673766,3.153234324852675,5.554399363286624,-7.8876730972063855,14.354060323849655,0.30391297930793604,0.01170443806727212,2.030294394337394,-0.1945235462146739,7.323592987378113,25.61358283172151,-13.470835002900127,-2.9570521386794444,0.32894173844998076,0.4081529019525426,1.0856157328155231,-3.329534344007126,-0.873235188151323,4.348006323983769,-3.8497129847738623,4.93746872353378,-1.0702445525948612,0.49687224327154533,7.677856684664396,22.9403523723324,-12.548157272398655,4.112333016903741,0.8908087792055772,-0.684517586398663,-0.7338513316959363,-2.75580628734387,0.6811982858191037,2.839767841633609,-3.1836809101277947,7.153606440191625,-3.6499770316372255,0.31152482221326433,8.827918624081624,9.260742033377365,-8.59084405084392,3.9332575351991452,0.8258414275446713,2.2342987423005636,-1.2077036813679984,-0.035614771240101664,2.2478564259083633,0.9327522945141993,-1.0975270470162053,4.439990516963942,-3.344084200806106,-0.024096707516857684,5.040264527329869,-3.1499025677586965,-9.382837328742097,10.161525370143975,-0.07476101772467345,0.3260003356166735,-3.3531876438455024,2.3311099282228605,2.168862290822645,-2.7135325033182367,0.6093233383159778,0.0011964391764528258,-0.290659264992181,0.6851846991497821,1.5904515402419106,-16.406667416165345,-5.849917093296345,7.373536105435249,-1.675734853400595,1.1587907346377173,-0.9764780673822999,1.387185116522241,-0.2634403005056942,-0.977169149423037,-0.6776755291998195,-0.965417862477219,0.1465259976790345,-0.1565830157956887,-1.217290463965254,-19.232171185416995,-1.5834888212864209,3.0387182215906368,-7.211734014707914,1.7865734635497228,-0.7435332458767142,2.210825364471377,-1.5387374143535895,-1.8830963124679876,3.199970175768851,-3.519244022649684,3.8493302080215415,-1.0043807885155742,-1.9628336883722841,-20.22841262499161,2.8346914159458025,3.182080088908947,-5.279249120561397,2.0302154822301564,-1.1859095132858468,1.0334099212330343,3.286598440869254,-5.046546422454048,0.30708516528133656,-0.3408914918842679,-0.01258815045302366,0.12812628023325945,-1.1318743256340165,3.1720094133371894,2.5701101652461515,-11.715651269262803,7.3499956523850285,-4.845542615741106,-0.42007127595768845,0.6732581854018715,0.454558246253405,-1.2680574863156104,0.498503320979263,0.04579910266808531,0.0113536794170324,0.3031660349728758,-0.09481485852416081,0.03562429877046612,-0.23355341307866517,-0.9575151004571321,1.2966925228419672,-0.7037320930694415,0.2939227289935751,0.6273486450472724,-0.39438206761297495,-0.204147939174901,-0.15170005443708964,-0.6901518903459517,0.14023806989466364,0.0021891667742311386,-0.06858588397425043,3.3024110217699816,5.780155372978264,-10.20987131682106,4.862058623251992,-1.1463281823912777,3.6686309422725265,-4.429563376171322,2.629653343096691,-1.030727636199006,0.8650876261236686,0.714732176785476,0.14138039414362177,0.5315571174739047,-0.45462376210302535,-1.7439672845212797,-0.3890970552409871,-0.501788603536119,2.014469597175739,-1.0561006409853129,-0.2896697022701032,-1.0592212376268795,0.0682184474608453,-0.7748527292349923,-0.537540068520842,1.6779056837127238,-0.02784026938668878,0.04684713495709317,0.1705552768320056,-0.34014170178032704,-7.763032941075425,16.285233884066255,-6.878111305225945,0.33341420361884616,-2.3238729833369165,-3.9019445194364057,2.5192034120018545,-1.7422514919520986,0.7995284503312606,0.15521848109936387,-0.9504157562222721,0.2975053159831506,-0.33908019349281,-0.9216925451479248,-0.10025228959997722,-2.2732665719426746,0.901024557815995,-0.4504053869192895,-0.7309792123580797,0.2116238700980903,-0.9659313064969315,-2.594236243981526,0.16229461215393787,0.24727768778735604,-0.47439279615337104,0.11420964651063922,-0.009692712243297567,-0.44455100141269605,0.22708325623013206,18.714207973548216,-9.266425401343332,5.634231407303096,-2.9591769976407134,-4.364106437001351,2.969950290538529,-0.8863515657729453,0.13515054489637174,0.15345178592648817,-0.2223153181203617,-1.0205421117034725,1.4415625844520579,-0.7958326375950486,0.29355157551092415,1.7932731067027787,-2.4649485136284386,2.0462672443775434,0.2068820527348017,-0.27062599566850465,0.16398028348541854,-0.20474401016430033,0.0671155886776757,-0.11792734152147612,0.0011653442002462037,-0.25784337899330134,-0.48283241205283994,0.41390266432600725,3.0348159030143607,13.031320385407675,-9.562727145821805,4.236227873826427,-2.6606868837073616,3.410746397172988,-1.8852747516276926,2.097496434345589,-0.26524333101361003,-0.601546959326011,-0.1572756180079235,-0.5217060276428134,0.7034065745042173,-0.326890810182585,0.27706622476066917,1.6955871139469838,-1.5470250653640365,0.713950887534636,1.0433173499950636,-0.7723851917524065,0.6310420116046535,-0.5132138770928614,0.6024173810149898,-0.7348157277701929,1.3706979725657882,0.06899431152696801,-0.16635366171913266,-0.04521615373011345,-2.0657291891404617,-16.49226498042034,-2.306980613339641,-2.3647034559640185,-1.1385367163389648,6.22988932616305,-4.509922280892942,2.0289848813392153,-1.2458920859685543,0.6972916216505535,-0.2409973208751103,0.19360885121482094,0.44727494214953456,-0.5006687871847756,0.21491163420307935,1.5173693919477478,0.6523038985437882,0.0912069544200444,0.8887731408329166,-0.42661128438396256,0.3744291412976153,0.49101743877235454,0.892841869289101,-0.8897032423201463,0.7523621168311692,-0.2850913325518764,-0.6491091973166755,0.6050000157733484,1.2980341368964647,-9.618705263004605,-6.0252165051919935,-6.284112741937716,0.4858241480110856,3.334826206625497,-2.9117002268769707,3.005394287900945,-1.8625214748079868,0.8145562716370949,-0.39232238372223704,-0.08195866660598322,0.8648832331773888,-1.455481706838262,8.187284052671494,5.413920534850702,7.678010305923249,6.932973742032237,7.64027039176241,5.2902287884923975,9.607483266022436,2.307472657787297,3.7978669348198926,-3.0425983656826645,1.1466834687973444,-0.7509308604904044,1.2214314083864166,3.3494127171577888,-4.387982013550552,5.254173865605595,0.1143889128311083,-2.7610414509086065,13.596124579299936,14.471926141986962,0.4182791245786499,1.2500125842179517,2.4817542030805466,-3.644427807623729,-12.721102171932436,-7.159153792922522,-15.362324393870052,-3.7488665338926745,8.704142355158993,4.371988380665102,13.33378762261737,0.013569325905584913,4.026934116911548,-21.14777015392106,-6.125731595275422,1.0092013974641147,-1.1175021915159549,11.704452307129122,17.984086166551357,-7.965956296410065,-0.6601152672343269,-8.139792315122554,-3.7653353985864624,0.738557021892029,3.3563042975328226,-18.1875128178414,4.6054553523570405,-14.826891968767562,11.29975136899799,9.789695204364092,-3.1823435872269887,14.248551847895673,-10.860312163338332,13.643922721862427,-14.757935073380178,13.885345426495817,8.204735257145973,-0.34463957023754416,10.056811399813734,-12.144920862305687,18.86282459530663,-7.0671586270203015,6.627650932364279,-10.387403448665667,-2.5302763356728155,4.321254905903578,-7.671598961412009,6.772532068796606,-1.1411432467424745,-0.9582303646325976,15.019870351894708,-0.6693386999076802,5.390611212950226,-4.06445331651898,8.350989862865001,-6.8857290201706025,-1.3524232225715287,2.245044098273285,-11.555556877742385,-5.455866956782156,4.546798154674118,6.365670912324122,-16.070311850118404,-2.8440011770384626,2.4827773784647538,-13.146659778466692,-3.44939286734668,8.519508009000031,0.8268598180905787,-25.946948719534355,-2.234156678757614,0.07973586920570278,-3.2089015962936442,7.481109923091151,4.3327855306702165,-1.4648189992625404,-20.163181124610347,3.83211621356404,-1.9606258598608983,-10.380304370060061,-1.8337151771365074,8.346703058315107,-9.763652985067436,-22.20891445376507,9.255229483262786,4.644221066460873,-0.82822528701325,10.284346916023942,4.204697864506607,-6.087106452609589,-4.216199739352681,6.303820814656338,-0.4331649414089418,2.8784138020169014,16.92861288194546,1.778001797505521,-8.737809631041955,-12.740738474963214,12.644823434523536,-7.110506507837609,2.396877600051135,2.0998750688473002,-9.268867241784228,16.126237906780105,-0.21488714718213026,0.2159415309224403,3.2875520654379606,-1.864525260540307,-2.9019018629587907,1.3544402337268846,-10.071621951492487,1.3352404470269734,0.3115762139673316,-1.0966798243256048,-0.5372945281151686,-11.934880718921827,3.595824550251987,-0.6595441864767632,-0.004978780239496921,-2.1948234440637826,4.944386192513291,-1.8842368232129123,-1.4356021312958585,7.121255049759762,-10.171552706294133,3.563718395894555,-1.1290379788994898,-2.53569759820161,-1.5829431753322054,-15.313440210574463,5.959991197822656,-1.8784629227136074,1.8010538195043586,-0.3421688604212274,2.183322983697877,-0.12218538079947273,12.78060767446883,14.721011807246214,-6.019262969443855,5.1825677173138365,-0.4607410401297224,0.6941930510850003,-1.397987852074698,4.993185239919906,12.175992294375428,-19.05194944300438,4.841181447404259,2.469740752389307,-2.4111256708651267,1.1403623531419746,6.665470822220504,4.668072935562694,0.4174631806349879,6.606572799491777,-1.4264983498116637,0.5714898045766741,-1.8588587394207954,-10.444730062140719,0.393614731558103,-2.8701707517311075,4.406611153398613,-1.6382318061443468,-1.378605639804266,5.711471407858997,-0.8364725417062355,-11.669993361856307,2.1581735146436554,-4.84706514896218,0.8956124499691962,0.38883613039538967,-0.2344879406826099,2.673088305917848,-5.652646008720121,-16.857703041398654,9.643387936702243,-1.5531363992231866,-5.515879856495693,5.133921465175392,-1.6426602147986,-3.8662989371348435,8.12147300419996,-7.241968220465225,1.0492644051036244,3.531391420771768,-1.509946912994785,0.9478271131528355,-9.38624861463807,-4.214344553866517,7.915572060399523,-4.299166139062239,-5.906476027159765,6.935448556229581,-2.2201793053558525,-10.517246877901934,8.801291726390499,-6.187345484039954,-0.10004527219277547,3.0011118837501782,-0.9070078135696397,-2.024785440868625,1.8374618289694988,1.967934016488038,0.47842197770004374,-0.2608702171201165,-0.25773590108853645,0.7454686356236048,-0.7732532814103072,-3.5345998993235543,0.33381934190693346,0.49862250353390786,-0.39090098146551583,-6.108687096606763,-1.689587218832252,0.698769902207498,-0.1333644052704434,-0.6086613890456269,0.4929483456226982,-0.5506463251701353,0.1773477340892548,0.14187968934262898,0.858840786873761,-4.794773717127355,-1.6877691638670906,2.0961674018085996,-2.455372251236672,1.8378182832636452,0.9949997320981888,-0.9332736557171455,0.8257560761393141,-1.399325072489802,1.426714548411961,0.3892136776284939,0.05440260249533524,-0.10412680922054365,-0.395132295992312,4.033209755053671,24.524532281661273,-8.198698253430308,-1.6616342635205101,-2.445608351947016,3.4116343344543543,-1.2847689167830276,0.4544330946406425,-0.47618877979574464,0.0373732461626753,0.056702726561482446,0.3687166213687118,0.354109233721729,0.0617327745751856,-12.776377697556125,-0.9559972492907032,0.4223135437333048,-2.7303572927480446,2.774118101059059,-2.1486637439966767,0.28743625258295014,0.5002483189699326,-0.5886973255646104,-0.04410620134233767,0.5646817706390973,-0.8479632452193195,-0.14418745571157587,0.24921022712806049,0.10771592653625153,-21.670394200138276,-1.651588197459174,0.1288217525487027,-0.3659314161018816,1.586195320358512,-1.5200837606314779,-0.020473527779154455,-0.4875675436785249,0.09626561492712762,0.3599409090807165,0.24285132558304434,0.4333132086593903,0.17447615054232346,-0.6179689991396464,-5.96126070157656,-0.7496765896291828,2.185971146369523,4.533268511234224,-4.599307977774151,0.1970203917527202,0.601322432899312,-0.7341695329540869,-0.12492697759464357,1.229811502265797,-1.4718937225015716,0.035947697408584056,0.44089229058222573,-0.6800985487097171,-11.374815261847264,-1.9062326116243524,0.024594937952095504,2.0521617130963787,0.5424289971828129,-4.442475146773134,2.0243763061245925,-0.08231361739462612,0.35812771584157843,-0.9481654994279619,1.2265905140857696,-0.6248626001738034,0.6946679974343095,-8.94604892172627,1.465842297854807,-1.3189988553542564,0.9809955696185974,0.13317427612983918,-0.4032652093905081,1.2565978818962964,-0.5915024948284243,1.3438010164312102,-1.2402702880445564,0.6534250995798019,-0.004288100292588701,-1.3078509491720565,0.8558816124968553,-0.045859999056454145,4.028842224763738,21.078448407282632,-4.814888826783937,1.4629282362860838,-1.779128762415205,3.1041051034131453,-0.48723706639188696,-0.30243168145131,0.49812755959281996,-0.9880923222897253,1.731395295861125,-0.3452058981067691,0.05635429708274122,-0.008279660733522211,1.633559605365639,14.181770559604622,-3.7025550935442224,2.113521661593867,3.592026338111605,-2.2623241210584117,0.6726884798801296,-1.2526353938381916,-1.177729398887945,0.12835731834463188,2.674229709156011,-0.5973789461718789,0.040359441192803755,-0.3011762310102435,-0.6828030115592506,-3.6015105453255356,3.738082235551561,-0.7855710275050068,1.1987717766822124,6.075235129127345,-2.2731666720212558,0.3625131559937632,0.24166587716212973,1.4044500264110404,-0.25771919142734134,0.5650369335598684,-0.2932289153292449,-0.0603378023719322,1.0323282228781205,7.781841388293812,-3.893318188349338,-3.8348679823130536,-0.21431828966365946,-2.3957776803359345,-0.6463878116435625,-0.6560226026588745,-1.8957848579297387,-1.557543061313645,1.4003882663758394,-1.2733430251244402,0.46104138360077473,0.3726400683538574,2.7972880861316765,7.563598532530069,-5.468542664690509,-1.1474072219408133,2.5526243536966233,6.065615773844981,-3.110700226940157,1.559132349729726,-0.9352450974176709,0.3546278811202096,0.20989604107645943,-0.8479687290918798,1.2322596544153015,-0.8561798611658099,37.58546227287398,34.397960575819674,35.253731158708945,36.09107127162282,35.2372719287373,34.31990262209263,38.17720887292016,38.5867523902066,47.13341811016496,40.85183333146814,46.23314996649526,35.069351283532754,47.420006606805835,36.66614663263049,41.417764287775455,45.738135905481,34.7467475477413,51.76818800716341,40.260504306347556,42.17443987953031,0.12114536193154549,0.7132135085841139,-0.01166903423804358,-6.137330610222388,-11.214860829304627,19.64442058681687,-4.078520018347686,16.649707584309184,4.476965749280347,-9.009017547075288,-2.187730985514425,-17.45936806165482,5.617726228631687,-1.580181920250545,13.485148565936953,-0.010243891054608018,-1.116489349500094,-15.80541977887173,5.754142000975094,-4.020073287284142,-0.11662622488855295,-2.154283898888689,-1.3207467276951617,-8.885705369599487,-6.686488189953174,15.450390042060457,3.206117094954789,23.176038461434892,-13.330670412891314,-2.240587102752861,-9.913942269686256,-7.448608012212188,7.921812193582914,-2.9307087967290917,14.430302457719822,-11.985317297627601,-0.7077460154514718,-6.92549655480482,-1.532829029312617,6.1027858889308595,-3.097612413791154,2.4466712041936134,-9.508486505788394,9.289126756760734,-3.554951651667841,6.648352012210604,5.957311899047834,-5.840459671424666,-9.40519907955957,5.7243595496881055,-7.89150372412764,-0.18628541935542717,1.093806086274313,-0.9253229462465278,2.4433753982109314,12.620719988108078,1.259095980755184,3.649565349906369,5.868489113021759,-4.162332918281889,2.588038530430175,2.9428672651597925,20.595606571865595,4.283514258317044,4.784825328937594,7.859072228929181,-3.3983086113885603,7.724342040584504,5.192136608456077,24.204152475426696,-0.3776395970384877,4.026065633215718,-2.776084088137248,-3.4858227120020002,8.647083697815582,3.169262575094829,25.613806379042487,3.2481381081778227,3.9924658446544394,3.8674083040497056,-2.8834753456080384,7.324640712707541,1.3446105111962052,24.243896105210887,-0.9386655002926503,6.351384508469801,-3.2815112862940454,-4.290967763081163,7.433833720960822,-2.8914985084227953,9.54845130759177,-1.4630018491483348,0.2583762241573124,-4.736116040182062,-7.469252355950469,6.919759984433069,-2.620484197420847,19.674591570637183,-6.439290375295141,1.1974575639378309,-1.4036857284422717,3.410750317783326,-1.2212400039538425,-17.03554456600744,-0.13440885272590258,-0.13161375728404304,0.4823693433815097,0.026405396363550295,-10.182451591334958,-30.222715574637594,9.939155276591094,-6.554762237404273,1.6385391544415855,-2.2961758494811586,2.4746681016646717,10.180301109532524,3.618305058734326,-0.23453419335996653,2.517889745556765,-3.1080245034831417,3.0932764410708695,-1.8735654110708275,-13.677760664861008,-28.09419607231506,12.116240690697103,-4.3389213945380645,1.5597903473691228,-3.8235864366817447,4.863913105857695,13.93323024353485,2.5563834221582296,0.6806452262409038,1.0571767612188285,-3.1746491792392635,2.9670711323640573,-1.8706831936444155,-15.677773342864056,-9.156160941652615,13.618723013666564,1.9483896216704688,0.1026986814044856,0.9525595620398052,-0.11556675624167481,-3.1128870363296057,-10.769203188921445,3.0303280494247584,0.6215606663595705,-0.21952954060230864,0.06718863500347845,-0.8010347656905189,-8.153571852625905,9.721573614161345,9.749484429835295,0.44028667158937573,0.5281240081571207,0.9459989705751343,2.2282604009443885,6.6697835304160185,-0.019073910080842145,-0.8858491011986275,-0.48132939469182784,0.7051675402216503,-1.4027016992432315,0.7786279462414353,-5.994081719788366e-05,25.9045534560684,3.0752172120677943,-1.273933791297842,-1.4462548588930548,2.6344840966426415,-0.10083306188690878,-2.384199875867714,0.27741275119274905,2.7097549153014295,-1.9074169544110384,1.6874110900089867,-2.3953204166528455,1.0977683496442097,3.8848106730265335,19.871652675931987,-4.955299165553141,0.7525593221030159,-4.371945472192848,3.76860963930396,-2.560371558034819,0.20260076222070558,5.2895781007060325,3.173946184092921,-2.142647869928276,1.019378488197872,-1.7067864627236187,1.1479214480532185,3.553931524588424,24.275062006745312,-8.12526306404461,4.553579256934098,-5.619167731181048,4.018544504579164,-1.4930043865323102,-1.5203357089243064,4.204128532570381,-3.005246004391926,0.08847965606188823,0.30857884512699646,-0.09800433560701835,0.3567916499068847,-1.0128219983511009,-4.2605931630418095,-4.497832633745224,8.202406658790633,-4.810582728287757,0.4029199402954286,1.9345070154914519,0.08759623222362294,0.6064958860689883,-0.5032309741670952,-0.1588283858526588,-0.27448025903405365,0.3696696729582398,-0.48423988994232636,-0.7585849323017066,4.652836366927599,5.322016683519819,0.021962784116793276,-1.4391745242875629,0.7804589372880089,1.2222390997294075,-1.3833641512411128,0.7522726101273456,-0.38526018171370885,0.03112262439177141,-0.5398258623596708,0.3788842692377363,-0.159437270298655,-0.37021254488779076,-9.463842359873796,-10.26344119844823,14.064061939234811,-2.7098496589395236,-1.7549549914556228,1.0746395316507957,-3.052930148769811,1.4782630722186443,-0.7839810737625507,-0.15845674300118684,0.6083539624767005,-0.10866100726310708,-0.5741040075620775,-1.8284164046349777e-05,12.91842382685428,3.181118657976347,-0.3122592028240965,-2.578008190285966,0.5415959528943833,0.05629592004901014,0.6343969390392218,0.34411209909006674,-0.011522326837703956,0.3954101913174142,0.371727686430217,0.15980374537527636,-0.22797309008915423,0.14861389103170422,-0.6822134997829351,21.857126069275523,-16.863700955700892,9.512638447078775,-3.412772745805877,1.5468709097164728,-4.874409126324141,1.5833092881095137,-1.0886382148649227,0.5645880167182906,-0.1648266817572511,-0.09358374651410935,0.385623803339217,-0.28707241944518486,0.8720356235096534,5.799461937670129,5.797119675411584,-2.489890329535577,1.1736251029148828,-0.2793950027596168,-0.848140121914929,0.8382320733224098,0.2886775234957656,-0.17939350041792662,-0.20148925861306743,-0.7927923163418985,0.24353341075987767,0.18174795249790993,-0.7547826774626978,8.513249691533112,-22.808820785058977,5.512480798435073,-2.753319020352476,-0.062044953376839046,-3.1436177576374447,2.54937329300603,-0.6309275637760873,0.5234157042012031,-0.8042074170619106,-0.21063347314929146,0.867442176043459,-1.0851298764329556,8.87709427281649,2.8652877790944538,-1.3046922098803875,-0.5333775086772125,1.3256854213719853,-0.22059388771159938,0.5578559359423568,-0.22692256917727588,1.1744107896342222,-0.7461555255740262,0.7119258486282456,-0.4970995691022948,0.5679851930374653,-0.16346422993193277,0.2557496572360566,-6.254092212626432,-23.080890346653444,9.617058038051484,-2.351974110011268,-0.588438173320479,5.407331597145747,-2.7450093227441794,2.1959720907012437,0.4194029596181614,-1.2658858572906233,0.1890723325131017,0.009222151808033168,-0.30109001305978456,0.13593703332420048,-1.6924488438141974,-15.704359798064596,5.312645033792411,2.8308307030934396,-3.0974254936771217,0.8294419840881639,-0.9206557655542977,-0.6760905851877301,-0.7227741793411451,0.5170315323410182,-0.7169612823390568,0.8973731323478908,-0.40839814516488676,-0.1893751952768992,-1.5959917411537017,20.322555084080275,0.8706097315640372,5.541034039529237,-1.1408363669678878,1.6125548548240407,-3.2701339525971798,0.9333872651485707,-1.2802757950328099,1.6688200462717933,0.00041869997084172453,0.3089642103857775,-0.09043147704734654,0.2787992733884662,-1.023884244620206,-8.01775611583668,6.442908013905532,-4.532500202124519,2.474567373925773,-0.7869931965347426,-1.014155198682394,-0.925296950731389,-1.5783256558356975,1.4019302896796986,-1.3599402233035347,0.5046959599021726,-0.7407391548447383,0.759665630897496,-3.3994977987817934,10.415839470925915,8.15769078500352,8.511833358877986,-1.8290887833151923,3.0155668800213338,-3.261427473517011,2.2745380024494506,-0.9445455781876728,0.9300789569627613,0.03635763009152157,-1.2309898157156764,0.7431775795170918,-0.8178779639133813
10,-20.407521066405295,-21.130905281030703,-22.206827903565593,-20.320681079159318,-22.472500649803575,-20.106945322263094,-24.515487334204703,-0.09246042378046848,0.8501743569754852,-2.9624530486405853,1.7540822162701375,-4.676232834355485,6.791222108861976,-7.335110511090649,3.769332781585616,-2.318673601025532,1.0692212335258193,-2.1032172631103494,9.793350405572784,12.362567223975441,-0.08471593134846298,0.9773962966938163,-0.8981687890183344,-7.221728090218814,-11.133848183096893,0.8710876323178751,-16.87125160942536,10.192657197083538,-3.297496216114395,9.830996757638404,3.239303923747242,1.6654546010428322,3.0785683540460287,-14.501296807407948,3.592551199249495,-0.08871440129377998,-1.4727579946702247,1.2320987361516802,11.620568221715786,-2.9540020686972466,0.1706498605776343,0.9080370644258225,0.8362295864220303,-4.9128907242350675,-0.9824225411129508,-4.7414787141590375,18.13431937529423,-2.235426966519564,0.9800690939551813,0.8573402785842412,-9.318559917414182,7.464872207012695,-6.655698655240204,19.170028445766864,-3.4829561921824617,-0.04017386167391583,-0.06909863256048275,3.586118383414597,14.858581961573046,-3.8165420542447612,0.6349091990247915,-19.03768244857171,-4.623390344700409,-6.984115274218293,18.424736083794187,8.36733580781515,-5.8484501689742165,4.913425789122086,-11.646333372556699,-16.18606130945873,12.747742270764956,-0.302092060804242,-3.957882089377947,-1.9957738060484675,-1.6915794144158471,3.803705476258747,-2.9733628327942507,1.1664552629634188,-4.466589508794191,7.519607303643701,17.39226804072514,-9.233960336025763,6.0908050160183596,-4.419944021203124,0.5900700027891637,-4.061124642962888,6.6415981039228935,9.890165988349747,-12.118696389615689,6.59625096545257,-4.2246268346120175,1.0534452658834568,-4.3730040225134195,8.677719289977732,7.731231151960155,-17.379344425805268,9.692332390597974,-6.492994208096749,1.9922242782696589,-7.778702356302858,8.741635743415682,-7.33703187100985,-13.300493067467317,8.713020100685686,-5.836402535914595,3.3906376243949135,1.6622534596616418,3.355355358996497,-16.07572714403197,-3.572628188548997,11.63012578889895,-4.9047908105994065,3.8731896285386638,2.0808225749386455,2.2307022347028194,-3.543010168164548,17.873080840156856,1.021632009671263,-0.6170870628264028,-0.31938408849658634,0.8570326561357041,-0.2313427386806617,-1.915606126098868,1.255633044935339,-0.7811027671442708,-0.4886038481125676,-4.673421608948852,2.3839561901428596,-2.6198950204746367,0.7751077737350017,0.45632948590600747,-0.9347772250825678,-0.05965933306244936,-0.760166868392361,-4.740750297182227,1.0606419767418824,0.05076586829047773,-1.8128606432366505,0.8755244620006704,12.596258044136945,-5.7205881543749735,4.675036157148678,-0.7413459457393895,1.6482026176778457,-0.0480941546914672,-0.30066690748232594,0.2477327586627903,-1.6612785562485306,-4.52628529699979,1.8138467910924538,0.21872811717582857,-1.5267295965048353,3.605581774558587,12.84424343244003,-11.857985995653738,7.203816476009303,-0.5100965672267772,-0.6461154330255536,-0.12533492669205348,-0.04853175830698077,-0.6357500132508633,-2.3026824657153093,1.4329940770680991,2.1424086718164914,0.021932152232002844,0.25957782965908033,1.8676326105711971,13.830232565337482,-15.936804596076136,7.0119960608211,-2.1612190491726833,0.8914627587115198,-0.6659624934967576,0.8197899723819586,0.6333742668448897,-2.5668695941696202,1.6152144162533661,2.109196045589779,0.04208752573029148,-0.7788789951472193,-0.34776683650288215,-2.2372805482667553,-7.322394989847106,8.029369123513174,-1.5389794731653736,-2.8451323994966247,1.5790728595576466,1.079099037479357,-0.5431170187462776,1.9836566824087045,0.038108849431889594,-5.622195463330965,1.700065633861805,0.5601796845361787,-2.4097439627769925,4.1545712495562235,20.390190770823498,-9.89479171762023,5.553409886084226,-1.4938667239266488,0.08799888708057865,-1.0407500131104974,0.34504276213762103,2.2988136225439955,-3.6170135731626827,-3.1726546481265836,2.329764105623676,-1.056138982615072,0.5820238767951431,-0.8949366330838647,-4.736060272072106,-9.881242816958705,9.234731875394505,-1.4300384202814056,-1.9181311986832035,0.2914467738740365,0.5749505197084509,0.058443368581953675,0.023943456309790088,-0.2565832748941965,-0.18209355463253601,-0.1466686124401565,-0.6883284079353109,1.3044699117621377,-0.8594169810241921,-0.6490644705344564,-0.4010635196817441,-0.4502882563861935,-0.2950997348681959,-0.19215817362396725,-0.18445391928832158,0.28897877923482196,-0.35784114823685714,-0.08823882383049134,-0.7444642591224047,0.1365805940459623,0.5756956838059835,3.768885216783793,-0.4357630612822268,2.262812575862678,-0.5048868125645615,-0.9774413079403175,0.4633872003078135,-0.9732813535804417,-0.4130833273231634,-0.12179349016084011,-0.376070395619231,0.025139930296283558,-2.4131228695340994,-4.635295549000998,4.911428742553178,0.7922437625601643,-2.0408810240113224,-0.9254794801587917,1.7354080521780049,-0.5633185724079168,0.45105348332743705,-0.5033184120563349,-0.4639394611163245,0.07785616197352688,-0.13623522121614745,0.19063763175928683,-0.2685678810366017,-2.374388619111651,-0.7284057089722051,2.2990427019059565,1.3593774545659771,1.960163166229017,-0.03916152417927724,0.32931716753106594,0.07386523480437499,0.45339517964447135,0.8596772565608168,-0.9887344560230366,0.2532952217342046,0.03254925044474395,0.4554707516449556,14.342380146608992,0.8486762463940475,0.5712898617950838,-1.6631953889269993,-0.5145994897777381,1.7271612463873987,-0.5359752596062707,-0.8405756997011897,0.6671092382883695,-0.04155487670548868,0.46198671755871434,-0.22604236106318623,0.2190101071304313,0.23585133802298636,-0.2635693471564196,0.2886828472029588,-3.162477073721177,2.8950950545697407,-3.2013439044419356,2.050416350658525,-0.4146593827238495,0.3068365070673355,0.14961615519578855,0.9501186722827616,-0.8824622645986985,0.006178284967975546,0.02869785871210124,0.15054805707157765,15.323309540084068,2.6813449614621994,-0.4123448773719535,0.16752186629392182,0.6175816502263552,0.6772411332314833,-0.7529610223339434,0.0807694773229913,0.8322566226007118,-0.11375682262977875,0.054985193815048905,-0.5035883992988079,0.1065967323319737,-0.8269949331174624,0.45095654480141856,-0.6909088755049285,-1.1441400507129833,0.5358075366383321,-1.4326052346463893,2.523162190463289,-0.9832322615551168,0.09735466257829663,0.8334937013925514,-0.3932577802318961,0.7795295964630903,0.0002452346045306725,-0.13789552495619406,0.17148686950321618,-0.6319686799268125,-0.3294332112799784,-0.4593723644189376,2.153570647129016,-0.7469527690642073,-1.523980383457097,0.4210132541621871,0.33113496946419607,0.08089043879191123,0.25410795508461126,-0.5092754803387531,0.9971956440862205,0.04567602385762833,-0.6786615826654241,-0.33000412139379426,-0.20786317030395027,1.057885657355683,-2.5253851148394437,1.9854326872080936,-1.3104363422452776,2.7707594148746804,-0.685314557051436,0.05921579529855728,0.19188109678453974,1.1180322184426605,0.09585849908425773,-0.10848681598488505,-0.03201431527688468,0.049718245236095346,0.6915511447524886,18.21847980063284,-3.3884467057550705,3.023389217814467,0.5721933852824757,-1.5027696941804838,0.6338378334516837,-0.14715590530201922,0.7747313296017196,0.37510856622715844,0.10406512943231282,0.1337835787189869,-0.2783123422222425,0.6938471509059765,1.5751147183851593,-1.0889532823395829,0.11078557331915409,0.8227622703107209,-1.8027927505246315,-2.5877095777856134,0.7195194821365718,-0.7853692985863762,0.3414573903689019,0.05289112429684248,-0.6029238306674959,0.02849974435610452,-0.07604963258796871,0.31588853861933736,-0.23064868274250194,-1.248410064038064,0.5170292675771382,3.5330223605618234,1.6764047885300633,-0.18003507353819623,-0.8332815490246275,0.29569398115958784,-0.6856681622540292,0.4777827661631347,-0.5942679141283388,0.579445083046644,-0.24099915201028527,0.09994421348593724,-0.27991557290092517,-0.49272455140348304,0.14691651262977765,0.42534339626703893,0.23465351385615052,-0.17063654109479978,2.0103562082008137,-0.7636613521525959,0.3866562242098086,2.68488707164964,1.2264967042117363,-1.0070273998170007,1.8770873980126686,0.9770397379652456,-0.30779391299722525,-1.3736386178128335,3.0751963630375787,0.16642580051437317,-1.198177793725873,1.6087983459334936,1.1786794335048696,1.1797302996062402,-0.0002207956935511568,-1.256026786875438,-5.8023830096034335,-7.26952202709217,0.6437175875677859,5.336408898121008,4.022177397974691,-0.10334049697814446,-2.1072392486809153,2.1459987361496404,4.321003774881244,2.639039417262181,6.224242961278449,-1.1998383927602876,-4.702071486390653,-8.223186869938948,-7.426920383158935,-0.23867800625861363,4.000563709766109,3.464204841173594,-4.431170138460393,-3.682958723877144,2.4013162648532203,8.339615355656099,-0.2533398654986831,-9.936624151096455,-1.866436097756945,-5.603104737820118,-4.210140913986186,-8.766929399335018,-12.022424056593184,10.988391815846077,1.2606203319816478,12.969293402182139,-9.205217670478662,-3.2812863324880386,-5.498102330818394,-9.202713589237165,15.123588107554811,-4.7065136814918205,2.4552638560419533,-17.164956776701626,-1.0030783741241247,4.389594372528892,16.915067867227787,17.016147869467787,-8.673784566811573,-8.05888972320827,-21.955044575564212,7.749347214065287,-5.249415735627559,5.145191413972794,-4.944622874114913,23.425891353941136,7.094340601897486,-1.6900808081500014,-2.9665474512419148,-10.881422873696206,8.540423145246299,-3.007470105744115,-0.6730561333074888,-0.7780493064539934,-9.056930089901828,-0.5499330382900455,-23.232430581009815,7.065612446098566,-4.658894571057857,0.47996505933883976,-0.6449679599059661,-11.11616038606686,1.0886828503057995,-13.979293154295622,5.340352243409802,-8.251433867045673,0.42528934433881094,-1.0193671423009214,-10.081511481336886,3.4891177719491684,-14.742201065211383,13.381476880323149,-11.465215517156693,1.277102976020867,-0.6413511371040773,-4.206613559219264,6.367478709244439,-5.786814997094877,0.21421836619977216,-12.357432519509794,3.0264476147322275,1.9056268622540395,2.6304258439376267,6.455524557542075,4.559442012617311,1.1427685050241763,-8.537871074430793,5.58966280039816,2.2100321861322865,4.475318310485413,0.01891260328647944,1.7127349976573183,-4.458755526309332,4.826424823177411,3.3899553709584502,-0.3530318811209394,0.7122508274100181,-0.6638085331978987,-4.771233053813025,-4.548255088875903,-1.8161230856767314,3.018601046140925,-3.4265376802793934,8.29072840537414,0.11749907537829371,0.3573798954861096,-3.3531876438455024,2.3311099282228605,2.168862290822645,-2.7135325033182367,0.6093233383159778,0.0011964391764528258,-0.290659264992181,0.6851846991497821,1.5904515402419106,-16.406667416165345,-5.849917093296345,7.373536105435249,-1.675734853400595,1.1587907346377173,-0.9764780673822999,1.387185116522241,-0.2634403005056942,-0.977169149423037,-0.6776755291998195,-0.965417862477219,0.1465259976790345,-0.1565830157956887,-1.217290463965254,-19.232171185416995,-1.5834888212864209,3.0387182215906368,-7.211734014707914,1.7865734635497228,-0.7435332458767142,2.210825364471377,-1.5387374143535895,-1.8830963124679876,3.199970175768851,-3.519244022649684,3.8493302080215415,-1.0043807885155742,-1.9628336883722841,-20.22841262499161,2.8346914159458025,3.182080088908947,-5.275250288016865,2.074852786528523,-0.9426657490923649,1.9809857281935275,-1.7485173457798124,-3.2984751365411693,2.5758850895902987,-1.8904871971803026,2.8883372011108914,-1.7273507827882764,0.36745262798374456,0.10856861204293701,13.323385242746987,-11.84786603439405,-1.4520330115303532,1.370359674877671,-0.9130534364890276,-2.7716380917361687,0.2916340750905868,2.4039927448437415,-0.10503965014017393,-1.1143936630956675,1.0778181970621417,-1.362882175817587,-0.05728289860801633,-1.0312075236537022,-19.91594118595373,0.7896343025817224,4.546870523673762,2.2103279867115515,-0.2632294780248305,-3.6501124837104784,2.3681935744294353,0.30827130762924715,-3.028713665052632,1.0434897172868214,-1.615054432303985,1.2954438758144964,-0.9846407591764416,0.19306751095266536,0.8216517753788574,23.940781882776275,-7.319501544255282,-8.212518926512134,2.2392846314630392,1.7460275704782309,-1.655090366167616,-2.1656072052209456,0.5253056011680408,2.1734670585176414,1.318000986599688,-3.5080279816496898,-0.11367995773157205,2.558061199125066,-2.3027553850018294,-4.409394167088051,2.969950290538529,-0.8863515657729453,0.13515054489637174,0.15345178592648817,-0.2223153181203617,-1.0205421117034725,1.4415625844520579,-0.7958326375950486,0.29355157551092415,1.7932731067027787,-2.4649485136284386,2.0462672443775434,0.2068820527348017,-0.27062599566850465,0.16398028348541854,-0.20474401016430033,0.0671155886776757,-0.11792734152147612,0.0011653442002462037,-0.25784337899330134,-0.48283241205283994,0.41390266432600725,3.0348159030143607,13.031320385407675,-9.562727145821805,4.236227873826427,-2.6606868837073616,3.410746397172988,-1.8852747516276926,2.097496434345589,-0.26524333101361003,-0.601546959326011,-0.1572756180079235,-0.5217060276428134,0.7034065745042173,-0.326890810182585,0.27706622476066917,1.6955871139469838,-1.5470250653640365,0.713950887534636,1.0433173499950636,-0.7723851917524065,0.6310420116046535,-0.5132138770928614,0.6024173810149898,-0.7348157277701929,1.3706979725657882,0.06899431152696801,-0.16635366171913266,-0.04521615373011345,-2.0657291891404617,-16.49226498042034,-2.306980613339641,-2.3647034559640185,-1.1385367163389648,6.22988932616305,-4.509922280892942,2.0289848813392153,-1.2458920859685543,0.6972916216505535,-0.2409973208751103,0.19360885121482094,0.44727494214953456,-0.5006687871847756,0.21491163420307935,1.5173693919477478,0.6523038985437882,0.0912069544200444,0.8887731408329166,-0.42661128438396256,0.3744291412976153,0.49101743877235454,0.892841869289101,-0.8897032423201463,0.7523621168311692,-0.2850913325518764,-0.6491091973166755,0.6050000157733484,1.2980341368964647,-9.618705263004605,-6.0252165051919935,-6.284112741937716,0.4858241480110856,3.334826206625497,-2.9117002268769707,3.005394287900945,-1.8625214748079868,0.8145562716370949,-0.5969778309376865,-0.9638307858104341,-1.2015601159922848,-0.46025373594603236,0.17690964529833697,0.03431517791931763,1.2246268701785803,-1.5705193634357497,1.005725715647426,-0.5386649960471445,0.8217731299694992,-0.0889875373291635,0.44932362355217786,1.133174234303893,-0.7844517336264709,0.7246200940178663,-0.03813952974194409,0.060775091487961126,0.31095277427991985,0.6700338614793835,7.416794302942764,-5.641858732414968,0.5383790870139474,-2.447300616384069,-0.5904895114748556,-0.19443987370459168,1.122200350415515,-0.7927509123768579,-0.2468666937682974,0.43420875278887083,0.2806118478478159,-1.1463977787445356,0.8340568677139294,-1.6839126475268835,-0.02400388175351325,-0.8060475359929363,-1.1006028250906303,1.2242418312379584,0.11620896705990376,0.13532094179944343,-0.21310988565344058,0.26218740920788924,-0.3225451066401626,0.5596732241984056,0.19807459997042717,-0.6076020835619395,0.02481912894484055,0.47820849801673526,0.15630385526066312,-12.223631764874005,-1.0968859650526699,4.169624875505594,-0.9331634296932751,-1.0109364337043936,-0.1291268586909528,0.8481554202161885,-0.6008851627475246,0.38331754309666966,-0.0727541380005477,-0.9828373390115576,1.9989388923629856,-0.36704841574061786,1.3483414625118622,-0.14497256315061738,-1.924617917381838,1.735179348287337,-0.9255476105390639,0.2280474088372874,-0.7308933883184303,0.19486095059249353,0.5566685108484322,1.1418842955856479,-0.2965682217727991,-0.0572803939531608,0.2537405920317149,0.010999218885924034,0.3239825221325288,2.502199085637444,9.024200413108376,-7.579398585622721,4.061007581685089,-3.304925337594398,-2.1977733621600835,1.2841761106155947,-0.7795749496095034,-0.23102793771898114,0.16873896739379987,-0.09312406977922164,-0.03160959501709383,0.5855851312747201,-0.13913711752238503,-0.6779086659747748,-0.09407105915061997,1.332177136884579,-1.0622398191613336,0.224600631911543,14.904539733176394,14.458718030416055,14.494521461625899,15.883492303422184,15.480647244543281,13.267068301750532,17.420691619974747,3.0661075826541198,1.2494780838033457,-1.541117851743618,4.3200222731948745,-0.33540970041853424,-2.913991458409986,2.814069429615274,-3.0421133323150737,5.467887217547893,-2.540943770888201,9.723745381810422,-40.73251769096048,-49.069637937680604,0.254424371752035,2.6537931732686677,1.782943590840854,7.1764655566768445,11.582674067464868,10.215981039245712,13.155434730146881,-9.046086523480229,2.5484193653070406,-17.967491372286958,-7.849248959625222,-7.305074181917329,3.0574655859155815,14.023459449602377,16.822069389050586,10.834485375632697,-11.693124662562608,-24.301396307686236,-6.292624410551556,-2.3544623967934952,-0.005050911579468,-3.542610230814331,-0.11385413681552904,-4.11685149448596,-15.021318160436428,4.099023519873991,-14.25230976986156,9.148197466340912,-7.079581112703839,-5.731674413395718,1.4494989827766167,-3.761423598166439,18.40853376752045,-13.099353977978778,15.52113430804376,-1.2843458782136001,-3.422269321072584,-1.8106986194582853,-4.670810903777546,14.202193720703379,-2.774742650268211,14.387645042281454,-11.069232172488169,2.8895184909326197,-17.428083720272117,-1.1862662410786202,-10.694982211802492,16.181233421937684,-4.698842961983748,21.757657583644388,-7.235847649805789,-0.7911464884129127,-3.033053796456804,-5.223430390747202,2.5946814017046127,-1.2627376815141542,-10.98896314124296,-1.680462376149649,8.346703058315107,-9.763652985067436,-22.20891445376507,9.255229483262786,4.644221066460873,-0.82822528701325,10.284346916023942,4.204697864506607,-6.087106452609589,-4.216199739352681,6.303820814656338,-0.4331649414089418,2.8784138020169014,16.92861288194546,1.778001797505521,-8.737809631041955,-12.740038437245191,12.743593301671181,-4.90369952840498,2.5977031280898286,17.269723776828677,-1.1519704278623837,-7.9822181580909835,0.6305490653187941,16.711912888447813,-6.645218271721787,3.2120795352544103,13.381210243540854,-12.122871314581175,-2.532034488118906,11.539779542138092,5.654471383039368,-9.719967311759328,7.020298230706274,2.738205016351917,-12.232207450685731,2.0351611342106724,8.339366742460532,-12.824316085316742,1.3706954193127725,2.7036164578635593,-4.686284245071397,3.3898378099487445,0.5471474533822683,-1.7491144182425131,-2.0941112746751243,-0.1446949468619116,7.371466848979831,3.184283143590277,5.967760979342053,-1.7148347193671791,0.6940034116114924,-1.8588587394207954,-10.444730062140719,0.393614731558103,-2.8701707517311075,4.406611153398613,-1.6382318061443468,-1.378605639804266,5.711471407858997,-0.8364725417062355,-11.669993361856307,2.1581735146436554,-4.84706514896218,0.8956124499691962,0.38883613039538967,-0.2344879406826099,2.673088305917848,-5.652646008720121,-16.857703041398654,9.643387936702243,-1.5531363992231866,-5.515879856495693,5.133921465175392,-1.6426602147986,-3.8662989371348435,8.12147300419996,-7.241968220465225,1.0492644051036244,3.531391420771768,-1.509946912994785,0.9478271131528355,-9.38624861463807,-4.214344553866517,7.915572060399523,-4.299166139062239,-5.906476027159765,6.935448556229581,-2.2201793053558525,-10.517246877901934,8.801291726390499,-6.187345484039954,-0.09610939583803711,3.250987309342917,-1.8585620080634915,6.233809169049277,5.437876595315558,-7.900735494719138,0.8046868275224331,0.2728018229381689,1.3042865749173052,0.5474582533512984,-2.1237281390733895,-0.09204444178500096,13.056112724272971,-12.822273032634415,6.750806712930018,-2.280814430229411,-2.346767921699117,1.0195553061646094,-6.871506001681142,5.169005335584247,-7.734814742639493,3.5911982784725605,-1.4999254205622394,-1.2292437149251725,2.6610344078872887,-0.4678788095958621,-7.830865823554398,7.080972967409959,-0.05076095069468693,-0.8884576970742737,2.955451929262065,-0.4385228873316322,1.7633274882726724,11.28231255307997,-9.984603812849334,1.000478975193596,-2.37603515359954,1.3640577094116495,2.362888249822717,-2.5742138060087716,0.6045436021720544,15.962239929146362,-9.922267241008102,0.7314793328309243,0.04640316455575258,-0.4017722458975062,-2.1080716422461214,-6.864092783154172,1.7767387469617226,6.8158320991784445,0.09040270714371215,0.2117256407103136,1.4304092097148673,1.4651882715354303,0.3983759265937824,-4.353038331791056,2.0243763061245925,-0.08231361739462612,0.35812771584157843,-0.9481654994279619,1.2265905140857696,-0.6248626001738034,0.6946679974343095,-8.94604892172627,1.465842297854807,-1.3189988553542564,0.9809955696185974,0.13317427612983918,-0.4032652093905081,1.2565978818962964,-0.5915024948284243,1.3438010164312102,-1.2402702880445564,0.6534250995798019,-0.004288100292588701,-1.3078509491720565,0.8558816124968553,-0.045859999056454145,4.028842224763738,21.078448407282632,-4.814888826783937,1.4629282362860838,-1.779128762415205,3.1041051034131453,-0.48723706639188696,-0.30243168145131,0.49812755959281996,-0.9880923222897253,1.731395295861125,-0.3452058981067691,0.05635429708274122,-0.008279660733522211,1.633559605365639,14.181770559604622,-3.7025550935442224,2.113521661593867,3.592026338111605,-2.2623241210584117,0.6726884798801296,-1.2526353938381916,-1.177729398887945,0.12835731834463188,2.674229709156011,-0.5973789461718789,0.040359441192803755,-0.3011762310102435,-0.6828030115592506,-3.6015105453255356,3.738082235551561,-0.7855710275050068,1.1987717766822124,6.075235129127345,-2.2731666720212558,0.3625131559937632,0.24166587716212973,1.4044500264110404,-0.25771919142734134,0.5650369335598684,-0.2932289153292449,-0.0603378023719322,1.0323282228781205,7.781841388293812,-3.893318188349338,-3.8348679823130536,-0.21431828966365946,-2.3957776803359345,-0.6463878116435625,-0.6560226026588745,-1.8957848579297387,-1.557543061313645,1.4003882663758394,-1.2733430251244402,0.46104138360077473,0.3726400683538574,2.7972880861316765,7.563598532530069,-5.468542664690509,-1.1474072219408133,2.5526243536966233,6.065615773844981,-3.110700226940157,1.559132349729726,-0.9352450974176709,0.3546278811202096,0.18297649016323553,0.05826565705792938,-1.1357862904163134,0.5909032536985657,-6.531080661234963,2.7916205497070012,-2.603040172243937,-0.36674161419311313,1.7375079971467213,-1.6774106981208328,0.060810209282285366,-1.3323952032954924,0.3149306558125974,-1.0223910509224425,-0.16132567574686812,1.0649783688146839,-0.5612210551214053,0.29819773312280984,-0.10938609991332594,1.1591593024373656,17.185495989352965,-5.377741024826932,1.8822986004813231,-4.708591603801762,2.2951350495699905,-1.4255603101282985,-0.14332571540173714,-0.09177916739821505,0.991483632346208,-1.811607319945547,0.9263567182365099,-0.7451785250862516,0.704669198815792,-5.273247890319516,2.904275631234962,-1.8322902963942849,2.9838767804862334,3.5934906721167033,-1.632260740321076,2.071451934465587,-1.2105723556922532,0.7562842735656065,-0.8918322327915779,-0.7507668859873453,0.3828114044916157,-0.9744624350219401,0.07158812448478842,0.023465586935762055,1.6576957969970174,10.71684742343211,-0.29354716034133294,0.42672597017421005,-0.3217898281683248,-1.4487906695504482,0.4622148320958004,-0.08227941848692812,-0.4101310786375606,0.5267043639575149,0.189002787831502,-0.7213679974949582,-0.10318790628877336,2.459737045676823,9.2055214787288,-4.085430012836996,2.8533569812227246,-0.9505639601763785,-1.6878486353074171,1.5763724608722378,-1.072673470711456,0.6681850293708677,0.7297647921652917,-1.0404427286896945,1.3449747507159369,0.600832075202374,-0.6652654551481681,0.5170872144282429,-0.05109706875911571,3.100327018744879,19.68250391958458,-4.795344343833256,0.5304876450364759,-2.8791006203490976,-1.0707864930920317,-0.23670262351073273,0.5847098423305888,-0.5430328446833587,-0.40024053970861906,0.4875867257876429,0.319296119902272,0.08161220002710523,0.9397497638542556,-4.965405870944815,-0.04604735697090779,6.704677395313569,-3.638685519593976,1.1382339130965382,39.25097463639109,36.79859565810561,39.26564124124104,38.041126344905116,39.37499490043581,36.79636807431221,40.294281462103,31.140648572221046,44.05141071354071,42.4143743990563,38.56917614792943,46.96797086796787,42.52569978375679,41.84540537473085,34.93636244636039,45.25599007774216,34.79701701142678,42.137895293798344,48.893984818821565,49.47006886607539,0.5684927564541213,1.9016126073221489,3.2422551407792803,-0.5361718790392429,-2.304098885816167,-6.0685981944806295,1.4931240664851817,-11.943722587631916,7.770036164375066,-7.11194934860045,14.44555644838894,-1.5555008583531456,12.476844786997978,-3.910194506409828,-15.342453650076633,-4.985154900701919,8.468248392511905,13.793074146231472,1.5743925812386037,-14.819552585518052,-0.45150283959481385,-7.951924999914943,-2.763607453310804,0.2784767182542271,7.013997764335574,1.0209963399799644,10.457352898400588,-11.507808668330185,6.654383357648327,-5.153080845671609,6.20999317142617,0.3128000870193613,-4.9759994588487215,3.6500367384286463,-13.349242298798188,7.7424670097309765,-2.1236918634648876,7.795447634692809,-3.6989032618411466,-7.844824078118596,-9.347846213781924,-11.300642685410718,14.38218490913997,3.313190334911024,15.920624696494714,-9.071772151581184,14.33485185623711,-16.23881863326784,11.460298556428826,-20.94492094354819,-1.759456206996976,-0.6459692949796199,4.2475999258442645,-3.985507418094644,9.430512539696656,1.6998776320673203,4.861100119859547,-3.081057925899985,7.324640712707541,1.3446105111962052,24.243896105210887,-0.9386655002926503,6.351384508469801,-3.2815112862940454,-4.290967763081163,7.433833720960822,-2.8914985084227953,9.54845130759177,-1.4630018491483348,0.2583762241573124,-4.736116040182062,-7.469252355950469,6.919759984433069,-2.620484197420847,19.675283160025845,-6.3568696264973,2.4002186891376787,-3.590980243276477,-7.239809926986433,6.463917382896214,-5.59901492166792,1.0794500724150868,-11.439506168373793,-6.936968693002949,-4.7197256600806226,-5.58264854016779,-0.2908549441400423,-4.561324013526857,-8.444191493044551,-11.01690939281439,-1.0875963067947148,0.6184465339468614,0.9906174910403951,-0.855663336764686,-2.370613729701421,3.11621302710986,12.691372657119777,5.933941542898526,6.135737140503785,1.3416292267453171,-2.7145891050343454,0.4015150722102511,-6.186562581772627,-7.049373621001889,0.1464634957121517,3.541394497894517,5.555003120875304,1.1431521314655668,0.9967398507841471,0.7785184279432561,2.2282604009443885,6.6697835304160185,-0.019073910080842145,-0.8858491011986275,-0.48132939469182784,0.7051675402216503,-1.4027016992432315,0.7786279462414353,-5.994081719788366e-05,25.9045534560684,3.0752172120677943,-1.273933791297842,-1.4462548588930548,2.6344840966426415,-0.10083306188690878,-2.384199875867714,0.27741275119274905,2.7097549153014295,-1.9074169544110384,1.6874110900089867,-2.3953204166528455,1.0977683496442097,3.8848106730265335,19.871652675931987,-4.955299165553141,0.7525593221030159,-4.371945472192848,3.76860963930396,-2.560371558034819,0.20260076222070558,5.2895781007060325,3.173946184092921,-2.142647869928276,1.019378488197872,-1.7067864627236187,1.1479214480532185,3.553931524588424,24.275062006745312,-8.12526306404461,4.553579256934098,-5.607407787838972,4.345431850873854,-2.824108780915356,-4.491212140336408,-7.619906791081493,3.6296664783946686,-0.4263658352517286,1.2902043443596818,-1.5515681007232112,2.261633545487483,-0.7413925169085871,-5.42254779618799,-21.29904455675059,6.313333764676024,-1.7343901522166636,1.3617127890632756,-0.8261145460876316,2.40964686996946,6.486887078579758,-1.5498945168164278,-2.1420739756360727,0.054474728877743864,0.09517446703270717,0.15120865777762277,0.21747704621877467,4.82374514451908,31.297117534617257,-1.5782786904506196,5.155378242999307,-0.9889445006496178,0.7942689340487372,-2.756687570504204,0.5577294654919396,-7.430421732188958,0.43469389491464844,-1.2639844377539189,1.0800902603155869,-0.5978608714652173,1.326160050294333,-0.898063137750378,-6.783723056202103,-27.389210391128078,6.415295440919309,-7.22489842346386,4.019904646483552,-0.5788774932120276,2.4084728139056923,7.5412347331321286,-2.1065567223854083,-7.0840138917751485,0.023749508140004046,-1.9838627203231503,1.0527861892825705,-1.2048885215986171,-0.005576713633995676,-3.252065617797318,2.54937329300603,-0.6309275637760873,0.5234157042012031,-0.8042074170619106,-0.21063347314929146,0.867442176043459,-1.0851298764329556,8.87709427281649,2.8652877790944538,-1.3046922098803875,-0.5333775086772125,1.3256854213719853,-0.22059388771159938,0.5578559359423568,-0.22692256917727588,1.1744107896342222,-0.7461555255740262,0.7119258486282456,-0.4970995691022948,0.5679851930374653,-0.16346422993193277,0.2557496572360566,-6.254092212626432,-23.080890346653444,9.617058038051484,-2.351974110011268,-0.588438173320479,5.407331597145747,-2.7450093227441794,2.1959720907012437,0.4194029596181614,-1.2658858572906233,0.1890723325131017,0.009222151808033168,-0.30109001305978456,0.13593703332420048,-1.6924488438141974,-15.704359798064596,5.312645033792411,2.8308307030934396,-3.0974254936771217,0.8294419840881639,-0.9206557655542977,-0.6760905851877301,-0.7227741793411451,0.5170315323410182,-0.7169612823390568,0.8973731323478908,-0.40839814516488676,-0.1893751952768992,-1.5959917411537017,20.322555084080275,0.8706097315640372,5.541034039529237,-1.1408363669678878,1.6125548548240407,-3.2701339525971798,0.9333872651485707,-1.2802757950328099,1.6688200462717933,0.00041869997084172453,0.3089642103857775,-0.09043147704734654,0.2787992733884662,-1.023884244620206,-8.01775611583668,6.442908013905532,-4.532500202124519,2.474567373925773,-0.7869931965347426,-1.014155198682394,-0.925296950731389,-1.5783256558356975,1.4019302896796986,-1.3599402233035347,0.5046959599021726,-0.7407391548447383,0.759665630897496,-3.3994977987817934,10.415839470925915,8.15769078500352,8.511833358877986,-1.8290887833151923,3.0155668800213338,-3.261427473517011,2.2745380024494506,-0.9445455781876728,0.9300789569627613,-0.187394348054087,0.01965385213211176,0.9759807905115401,-0.48834826993275593,6.424417169142219,-2.891430095798369,0.38971052049357385,-1.2072991336702255,1.3292411041300363,-1.8986406479975797,0.32616384369318036,-0.8069070763799255,-0.052369991349493494,-1.2100456985441745,0.806805077054402,-0.6082862824741945,0.5616525803633677,0.013670932726851284,0.05856363774031993,-4.8896595517361785,-15.412860777886065,3.2457577972124874,-0.7698150136273711,-0.5411073637951972,4.986499496429124,-1.993864908565811,0.5286289317102013,-0.5168463851540817,0.9963688113656768,-0.6905758935990548,1.0465641692737815,0.5102178999454381,-0.7503718376647261,5.3254605655354,-3.457087799018187,1.7403646751635136,0.10435153375126703,-0.24343589156159295,-1.117910980758909,0.2414560497276364,-0.4214722921643335,0.13667535331001998,-0.16540843791511503,0.37430788355903005,-0.051192988875861045,-0.4844135175606469,-0.0260822918941854,0.2417622453318797,-4.3034119886160855,12.040097777205622,-1.0067920662753953,-1.9233323793549817,-2.5779056196287056,0.07828783435407466,0.22118786534188975,1.5277646887467566,0.25428660998818975,0.7159642758890702,0.3808885638990306,0.2307010916243492,-0.40947994301858853,-2.3801288553165456,-10.187997602415852,5.674806926650762,-1.4470888339982677,1.2091563195357962,-0.885302417143367,-0.4959937566012933,0.6524294375444051,0.21431765117102763,0.15524550373752233,-0.8536729175418875,0.6017780469035853,-0.5895872515529451,0.2726286586463588,0.008515407170214737,0.19433087309383282,-4.70098396216978,-17.04618770301011,8.631575372108186,-2.761341121713051,-2.149623892328297,-0.7519210450276202,0.9772126076574114,0.6572129101751774,-0.09814336709360691,-0.3589544840319386,0.579419352402427,-0.24866603125570697,-0.14644142499483304,-0.9696254106118224,4.9427202896864175,0.07928279045742047,-6.764863248297251,3.7379886809231664,-1.1581477276865093
11,11.162057988548156,12.703701631455937,11.7226497127373,11.745055928676761,11.945030331716715,11.310591557946,16.030871531283722,-4.771733979599802,4.014414626030582,-5.4894999015831605,4.80857497793472,-2.831513085113871,2.188102589146383,0.6882287732458019,-1.5950812417394677,4.213237629115504,-5.338083731952875,-0.07657919034416505,-2.7828647583465487,-0.3970855833673345,-0.2069346093947901,-0.8878124374286847,-1.1618237718882929,3.1305218654541065,0.16968531776720014,12.928059802722993,2.901024266665164,4.557356622419023,4.996913824262209,-12.677418783082762,2.0943403822351137,-13.622465402569237,5.576327655756016,-5.59151254331919,11.305759403622286,-0.09824718623366455,-1.6846316545611653,-10.614705548167946,7.307007917333221,-4.941420169712074,0.32752125123835685,4.251782137544052,1.982777029935515,0.4255957250528869,-4.033613882919875,4.8949507369439464,-14.891151561670213,-4.150562340667079,-0.6754183810290045,12.714206619475023,12.460868342840442,3.1981048299251427,-0.26925592683320426,-22.01624803774105,1.429310669236512,-7.056378987810763,13.69141835436245,-0.1590825359238282,-1.8610669238889048,0.1889245879561424,4.555902834667199,10.36619267968926,-1.1967657300697208,5.99723741079777,-11.363053682993609,-3.875990954853644,-3.1635363175095907,5.7817837869762325,2.2490069130273307,10.832447300944406,-6.227013746318148,0.4124052872360173,-2.244917895810107,2.550508133858203,-3.778704956012928,0.8921582883335027,-7.499667208799061,8.717861421322379,-7.33703187100985,-13.300493067467317,8.713020100685686,-5.836402535914595,3.3906376243949135,1.6622534596616418,3.355355358996497,-16.07572714403197,-3.572628188548997,11.63012578889895,-4.9047908105994065,3.8731896285386638,2.0808225749386455,2.2307022347028194,-3.543010168164548,17.873080840156856,1.0217120654800647,-0.6384129536965734,-0.2642633166137471,3.5469713925076087,-4.741337710506316,4.13408943988039,14.363978967056825,-14.397916891374205,6.934071189695357,-3.498018707585462,0.5721979618137358,-5.587371269361412,6.622201712628208,-10.994507255449427,-20.358444394145994,12.097850404175023,-6.653764332424113,-0.43043620702381885,-3.0477973978753377,6.429819957486152,-9.738254651170921,-10.497534446651436,8.451206513645685,-3.3966873703565144,-1.8771435678319255,4.101269348409463,0.24818117933236433,-5.114256664601199,4.456094948593205,-1.463561657662078,0.19910854088060242,-0.339143421816624,-1.0697208268799145,0.8576677218390686,0.7317556586015057,-2.5911524907530565,1.6152144162533661,2.109196045589779,0.04208752573029148,-0.7788789951472193,-0.34776683650288215,-2.2372805482667553,-7.322394989847106,8.029369123513174,-1.5389794731653736,-2.8451323994966247,1.5790728595576466,1.079099037479357,-0.5431170187462776,1.9836566824087045,0.038108849431889594,-5.622195463330965,1.700065633861805,0.5601796845361787,-2.4097439627769925,4.1545712495562235,20.390190770823498,-9.89479171762023,5.553409886084226,-1.4938667239266488,0.08799888708057865,-1.0407500131104974,0.34504276213762103,2.2988136225439955,-3.6170135731626827,-3.1726546481265836,2.329764105623676,-1.056138982615072,0.5820238767951431,-0.8949366330838647,-4.736060272072106,-9.881242816958705,9.234731875394505,-1.4300384202814056,-1.9181311986832035,0.2914467738740365,0.5727960690385187,0.06053932943791687,0.9837104844388601,2.6362251834150565,-2.6545589874414914,0.30945720544591115,1.1578013027057452,-1.583304954347008,3.070842245765359,13.223932023669569,-8.290495115883475,5.241681945439358,-2.6449261515948104,0.8843582334207978,-0.07104271843593347,-0.03931582189473838,-1.0618807917001605,-0.5890303243537512,-2.3773670292179747,2.124032637101986,0.3348504667334165,-0.21066596847494903,-1.9547579205832206,-6.7764744271680755,-7.0770323680617055,4.129013079474967,-0.4396482386333331,-1.098445159129228,-0.48118736792566885,0.7595907690992275,0.40772520022468717,1.0326345923694407,3.247579783769358,-1.0349704795075858,0.755649573324594,1.4589662561889185,-1.878425177955255,1.9322840042848284,6.374078960599855,-0.7552704313030992,1.2874157347908675,-0.6163676912308692,1.0747523060499602,-0.11402696690926721,-0.5281275957498609,-2.7228340756941045,-1.4429357787087207,0.7818192806084653,1.0720221795555873,-2.3947531796222608,2.524426639335439,3.1062091588357705,-0.16708649919651905,0.06567545820065068,-0.44111920249238995,0.08553373769921649,-0.8269949331174624,0.45095654480141856,-0.6909088755049285,-1.1441400507129833,0.5358075366383321,-1.4326052346463893,2.523162190463289,-0.9832322615551168,0.09735466257829663,0.8334937013925514,-0.3932577802318961,0.7795295964630903,0.0002452346045306725,-0.13789552495619406,0.17148686950321618,-0.6319686799268125,-0.3294332112799784,-0.4593723644189376,2.153570647129016,-0.7469527690642073,-1.523980383457097,0.4210132541621871,0.33113496946419607,0.08089043879191123,0.25410795508461126,-0.5092754803387531,0.9971956440862205,0.04567602385762833,-0.6786615826654241,-0.33000412139379426,-0.20786317030395027,1.057885657355683,-2.5253851148394437,1.9854326872080936,-1.3104363422452776,2.7707594148746804,-0.685314557051436,0.05921579529855728,0.19188109678453974,1.1180322184426605,0.09585849908425773,-0.10848681598488505,-0.03201431527688468,0.049718245236095346,0.6915511447524886,18.21847980063284,-3.3884467057550705,3.023389217814467,0.5721933852824757,-1.5027696941804838,0.6338378334516837,-0.14715590530201922,0.7747313296017196,0.37510856622715844,0.10406512943231282,0.1337835787189869,-0.2783123422222425,0.6938471509059765,1.5751147183851593,-1.0889532823395829,0.11078557331915409,0.8227622703107209,-1.8027927505246315,-2.5877095777856134,0.7195194821365718,-0.7853692985863762,0.3414573903689019,0.05289112429684248,-0.6029238306674959,0.02849974435610452,-0.07604963258796871,0.31588853861933736,-0.23064868274250194,-1.248410064038064,0.5170292675771382,3.5330223605618234,1.6764047885300633,-0.18003507353819623,-0.8332815490246275,0.29569398115958784,-0.6856681622540292,0.4777827661631347,-0.5942679141283388,0.579445083046644,-0.24099915201028527,0.09994421348593724,-0.27991557290092517,-0.49272455140348304,0.19975030396126134,0.31661467568662605,-1.0565673261463076,1.729550753947982,-2.0717383384062935,1.2216926957350542,-0.6177202897028538,0.29290206341487685,0.9080946148556376,1.3458669062353859,-0.4062681678092854,0.5907088958613479,-0.03825516304036511,-0.05578362004278296,-0.05953573636421458,9.595409483296391,1.7405517894182674,1.599001301529305,-1.456956998171439,-1.1093026273048912,-0.1100417259101798,-0.5220221336628413,0.42204563507799325,-0.5501463502721037,-0.25186313177167247,0.3939622249178222,-0.11127976477365614,-0.1287561537384981,0.5653312894991336,0.21841011667273755,-0.3269669453218982,0.1807390948415477,0.7662914247772831,-3.2144153014601513,0.9511642360006802,-0.46491958748171347,0.20181304025177269,-0.48565369435930844,-0.9436031239767286,-0.19661882939683492,-0.153781681743871,0.477149833631699,-0.21544557188704125,-1.33598270203608,9.90371076283666,1.7403433029475945,0.16579580611306505,-0.6588047489156755,-1.180331186520458,0.4741271532488784,0.2720654177657854,-0.6453056377921828,-0.5608980076059136,-0.3225276809681415,0.09314684083454193,0.12816184132379044,-0.3067501690139131,0.38119747932905007,0.3535774720174645,0.4676561378131252,-0.49836114115697505,-0.5706779247085603,-0.40989933092969105,0.39562311020868224,-0.1845896922622103,0.34256680289829916,0.5900143177785729,1.9921959308822135,-0.5056331974581567,0.42006086543651533,-0.02709212669818986,0.7332674843427011,-2.3311704601665517,-3.8633870196687847,-0.5465440537051749,0.2010406611576568,0.04751911107605409,-0.46031139443821273,0.22348934919117072,-0.6923371438222065,0.8182089674380152,0.5443413292788264,0.014781076599984955,-0.060022279699196136,0.23395317885124087,0.056825190833595295,0.31890906667206875,0.5390718221041813,-0.3311270528979367,-0.9017246556124403,1.4430564038419984,-0.027126452215710445,0.7163296036099321,-1.2233013986102086,-1.085009461107549,1.6154107496916572,0.614831741816854,2.5763874093673036,1.256846392670547,1.4115388083807938,1.3074595172673544,2.4204603530975444,0.6210024166605074,0.526299512392887,1.6095484288593012,1.2317018549435832,0.41716149204505354,-1.2927076249677576,-1.908845850193935,-1.7387222044137736,-0.32358737810988747,-2.004162894786438,0.6916283345462633,4.129304905710062,-1.009472174870256,-2.839407749927192,-0.20836298864309383,-0.6545389380177236,-1.1078370911411448,3.122689099717897,6.44202646609954,-1.1176300383986093,-4.22338292939715,-6.7669263213363635,-9.319681723020583,-3.224630803849676,-0.3114252813520185,4.79127857010341,5.868192725700217,4.288388758516393,-5.493499153886044,-0.110078979246647,1.6755628907158373,3.348379646932071,-5.392717488813493,-5.565316405481965,0.39689740855797034,4.623121694910405,2.509358807253483,1.7705408627030663,-0.7431021078471931,6.670893739002188,14.234991313660334,-6.670191929968685,-4.893552395480176,-26.576742927022703,1.7832693467238447,5.136148316772093,19.316178800441346,7.154254964040372,-8.497469516131353,-6.322685391119475,-14.217233666517568,11.62214225813309,-0.9462815595534525,3.569493216399493,-13.987862013432803,-1.7145170369885112,1.4449803880862013,10.48323138040975,7.4693756378248235,-5.996227227456712,2.8238193936758447,-2.4620987124349614,5.485517360434857,-10.200554492254911,-10.059697230358159,0.35377535166023977,-3.406851530501711,2.1648840897194086,-3.670439433368588,0.5989830038036151,-4.367313096527821,6.371128375660196,-5.786814997094877,0.21421836619977216,-12.357432519509794,3.0264476147322275,1.9056268622540395,2.6304258439376267,6.455524557542075,4.559442012617311,1.1427685050241763,-8.537871074430793,5.58966280039816,2.2100321861322865,4.475318310485413,0.01891260328647944,1.7127349976573183,-4.458755526309332,4.825554744476402,3.349205511364085,-0.9167571332620366,2.580004235656525,-8.963692559951365,-2.184217662557822,-20.58335956819852,8.760260371890288,-2.893914414108488,0.6115454980288529,1.5591502717440533,-5.255330292278378,5.695387567757008,-4.146320569493459,11.65991378360076,-9.614790196329947,1.524454538821392,3.5752911656861524,0.8965676260432347,7.529607947659849,-1.7176625685351088,7.000002067663743,-4.703614887906525,1.709270139417863,-4.565017766127595,0.8995370301408562,-0.42350392662999636,-0.13535333129389657,5.141669838418587,-1.6719821845393243,0.2821929348111188,1.464791514409596,-0.37798933775531013,2.0338717984819743,-1.8198960579809504,-3.289212058011055,2.5758850895902987,-1.8904871971803026,2.8883372011108914,-1.7273507827882764,0.36745262798374456,0.10856861204293701,13.323385242746987,-11.84786603439405,-1.4520330115303532,1.370359674877671,-0.9130534364890276,-2.7716380917361687,0.2916340750905868,2.4039927448437415,-0.10503965014017393,-1.1143936630956675,1.0778181970621417,-1.362882175817587,-0.05728289860801633,-1.0312075236537022,-19.91594118595373,0.7896343025817224,4.546870523673762,2.2103279867115515,-0.2632294780248305,-3.6501124837104784,2.3681935744294353,0.30827130762924715,-3.028713665052632,1.0434897172868214,-1.615054432303985,1.2954438758144964,-0.9846407591764416,0.19306751095266536,0.8216517753788574,23.940781882776275,-7.319501544255282,-8.212518926512134,2.2392846314630392,1.7460275704782309,-1.641169968868977,-2.2849197442930733,0.829235570154999,1.3219360649736729,-0.7340930137730323,1.1902021282894653,-1.9424263265637682,0.8318203459640886,0.6720846739964027,-18.241798931870193,-2.9332807935423117,7.440270972922878,0.012642242389845574,-0.4084074162281189,-0.7303144518613397,2.646084817569565,-1.404288102851127,-2.490735918576417,0.15721406726067955,-3.0625328039683795,2.7396440003989064,-1.727135452544873,0.9517665879388107,5.870989348277838,22.531747139448324,-9.364522593409285,-4.825390465326095,2.7017358085596523,1.1707586423838172,-2.055523820775888,-1.5946316460522387,0.8179318886678084,2.9173832478903066,-1.487774202816881,2.6698651327996075,-1.8377358428475972,0.4324014313405208,3.893591681602179,7.273421457078994,-2.1839151229571683,5.979778483624017,-0.40793206191450215,1.8524356276861556,0.30412197975250793,0.44836255139712744,-2.2914218684368532,-1.4874784694540437,0.43517638479811094,0.08127924158727845,-0.2636922738641979,1.2837491914468577,3.2213402560513757,-0.04441030517310934,-1.0983953354157534,-1.2075180518578736,-0.4539768298350572,0.17690964529833697,0.03431517791931763,1.2246268701785803,-1.5705193634357497,1.005725715647426,-0.5386649960471445,0.8217731299694992,-0.0889875373291635,0.44932362355217786,1.133174234303893,-0.7844517336264709,0.7246200940178663,-0.03813952974194409,0.060775091487961126,0.31095277427991985,0.6700338614793835,7.416794302942764,-5.641858732414968,0.5383790870139474,-2.447300616384069,-0.5904895114748556,-0.19443987370459168,1.122200350415515,-0.7927509123768579,-0.2468666937682974,0.43420875278887083,0.2806118478478159,-1.1463977787445356,0.8340568677139294,-1.6839126475268835,-0.02400388175351325,-0.8060475359929363,-1.1006028250906303,1.2242418312379584,0.11620896705990376,0.13532094179944343,-0.21310988565344058,0.26218740920788924,-0.3225451066401626,0.5596732241984056,0.19807459997042717,-0.6076020835619395,0.02481912894484055,0.47820849801673526,0.15630385526066312,-12.223631764874005,-1.0968859650526699,4.169624875505594,-0.9331634296932751,-1.0109364337043936,-0.1291268586909528,0.8481554202161885,-0.6008851627475246,0.38331754309666966,-0.0727541380005477,-0.9828373390115576,1.9989388923629856,-0.36704841574061786,1.3483414625118622,-0.14497256315061738,-1.924617917381838,1.735179348287337,-0.9255476105390639,0.2280474088372874,-0.7308933883184303,0.19486095059249353,0.5566685108484322,1.1418842955856479,-0.2965682217727991,-0.0572803939531608,0.2537405920317149,0.010999218885924034,0.3239825221325288,2.502199085637444,9.024200413108376,-7.579398585622721,4.061007581685089,-3.304925337594398,-2.1977733621600835,1.2841761106155947,-0.7795749496095034,-0.23102793771898114,0.16873896739379987,-0.09312406977922164,-0.03160959501709383,0.5855851312747201,-0.13913711752238503,-0.6779086659747748,-0.747288842885327,-1.1357391249169533,1.2459530002955053,-1.6971849884325632,-0.48564485262175267,0.17625057802437266,-0.034560863070580025,-0.20741925143660028,0.639782976771143,0.14939406875964434,0.5066327592416504,-0.1040862039237498,0.21129068733055353,-0.10221129771542665,2.2252253076752484,1.7116464259468611,-5.896234574781178,5.037771927346559,-2.708207782759225,1.8028117952696665,0.21250925508938392,-0.5993363949337794,0.3985120117556646,-0.8695889888990423,0.26131180465203435,-0.516778707270218,0.6760992534357658,-0.6015569886309282,-0.5639058155818707,1.8729552657552317,0.6404772471155854,-0.27592169526889887,-0.9843031703160344,0.1362862556065133,-0.111543879611504,-0.3251512693448359,0.1538296883639838,-1.1002844480682017,-0.21286586924077383,0.34412739908884915,0.046315471853035486,-0.14468350353473897,-0.12304578673945905,4.31474233650941,2.982161701025402,-6.135958909209721,-0.17994306697433055,-2.708839501802448,2.272655874024575,-0.5886433764916232,0.35586128432754294,-0.06352619340674384,-0.10973028821561236,-0.1497032702905409,-0.8659519019903408,1.4250358777806105,-0.48169585606340437,-0.5744541916776028,-0.7185262825148101,-1.5997311560574698,0.8950167141878099,-1.6247714588894056,0.05977207041191604,-0.07902766978357892,0.7044984436352263,-0.38061033011116585,0.05728042309940709,1.07960012450137,0.3424870166824711,-0.012537668718067652,-0.038662311529792374,-0.4231870580815978,-3.9428254898029484,3.214055824574377,-3.306423096977768,1.6499136975417403,-3.3821714125844102,-1.7433454388237846,1.1478678637660857,-0.1000952701952642,0.7010551004670151,0.6502428557324703,0.3940543947838839,-0.46806755246282156,0.3849392123989891,-0.21160952777083353,-0.7738510889152801,-0.36483545649102606,-4.107625939096292,1.841386780790117,-1.5328611827442882,0.7672151258824178,-0.06395502011220525,-0.5514893481179729,1.167503380629692,-0.7079915090025019,-21.398358408990234,-19.75742032860482,-20.883528032772343,-21.74609080775755,-21.775959471374208,-18.102459576607874,-26.109474554185486,-2.0684168321028826,-2.4349447960175814,4.635567972743182,-0.7093880152266272,3.4438095769756027,-4.5618760087898655,-0.036053322282882716,0.34893377969758266,-2.3014629620259637,7.642630573999205,1.5554300119661206,-7.5322095159939835,-11.2548395664141,-0.1584036459747096,-1.2026868555308765,-1.6434840169033096,-5.972276025848419,-4.244613576895258,-10.804823097626143,-4.606451672329124,-9.62925032924784,-2.1381119876564947,11.121435950321143,7.497522285850588,16.322280138621668,1.2995720724937425,4.0861708491525395,-14.529973951584424,-1.4738031923916637,4.782956418052817,12.555111077512056,-7.116179096754271,-2.4187621369753103,0.7353269112683823,7.212728272953067,4.008512258074858,-1.0649639823397101,7.499753022646123,-5.48218020294804,12.683490487527115,-12.756306517491026,-0.07697300827923302,-9.87856527215579,-2.5617997481603565,9.455404425573153,-0.055614524697172325,17.945806955303212,-15.176769320500307,11.01360991495311,-17.152181567502335,11.605763850253524,-0.9223395372205638,-2.897880600859229,-3.138625197437764,-10.770030696336551,10.159676017270085,-7.029757787380408,4.984371996956628,-22.62956145650424,4.798313888250023,-2.6888080892131394,24.27054603637943,-8.579765498809293,4.7896402712739565,0.7050545610192493,-4.633765688247562,4.679160206599493,-3.2193134687938594,18.96925969692446,-1.1910571705275963,-8.058481626835492,0.6305490653187941,16.711912888447813,-6.645218271721787,3.2120795352544103,13.381210243540854,-12.122871314581175,-2.532034488118906,11.539779542138092,5.654471383039368,-9.719967311759328,7.020298230706274,2.738205016351917,-12.232207450685731,2.0351611342106724,8.339366742460532,-12.824316085316742,1.3694399862727753,2.467277855294613,-11.659763995592918,4.595462219087397,6.719356342039729,-2.374984171058272,-25.52863846592409,8.869959108985961,2.663516223934694,1.642862943836363,19.582200540494767,-3.656184433424783,-8.37899309620509,2.2637774603556116,18.536757153369052,-7.3690480210734295,2.680083717004813,15.550300059306817,-10.519212121656167,-3.389939604856876,10.142944998487472,13.214823405795377,-11.226804694058801,-2.2213467735181167,-19.763486327377766,-13.133659715125226,2.298829755683819,13.81205547347388,23.247682036618027,-3.645676090684695,0.27237675773063885,-0.42604626819645125,-1.9571282997232442,6.521598338407949,5.486073650667317,-7.952329534343139,0.8046868275224331,0.2728018229381689,1.3042865749173052,0.5474582533512984,-2.1237281390733895,-0.09204444178500096,13.056112724272971,-12.822273032634415,6.750806712930018,-2.280814430229411,-2.346767921699117,1.0195553061646094,-6.871506001681142,5.169005335584247,-7.734814742639493,3.5911982784725605,-1.4999254205622394,-1.2292437149251725,2.6610344078872887,-0.4678788095958621,-7.830865823554398,7.080972967409959,-0.05076095069468693,-0.8884576970742737,2.955451929262065,-0.4385228873316322,1.7633274882726724,11.28231255307997,-9.984603812849334,1.000478975193596,-2.37603515359954,1.3640577094116495,2.362888249822717,-2.5742138060087716,0.6045436021720544,15.962239929146362,-9.922267241008102,0.7314793328309243,0.04640316455575258,-0.4017722458975062,-2.0318059666367545,-6.46508569221673,7.049312445691827,-17.12167951696993,5.7754068030163594,0.9966638006575204,-3.4744951222862763,2.492029708369312,0.9951681507326777,-12.02042813163894,4.1857755408813,-2.533425223925208,1.1403493301211387,2.045106055615225,0.354171666259959,2.4671040504009487,-1.4169977332464005,2.0958148351108608,1.8478637901354584,-1.0518451349263813,1.4469780783439046,2.0426704359751158,-1.6217627572609756,1.4186729400964813,16.744749326264742,-8.65223537611155,2.240726403075341,2.2064539513400963,-2.6487029263572253,-0.48525178946169584,-8.831500984155836,0.42449064595084995,-8.110423127512535,5.2165131938786,-0.28574325992838173,-1.8943861405951585,0.2571808289774546,3.2606942867641853,-0.6780667286236153,0.7448670769113714,-0.6842982818307249,-0.10785004435374582,1.8560252102730548,-0.8147882733939522,-0.3334837316612674,-19.11275652460451,4.20151028992566,-3.23326289164491,-0.6313072487824885,6.332582628614892,-8.11670600822724,26.675459624452774,-0.3241823049779561,0.2350467274657726,-1.0698000549574302,0.5527154050099072,-6.531080661234963,2.7916205497070012,-2.603040172243937,-0.36674161419311313,1.7375079971467213,-1.6774106981208328,0.060810209282285366,-1.3323952032954924,0.3149306558125974,-1.0223910509224425,-0.16132567574686812,1.0649783688146839,-0.5612210551214053,0.29819773312280984,-0.10938609991332594,1.1591593024373656,17.185495989352965,-5.377741024826932,1.8822986004813231,-4.708591603801762,2.2951350495699905,-1.4255603101282985,-0.14332571540173714,-0.09177916739821505,0.991483632346208,-1.811607319945547,0.9263567182365099,-0.7451785250862516,0.704669198815792,-5.273247890319516,2.904275631234962,-1.8322902963942849,2.9838767804862334,3.5934906721167033,-1.632260740321076,2.071451934465587,-1.2105723556922532,0.7562842735656065,-0.8918322327915779,-0.7507668859873453,0.3828114044916157,-0.9744624350219401,0.07158812448478842,0.023465586935762055,1.6576957969970174,10.71684742343211,-0.29354716034133294,0.42672597017421005,-0.3217898281683248,-1.4487906695504482,0.4622148320958004,-0.08227941848692812,-0.4101310786375606,0.5267043639575149,0.189002787831502,-0.7213679974949582,-0.10318790628877336,2.459737045676823,9.2055214787288,-4.085430012836996,2.8533569812227246,-0.9505639601763785,-1.6878486353074171,1.5763724608722378,-1.072673470711456,0.6681850293708677,0.7297647921652917,-1.0404427286896945,1.3449747507159369,0.600832075202374,-0.6652654551481681,0.5170872144282429,-0.05109706875911571,3.100327018744879,19.68250391958458,-4.795344343833256,0.5304876450364759,-2.8791006203490976,-1.0707864930920317,-0.23670262351073273,0.5847098423305888,-0.5430328446833587,-0.40024053970861906,0.4875867257876429,0.319296119902272,0.08161220002710523,0.9397497638542556,-4.965405870944815,-2.921486424587412,0.3343721970004411,1.7188124542813428,-1.1580339678115548,-1.5921564064185503,0.22783602014940948,0.18532136864668625,0.3712687210322983,-2.91220388543418,-0.9636232687704304,0.5337105041151885,-0.30499238172848137,0.5597528749088618,-0.6275518812349088,5.661774474312165,25.667562353169153,-6.666589404014809,1.1490330032823965,-1.1611483951948898,1.5559778564391893,-0.4563894663400556,0.6434990543777289,-0.0640774409242374,-1.8901213423573466,1.192436212467097,-0.7959657378665519,0.20602877555122553,0.6113157485213975,0.938062663286694,8.713487076610258,-3.018458450908181,2.077560123609996,-0.7269797352031321,2.221429123271653,-0.32941011112332785,0.07535707945852253,0.9292309353365585,-0.06049557420071593,1.3604960767910825,2.4780223021277936,-0.3650816668096507,0.3936798165585971,-0.5087226770327322,6.990533327801117,26.694031394266872,-6.862984415590703,2.159163927259946,-1.2097247992690958,1.3867642073732331,-0.3115026388033753,0.1443135679018487,1.6261869975620387,-0.18789476546380662,-0.027184641652223666,-0.22480803483847323,0.11177820968695171,0.6528631286334018,-4.77083595451502,-0.8132911304750613,1.9310021010821588,1.7025866300927448,5.156991837057752,-2.84539978197527,0.3321293399680635,-0.25431380377207835,0.6884366215732751,-0.9977958561210362,-1.7250508304620724,-0.5625748909067707,-0.12610981525860704,-0.07523434976006305,-0.14720290167010325,-4.034304986610528,2.2515785660685683,-3.128594706641802,0.7284732697797393,-3.0008715812699895,-0.09041895404117663,-0.12897548455936275,-0.2595744495321377,0.5101670570856103,1.336089539027865,-0.45644013923058196,0.9152041377070598,0.5855507794474778,-0.18882981064968818,2.5463793815253983,1.2724342913114934,-7.328968654498178,4.777372784403773,-5.380983042839933,2.930482744146013,-2.3727771160557296,0.6879038172789823,5.132868725534868,-5.148204494689131,29.108194011796385,28.763281200457037,28.3620301338849,29.72231622719352,28.640281922083787,28.617695979796554,27.84676374104195,36.30927791588472,38.5463157307755,43.33935540668051,34.20175344220411,45.212962637034295,34.26403219307608,48.51790060049117,33.347872350710105,43.599290659283234,34.88228586253888,35.411112966849856,36.2708361717316,33.781068160381324,-0.09743477742548352,0.42529334922140216,-0.31164465902496946,0.14945308355897371,-1.5494058775063388,-3.877445039947755,16.29952063819958,-1.579687500589094,14.263899844287804,0.5093491800826182,-4.225473728658389,-3.9098035550571066,-14.976199573042285,4.503478116112085,1.596180308424639,5.949471360189796,-7.045405677332209,-2.020103528500345,0.5401266429046926,12.128229183666946,-0.2762513394584984,-1.8113426789308036,-1.4586510873040694,-0.6483048516561929,-2.8296468599842863,-0.07262656040229527,-8.542186781001892,11.67494888975448,4.711425018741494,17.09256609260842,-8.405302277313364,-4.961462014667026,-10.957381035947078,-6.38977949356825,10.917097935537228,-1.2333841872727602,12.469896809227079,-13.837727497296479,7.635650374548557,-1.3911187313080087,12.017990699899258,0.5974816585703309,-5.916397463031918,-5.9671537951175,-4.210186159425295,13.175223337238515,-12.985614191566718,12.685584976542442,-13.828776645329972,6.714601569619007,6.390724586589206,-0.31583615441405444,0.5371387865382953,-2.233139438419138,-1.07942950600626,-7.598506001504047,6.475161508479191,-5.611264774767828,1.0794500724150868,-11.439506168373793,-6.936968693002949,-4.7197256600806226,-5.58264854016779,-0.2908549441400423,-4.561324013526857,-8.444191493044551,-11.01690939281439,-1.0875963067947148,0.6184465339468614,0.9906174910403951,-0.855663336764686,-2.370613729701421,3.11621302710986,12.691372657119777,5.93718899357112,6.371511109179567,5.867314621324937,-1.0396119023278114,7.5954760860953,2.9221101634213538,25.36190878110612,-2.5331068257730682,8.112039777454768,-2.713426472442794,-4.610474506509746,2.5788409361540787,-6.075911250239841,-2.925037513549262,-19.034742911509042,3.2585464915993967,-4.3515104990400175,-4.826216468590157,-3.9239641361323545,-6.36247195963781,-2.695158888508129,-4.0786318251851235,-5.412368324145887,2.530573221979662,13.455174401187275,-0.16809178028468302,1.9296388076280535,-4.462684179319304,-14.565064238013234,3.2357288608001595,-0.2955800604120997,-0.1186227626565847,-1.2177872073976426,-5.058645211406665,-7.467275537450656,3.6071277148720036,-0.4263658352517286,1.2902043443596818,-1.5515681007232112,2.261633545487483,-0.7413925169085871,-5.42254779618799,-21.29904455675059,6.313333764676024,-1.7343901522166636,1.3617127890632756,-0.8261145460876316,2.40964686996946,6.486887078579758,-1.5498945168164278,-2.1420739756360727,0.054474728877743864,0.09517446703270717,0.15120865777762277,0.21747704621877467,4.82374514451908,31.297117534617257,-1.5782786904506196,5.155378242999307,-0.9889445006496178,0.7942689340487372,-2.756687570504204,0.5577294654919396,-7.430421732188958,0.43469389491464844,-1.2639844377539189,1.0800902603155869,-0.5978608714652173,1.326160050294333,-0.898063137750378,-6.783723056202103,-27.389210391128078,6.415295440919309,-7.22489842346386,4.019904646483552,-0.5788774932120276,2.3466813255491066,7.8865584975288625,-5.396183592903492,2.5304300094747,0.9332400213764992,0.5162707280480334,0.7910537675191726,0.8956062470132218,0.9910309918955289,30.46326367433525,-0.064166846402811,1.629157409106349,-0.5668255796894359,1.8228181705575182,-0.4686740415897437,-2.4035793307714948,-0.4493193384568717,7.607953568891656,-1.9198182812490985,2.7789218000612252,-2.122257339520666,2.3395562095622067,-0.5672209422899784,-10.778534115324254,-28.37579093945399,12.423516829195785,-7.107252043697983,4.568995631850827,-2.4617930406041353,2.761175284821073,6.812052880984165,2.2615469218991864,-2.8564805922159517,3.5099689597383117,-1.2175843290579869,1.2734759350411213,-0.3778864224460378,-5.173982167083194,2.019811517656103,6.526059126293037,-0.10418887956924931,1.0952736164816494,2.1081233064256315,-0.4249902469000006,0.8135869529377519,16.674148966521283,3.9337829501831334,-2.047504588372609,0.9388599354403127,-0.11301725812542518,-4.5526442984556885,-19.43560969079846,-0.21363605267229577,-0.05339396254932091,1.0708511992609124,-0.5115267439350533,6.424417169142219,-2.891430095798369,0.38971052049357385,-1.2072991336702255,1.3292411041300363,-1.8986406479975797,0.32616384369318036,-0.8069070763799255,-0.052369991349493494,-1.2100456985441745,0.806805077054402,-0.6082862824741945,0.5616525803633677,0.013670932726851284,0.05856363774031993,-4.8896595517361785,-15.412860777886065,3.2457577972124874,-0.7698150136273711,-0.5411073637951972,4.986499496429124,-1.993864908565811,0.5286289317102013,-0.5168463851540817,0.9963688113656768,-0.6905758935990548,1.0465641692737815,0.5102178999454381,-0.7503718376647261,5.3254605655354,-3.457087799018187,1.7403646751635136,0.10435153375126703,-0.24343589156159295,-1.117910980758909,0.2414560497276364,-0.4214722921643335,0.13667535331001998,-0.16540843791511503,0.37430788355903005,-0.051192988875861045,-0.4844135175606469,-0.0260822918941854,0.2417622453318797,-4.3034119886160855,12.040097777205622,-1.0067920662753953,-1.9233323793549817,-2.5779056196287056,0.07828783435407466,0.22118786534188975,1.5277646887467566,0.25428660998818975,0.7159642758890702,0.3808885638990306,0.2307010916243492,-0.40947994301858853,-2.3801288553165456,-10.187997602415852,5.674806926650762,-1.4470888339982677,1.2091563195357962,-0.885302417143367,-0.4959937566012933,0.6524294375444051,0.21431765117102763,0.15524550373752233,-0.8536729175418875,0.6017780469035853,-0.5895872515529451,0.2726286586463588,0.008515407170214737,0.19433087309383282,-4.70098396216978,-17.04618770301011,8.631575372108186,-2.761341121713051,-2.149623892328297,-0.7519210450276202,0.9772126076574114,0.6572129101751774,-0.09814336709360691,-0.3589544840319386,0.579419352402427,-0.24866603125570697,-0.14644142499483304,-0.9696254106118224,4.9427202896864175,2.975200767489971,4.152786458615324,-1.318817508930423,6.093498680759215,0.1390215197496209,-0.46185023868933234,0.15059129527239407,0.27398729394204,-1.169156196551734,1.1308295951710636,0.148356532872651,-0.05428237464124741,0.2895294439122101,-0.3988694181954465,-5.209250812479215,-13.864459771077128,9.783186393986243,-1.585374979085149,-0.7428860025318351,3.706059715156866,0.195321868755406,0.16877080637743538,0.159422845682578,-1.9786940435202542,0.70530669549896,0.3354688015020235,-0.43990194868280946,-0.4805652858991352,-0.7289560209587298,-9.035645184378165,4.8281258185892515,-0.6708944225493682,2.8492795068978842,-1.7532585709639956,0.8460932113182,-0.0007528404123717872,0.40961596445341586,0.08649151306808231,0.805620523583074,-1.1315200493288284,0.6418901082432515,-0.32502345872957994,-0.28694715535186355,-6.046279637691509,-14.021847778382927,11.120817659508294,1.3888700218138421,-1.0771817643061543,3.95765537806017,0.11221962928754212,0.5563774926111641,0.594630719894993,-0.5580181230051446,0.06406536039328425,-0.30978190981879133,-0.31037772366241223,-0.6492139786012098,4.827399333301726,4.039273367088379,-0.44361078320637687,-0.1418423914960408,0.05459537167543427,1.0541977705828125,-0.37908664393046826,-0.5488935998658829,0.574534155410204,-0.6383899504513175,0.655814946315754,0.3231054126284016,-0.1368999676097001,-0.10530896188401986,-0.9989642315490721,6.48043642846192,-5.006972285347565,5.275943834974709,-1.7980462219845523,-2.140884149930682,-0.20082962420524186,0.2564670144697427,-0.24785653008454403,1.2945012707799042,1.3928776615375493,-0.018985727371167004,-0.4369687703888385,-0.5712907844139891,0.254859776619982,-2.1831600877731323,-1.7297793161585289,9.754052787677791,-0.5712988008960055,1.4866336526604818,-2.46740928659351,0.6505900410954404,2.022584484022297,-1.9385311382240913,-2.235839941950647
12,5.355579100920373,6.41479819909652,6.60164408702336,6.092100488371854,6.9036987774030525,5.756593229974159,7.464745758561203,-4.878517274248628,3.6649046447329843,-0.974803309847345,0.04577935286458584,-3.013426443589238,-3.1524440599211427,4.072751580921421,-0.4945672624437134,3.260811983752697,2.792636453404031,-0.7123548871840529,-10.83035863310808,-15.351767803091859,0.09260310134261562,0.3693298869822984,1.1414227897601101,5.392360727100678,6.328619305894551,-6.26473168984226,3.480809755275545,-12.800687060308228,4.5714158869357755,-13.79917292398931,2.1643707807881745,-4.844105746643418,-6.0567800580732944,3.533580899739727,2.0320564641904815,6.925260553758113,-7.692755552747355,-2.554774065027853,-1.3350886509541837,6.300104101572622,-0.010799885752634845,-0.9303411118137479,0.27400944748954886,4.780515878846971,-0.7139924768812992,-12.107980383671318,5.802438882659405,-3.52184610086971,3.6501990468564656,-12.709532542008832,-3.010800496647292,-3.471051633827245,3.1218241411520546,10.63273595983294,0.6544011101949359,-1.6884326586350413,-16.925200340737234,11.024144031462427,1.4535786966830115,8.10338457328784,-7.1516505866492075,-2.568985522126053,4.682065158396711,-4.577758249372703,1.016976927302651,-2.242002700518036,-17.73209644512017,21.171522587476467,-1.4053831596112003,0.09549095462453072,2.939672545263989,-0.17648211510784295,-0.4556322447652041,-0.9776573812851594,2.915676652035411,-4.414251304638954,4.095198386068742,14.35715155843142,-14.397916891374205,6.934071189695357,-3.498018707585462,0.5721979618137358,-5.587371269361412,6.622201712628208,-10.994507255449427,-20.358444394145994,12.097850404175023,-6.653764332424113,-0.43043620702381885,-3.0477973978753377,6.429819957486152,-9.738254651170921,-10.497534446651436,8.451206513645685,-3.3966877984855985,-1.8919492715110158,4.159925143833819,-1.2672174819487734,-1.5470372243521298,22.06813653146813,-2.095182401617663,1.5619878331606907,-2.695771468794521,0.3097241033192371,1.9176852755013676,-2.136380745996943,3.9045955181917784,-3.4057895209088795,1.903508570973691,-2.048740776522023,3.641555433893619,3.4736681776900076,-3.2191171345047804,-1.0959421556088218,4.058526836455402,-1.304646828161375,-6.642760896535884,6.3900119493828145,-7.909707810090506,1.2470500797787902,3.4377508016453038,-5.918033461937529,9.402130550578283,-5.674560542031096,-0.12057185475663325,0.9139125459312708,0.6840137600500322,2.7360837380733405,-2.671197573908377,0.30689929217151957,1.1578013027057452,-1.583304954347008,3.070842245765359,13.223932023669569,-8.290495115883475,5.241681945439358,-2.6449261515948104,0.8843582334207978,-0.07104271843593347,-0.03931582189473838,-1.0618807917001605,-0.5890303243537512,-2.3773670292179747,2.124032637101986,0.3348504667334165,-0.21066596847494903,-1.9547579205832206,-6.7764744271680755,-7.0770323680617055,4.129013079474967,-0.4396482386333331,-1.098445159129228,-0.48118736792566885,0.7595907690992275,0.40772520022468717,1.0326345923694407,3.247579783769358,-1.0349704795075858,0.755649573324594,1.4589662561889185,-1.878425177955255,1.9322840042848284,6.374078960599855,-0.7552704313030992,1.2874157347908675,-0.6163676912308692,1.0747523060499602,-0.11402696690926721,-0.5281275957498609,-2.7228340756941045,-1.446287865845532,0.7476114152473544,1.568766037040262,-0.665071627192549,-1.2915112115134593,-0.2265603976579487,-3.9196802676845874,-0.3726161121427408,3.090343295447394,-0.2234497798848428,-1.904666506841616,1.0882289845300643,0.10862032740758616,-0.5470764532765912,0.5913023644715109,0.050884694512393115,0.2541128765544712,0.1347974810323616,0.010507944826575206,2.0628892147290547,0.3147962155490227,-0.8117837886535286,0.20658847182604842,0.28057441039951614,0.5284028141821913,0.0755218595315835,-0.5277730252450271,-0.02891911848068527,1.3381802953526414,-0.730071542143213,-1.6542546938040839,-0.1272082656924253,-0.7422295440087773,1.0234439500828783,-0.7513405750735734,0.8181814078856733,-0.5829704685881725,0.2953268598664439,-0.4455262753189509,-0.21631616318914132,-2.1909209439229125,1.933462656155006,-0.7581709671084678,0.3069652493968534,-2.0670703227055633,2.2257275154305645,6.362675639126983,-9.552700152654099,3.7629494901014846,5.343431770724588,-8.303879500764792,1.349354000302219,0.22418276909645107,0.33466237809552507,-1.0613527119784414,1.7284499646037756,-2.0717383384062935,1.2216926957350542,-0.6177202897028538,0.29290206341487685,0.9080946148556376,1.3458669062353859,-0.4062681678092854,0.5907088958613479,-0.03825516304036511,-0.05578362004278296,-0.05953573636421458,9.595409483296391,1.7405517894182674,1.599001301529305,-1.456956998171439,-1.1093026273048912,-0.1100417259101798,-0.5220221336628413,0.42204563507799325,-0.5501463502721037,-0.25186313177167247,0.3939622249178222,-0.11127976477365614,-0.1287561537384981,0.5653312894991336,0.21841011667273755,-0.3269669453218982,0.1807390948415477,0.7662914247772831,-3.2144153014601513,0.9511642360006802,-0.46491958748171347,0.20181304025177269,-0.48565369435930844,-0.9436031239767286,-0.19661882939683492,-0.153781681743871,0.477149833631699,-0.21544557188704125,-1.33598270203608,9.90371076283666,1.7403433029475945,0.16579580611306505,-0.6588047489156755,-1.180331186520458,0.4741271532488784,0.2720654177657854,-0.6453056377921828,-0.5608980076059136,-0.3225276809681415,0.09314684083454193,0.12816184132379044,-0.3067501690139131,0.38119747932905007,0.3535774720174645,0.4676561378131252,-0.49836114115697505,-0.5706779247085603,-0.40989933092969105,0.39562311020868224,-0.1845896922622103,0.34256680289829916,0.5900143177785729,1.9921959308822135,-0.5056331974581567,0.42006086543651533,-0.02709212669818986,0.7332674843427011,-2.3311704601665517,-3.8633870196687847,-0.5465440537051749,0.2010406611576568,0.04751911107605409,-0.46031139443821273,0.22348934919117072,-0.6923371438222065,0.8182089674380152,0.5443413292788264,0.014781076599984955,-0.060022279699196136,0.23395317885124087,0.056825190833595295,0.31890906667206875,0.5390718221041813,-0.3311270528979367,-0.9017246556124403,1.4430564038419984,-0.027126452215710445,0.8769203785916345,-0.5955351755878604,0.09219081642590363,-0.26302837683717517,-0.379415621762359,-0.5082033614346123,-0.04623689351003403,-0.255602133435877,0.48770152712301634,0.14336090512736518,7.919463621048436,-7.294119336775285,2.112200728937668,-1.3078099324689894,0.9289749129914783,-0.13838958539621407,0.01884558946959697,-0.6538818579289295,-0.8567624845538432,-0.206203467304803,0.04275927333729996,-0.060023669973803116,-0.14594919629760048,0.13104125102807015,-0.0012814173939941723,0.27809794839780977,0.39055292232694633,-0.14975884984901264,0.002853182147923416,-0.145705039422333,0.02691434139742256,0.08427725609237663,-0.00027755491697440456,-0.14342970242122402,0.08282001885489104,-0.8988760710281124,0.6657906462333676,0.1964082774278968,0.22806832014595782,0.23117808914442228,0.10967601870543466,-0.031778149102798324,-0.1818149148409028,-0.2652980558241999,0.02890473918180883,0.1525526702315284,-0.01590476264776586,0.2704461457450395,-0.06743330606560345,-0.11072953736414483,0.250648672481208,-0.2671959963386802,0.7521339237866885,-0.02060381452441807,-0.1658233678697222,0.2438871347048679,-0.26954455936435273,-0.4954907646018786,-1.548555160339204,0.38584805057185845,-0.013648064758641186,-0.1561206250165451,0.36096482040997646,0.0006845544762481993,-0.17986234034435813,0.055572357946351805,0.38344587375955347,-0.0158263954660676,-0.025745939866295548,-0.07060112254796845,1.0062059016071139,-0.6815274850103886,-0.4179222879620013,-0.18733530745490423,-0.03985593945145122,-0.09837990721574616,-0.7265717460265191,-0.14582850898090868,0.3149337805932212,0.07929464864265506,-0.27821142659269377,0.33177091019308463,-0.27976233070800294,0.49792674830022593,-0.6849473523533065,0.37364916852776775,-0.16141834144797843,-0.3036601503867641,0.05151760714975055,6.795433230868995,-4.897671328589814,2.532578987613091,-1.0340836867181136,0.26954716919033694,2.1333132177857324,-7.573005436166388,-3.113306947060617,-3.6195745803742665,-3.132815314855067,-3.042381607906812,-3.3081922750347097,-3.188438150062251,-3.5055300122406403,-1.101667846060411,-1.3049930321242251,-0.3761377183068212,-2.120864085653919,5.162475916589244,-1.0901603031878755,-3.618960847699924,0.6034471596970565,1.2790067161768257,-1.3854577344314354,2.0342342623834453,-1.95745951229251,0.47563948168686887,0.2334585015795071,1.4552371047695762,1.321259642108098,-4.125607058228014,-8.440166162154718,-4.402474838574503,-4.317223524592995,-1.4477016258274749,2.7261218934382985,10.940585505494697,5.284544337974293,0.2615976129669166,-0.1049131850350043,2.508730413539811,5.804399645559781,-3.274592196509013,2.9485934326721708,-7.083023717052766,-0.8939887898277677,0.15572483235967402,-0.2089524736215696,-4.030298218777956,-1.137580027716677,2.2487625173928896,16.413989222785826,-1.3531570177445096,-6.600256589669144,-0.551209918676383,3.177308920273607,13.313318088052442,-4.564457192667926,-1.952002469705155,-14.256159599886029,1.7187294261989126,6.809901554296086,14.700931659960887,6.322926424770878,-5.633739489874509,0.7561280059955569,-0.1070197199482524,3.6629213932533218,-0.8414437817218494,0.7369439003618903,2.313802214346078,2.097710063788155,12.083896010147763,14.680579791148483,-18.229061727025098,-11.735096065880192,1.4948658588354589,-3.4718164703877963,-0.6139394284342311,-0.014777804292984729,-3.666326818230684,3.2750980246659576,-8.981920712744689,-2.2538663878578653,-20.568123098370243,8.760260371890288,-2.893914414108488,0.6115454980288529,1.5591502717440533,-5.255330292278378,5.695387567757008,-4.146320569493459,11.65991378360076,-9.614790196329947,1.524454538821392,3.5752911656861524,0.8965676260432347,7.529607947659849,-1.7176625685351088,7.000002067663743,-4.703614887906525,1.7099378539913213,-4.461143031754836,2.8964686475803085,-0.6849308217468998,-1.6334499624055545,-10.241947258664414,4.6055278636589385,-4.267700054416511,0.721731187661547,0.041136781650725665,-0.72535885849396,4.282690039357077,-2.1007286668152836,-0.2065311030842852,1.6876968417752047,-1.3591975130111371,1.1470451532800723,1.2985258925102228,-2.4264343940740285,0.8011449977982139,-0.4132661232441036,-0.2786686697983337,-1.9692039005267477,2.5487370350248724,4.941261861308574,6.334323568013749,-4.439429794820065,0.10680204237111833,-10.562361457034738,2.0849016885224905,-0.3401220315720864,2.173763448828124,-0.058167818866479294,1.5274594708403175,-0.8127230288401868,1.207296936645224,-1.9424263265637682,0.8318203459640886,0.6720846739964027,-18.241798931870193,-2.9332807935423117,7.440270972922878,0.012642242389845574,-0.4084074162281189,-0.7303144518613397,2.646084817569565,-1.404288102851127,-2.490735918576417,0.15721406726067955,-3.0625328039683795,2.7396440003989064,-1.727135452544873,0.9517665879388107,5.870989348277838,22.531747139448324,-9.364522593409285,-4.825390465326095,2.7017358085596523,1.1707586423838172,-2.055523820775888,-1.5946316460522387,0.8179318886678084,2.9173832478903066,-1.487774202816881,2.6698651327996075,-1.8377358428475972,0.4324014313405208,3.893591681602179,7.273421457078994,-2.1839151229571683,5.979778483624017,-0.40793206191450215,1.8524356276861556,0.30412197975250793,0.44836255139712744,-2.2914218684368532,-1.4713768630559056,0.7990466197765694,-1.1100235539724588,3.5322459948408746,-2.356088822550245,0.7461298131838854,1.974275595162261,11.119457865429217,-11.617134969823756,5.971654680421573,-2.213007584035412,0.30169898424506497,-0.16006661562879654,0.24635510813901842,0.4991718135850673,0.3130357567367567,-0.3786610510620846,-1.2014187427850267,0.5879637506798812,2.0947269364705785,0.9233598610571045,-0.24532885639306098,0.048831848460581716,0.4401110293826628,0.6297957160046035,-1.221355623658601,0.4854621363909647,0.20184458720629037,0.16786569510965202,-1.221448272018668,-0.06734102521313431,-0.43735475740527263,-0.5691337612368446,0.33120037896641724,0.4637516309820493,0.10252180469468417,-0.5461144683551037,0.06729635368481175,0.3230625996440184,0.1160437467914602,-0.8574790731997933,-0.36757539558840086,3.3528211468298563,-1.5233648445993682,-0.0913052036945141,-1.51741737815355,-14.128223823133206,6.247479591899577,-2.3053369550375997,-2.6900728913387413,16.972919466180468,-3.6172997972753667,-0.04457227017538076,-1.2541882475681996,1.2143614708505854,-1.68357522926783,-0.48564485262175267,0.17625057802437266,-0.034560863070580025,-0.20741925143660028,0.639782976771143,0.14939406875964434,0.5066327592416504,-0.1040862039237498,0.21129068733055353,-0.10221129771542665,2.2252253076752484,1.7116464259468611,-5.896234574781178,5.037771927346559,-2.708207782759225,1.8028117952696665,0.21250925508938392,-0.5993363949337794,0.3985120117556646,-0.8695889888990423,0.26131180465203435,-0.516778707270218,0.6760992534357658,-0.6015569886309282,-0.5639058155818707,1.8729552657552317,0.6404772471155854,-0.27592169526889887,-0.9843031703160344,0.1362862556065133,-0.111543879611504,-0.3251512693448359,0.1538296883639838,-1.1002844480682017,-0.21286586924077383,0.34412739908884915,0.046315471853035486,-0.14468350353473897,-0.12304578673945905,4.31474233650941,2.982161701025402,-6.135958909209721,-0.17994306697433055,-2.708839501802448,2.272655874024575,-0.5886433764916232,0.35586128432754294,-0.06352619340674384,-0.10973028821561236,-0.1497032702905409,-0.8659519019903408,1.4250358777806105,-0.48169585606340437,-0.5744541916776028,-0.7185262825148101,-1.5997311560574698,0.8950167141878099,-1.6247714588894056,0.05977207041191604,-0.07902766978357892,0.7044984436352263,-0.38061033011116585,0.05728042309940709,1.07960012450137,0.3424870166824711,-0.012537668718067652,-0.038662311529792374,-0.4231870580815978,-3.9428254898029484,3.214055824574377,-3.306423096977768,1.6499136975417403,-3.3821714125844102,-1.7433454388237846,1.1478678637660857,-0.1000952701952642,0.7010551004670151,0.6502428557324703,0.3940543947838839,-0.46806755246282156,0.3849392123989891,-0.21160952777083353,-0.7738510889152801,-0.36483545649102606,-4.107625939096292,1.841386780790117,-1.5328611827442882,0.7672151258824178,-0.5135023507141,-0.29486455281902635,-0.7412137875058423,-0.5100197160196778,-0.8285908856577346,0.15929291555154104,0.06428978998990734,-0.049367570254821164,0.2644775715401237,1.3400869337423127,3.8128269682689093,5.462187706331224,-3.780645926132696,1.2019221983558765,2.269079213948725,-2.854006772472643,1.2817671861338729,-1.3117867240592622,-0.13774269399757214,-0.9317200447367799,1.291496171788826,-0.7408181456227869,0.13490121329707702,-0.06471521310642078,-0.04494781411633639,-0.15846610405102954,-0.4211181612578618,-0.19971064919394071,0.040692889607218265,-0.0664416876557517,-0.15428129307889388,-1.073344554000083,0.5322396750487086,-0.37479400111930145,-0.9909872533461295,-3.1934370940923125,1.5465652211854048,-0.3883420195499309,0.08620675304032246,-0.1335221353707391,0.012100767302289721,-0.21245674875510293,0.09436813109179268,0.07106866785044204,-0.03268274501504389,0.8243614817640275,-0.34423036852318584,0.03425621386584372,-0.0045997830751957364,-0.17367748571962166,0.1559037656570638,-0.3512693304167737,0.22508867709313615,0.3842582288156052,-0.024711069930167924,-0.2773766895347559,0.1921048538560466,-0.346506299496909,-0.44956146905473904,0.22136448508329906,-0.06941220806385473,-0.0908785209838739,0.004497929338136944,-0.036136304432945646,-0.31869253662333213,-0.04316431732919622,0.07420402296539728,-0.0816127458066226,0.06427962917744715,-0.10623552707131549,0.1404320437483362,-0.560233767891711,-0.06221543303930433,0.06478932710351762,0.27415006984918294,-0.46608571123903364,-0.34238582906902865,0.07626178683711052,-0.3763238053472991,-0.2776268580606429,0.41374924266805596,-0.9328938179631064,0.35281902650085056,-0.08300676879660573,0.3545559336388253,-0.006778279793802097,-0.22831501843807028,0.5798606879973719,0.28201163181027206,-5.96225853442584,6.012483459251044,-1.8954050677135736,1.061172914960783,-0.4983108316908073,-5.588368964359199,9.935549293062058,3.100980002737753,-0.6115802284057631,3.0313165898836476,-1.5019132029162194,1.7631806073072216,0.6635626139144051,1.9419625945992274,4.555796629863882,-2.669005082731392,1.294593070439545,1.771697933273268,6.2753809606033535,-5.079852745321173,-0.4405419865706881,-4.605276357893956,0.9275843504530719,1.2461388558342092,-0.1895872452932785,6.330941838408258,11.888222020250282,-0.02398881198798826,-5.077037039377974,-1.2864791115511942,-7.95280578220755,-7.519357979549042,3.1896926862961315,2.889606373303554,13.542425775812589,6.752130055815003,19.85394680415475,-0.38568974205569273,3.2560781976529545,-1.7305740150306321,0.3943879976531838,-0.4407161787294604,-9.557077608214698,10.302615046867764,0.33414260241358673,-0.7696657663566274,0.4766366025577772,-0.9312236391202156,-2.238338604617739,-5.646973908622686,-1.3391415293684465,2.4363169711869097,9.482110366349062,-16.084293494116125,13.019210897251833,-7.6021514910593355,16.608944622110403,-5.525251053179804,1.1223328608388203,-1.6384568024940223,8.083474049215479,14.073097983070165,-2.1232863804185493,16.759215272803033,-12.690675915802485,13.562297283642348,3.729586146412387,8.57263344222362,1.5372895334651828,6.4312356049989,5.703338903988406,1.0145177423542109,4.88089190305654,26.78289341325725,-31.831010509086177,-0.8903209957394177,-0.5389472797603858,-7.083646505785058,1.3551171822482067,16.981723586176468,8.6680259531436,1.9516824669009638,7.900755377822294,-3.053173618287895,-25.378953792269375,8.869959108985961,2.663516223934694,1.642862943836363,19.582200540494767,-3.656184433424783,-8.37899309620509,2.2637774603556116,18.536757153369052,-7.3690480210734295,2.680083717004813,15.550300059306817,-10.519212121656167,-3.389939604856876,10.142944998487472,13.214823405795377,-11.226804694058801,-2.2201857725236582,-19.6635573109577,-12.682013949015461,5.91642008826254,6.711420640182933,-14.926737606173395,-2.687508168593717,8.84679928957678,-2.5139325419769483,1.9162540846189917,0.783645419855757,1.3551331438105991,-1.23851502042988,-1.0430404033831944,3.1854334855908646,-3.7034688359656243,5.669234629972267,-0.5569209341156095,-0.6843680120444793,0.293228746228874,3.013311277171621,1.8810293993626295,1.9489644591294124,-8.730649205588904,12.084256996014929,9.086473615558793,-7.099567547011933,-1.1674477045283882,-14.013206309418853,10.231389383826148,2.335220187391567,-5.61822126238245,12.092371413877846,-18.22428837204872,5.555190062921997,1.110284989471525,-3.4744951222862763,2.492029708369312,0.9951681507326777,-12.02042813163894,4.1857755408813,-2.533425223925208,1.1403493301211387,2.045106055615225,0.354171666259959,2.4671040504009487,-1.4169977332464005,2.0958148351108608,1.8478637901354584,-1.0518451349263813,1.4469780783439046,2.0426704359751158,-1.6217627572609756,1.4186729400964813,16.744749326264742,-8.65223537611155,2.240726403075341,2.2064539513400963,-2.6487029263572253,-0.48525178946169584,-8.831500984155836,0.42449064595084995,-8.110423127512535,5.2165131938786,-0.28574325992838173,-1.8943861405951585,0.2571808289774546,3.2606942867641853,-0.6780667286236153,0.7448670769113714,-0.6842982818307249,-0.10785004435374582,1.8560252102730548,-0.8147882733939522,-0.3334837316612674,-19.11275652460451,4.21463433167552,-2.7517847240088504,-1.7644008265551225,3.2163585705009825,5.219923514513673,-2.679610065220007,0.19943107325281123,15.448063406014438,-4.503653873146398,-0.6258402821091426,1.574387468447143,-1.2851766189274414,-0.25054859537151747,0.4812341574063809,-0.3552853649526431,0.9408188560119454,-0.10998957067219287,0.220357759928666,-0.25950502985731405,6.833843892668975,-3.5439445581908426,0.8913316821033783,0.3417748752072936,-0.7498147379942135,3.0202991400524657,-3.3327809430900066,1.0153217775547734,-1.7425738108020061,2.1724547464175883,-2.4358721884858703,0.5710345653320575,0.8029612597010107,-0.4971665629509199,-0.1732716172016888,-1.2151190059870542,0.7214909725365566,-0.4224499455976238,-0.09769394755783892,0.5079829813146592,2.0143833924161436,4.952580883792508,1.2565287019559486,-3.2639832772311657,4.333319777574155,-2.045118699421931,-1.5242419939456553,-16.462091174098102,7.5595375873205,-2.9664720884349167,-3.599825390240173,20.905804317019154,-5.228926973465898,1.5631199441333785,-1.2452713774162543,1.8194101047989604,-1.098124341684446,-1.5921564064185503,0.22783602014940948,0.18532136864668625,0.3712687210322983,-2.91220388543418,-0.9636232687704304,0.5337105041151885,-0.30499238172848137,0.5597528749088618,-0.6275518812349088,5.661774474312165,25.667562353169153,-6.666589404014809,1.1490330032823965,-1.1611483951948898,1.5559778564391893,-0.4563894663400556,0.6434990543777289,-0.0640774409242374,-1.8901213423573466,1.192436212467097,-0.7959657378665519,0.20602877555122553,0.6113157485213975,0.938062663286694,8.713487076610258,-3.018458450908181,2.077560123609996,-0.7269797352031321,2.221429123271653,-0.32941011112332785,0.07535707945852253,0.9292309353365585,-0.06049557420071593,1.3604960767910825,2.4780223021277936,-0.3650816668096507,0.3936798165585971,-0.5087226770327322,6.990533327801117,26.694031394266872,-6.862984415590703,2.159163927259946,-1.2097247992690958,1.3867642073732331,-0.3115026388033753,0.1443135679018487,1.6261869975620387,-0.18789476546380662,-0.027184641652223666,-0.22480803483847323,0.11177820968695171,0.6528631286334018,-4.77083595451502,-0.8132911304750613,1.9310021010821588,1.7025866300927448,5.156991837057752,-2.84539978197527,0.3321293399680635,-0.25431380377207835,0.6884366215732751,-0.9977958561210362,-1.7250508304620724,-0.5625748909067707,-0.12610981525860704,-0.07523434976006305,-0.14720290167010325,-4.034304986610528,2.2515785660685683,-3.128594706641802,0.7284732697797393,-3.0008715812699895,-0.09041895404117663,-0.12897548455936275,-0.2595744495321377,0.5101670570856103,1.336089539027865,-0.45644013923058196,0.9152041377070598,0.5855507794474778,-0.18882981064968818,2.5463793815253983,1.2724342913114934,-7.328968654498178,4.777372784403773,-5.380983042839933,2.930482744146013,-2.71505775815346,1.1424433398978424,-0.6536012359281683,-0.5738155332469755,1.5124095985554564,-0.3845247037077575,-0.07121597726453849,0.37057792975797915,-0.31091846356831726,5.027591975183211,25.031113043724055,-8.453598958169568,1.1977192196015356,-0.09930059413482409,-0.5552127313942787,1.0876371421204118,-0.4723710960307286,0.3401118191129148,-0.9979245993964058,-1.0396921265631711,-1.1595705512534815,0.46539372680913965,-0.010212116499397132,0.04070098550319656,-0.22282447850960624,-0.25732430609578216,-0.2355911534491581,0.18858876957709214,-0.04512050594803645,0.1022672557119317,-0.2209284475707863,0.2981719454085128,-0.03375104306383706,-0.7492836409393006,-0.46179445563147803,-1.7887110167506486,0.25859727900484186,0.4385344539348752,-0.2927717681273346,-0.27046532670161494,0.4309384840600183,-0.22370047910482518,-0.06492486805599507,-1.0760969347244624,-0.46798201687520224,2.225857615613922,-0.4628372555649186,0.9017767121824973,-0.41882982269567676,-0.05514988149313582,0.32505009138123436,-0.8755593634719401,0.7512714835377287,1.5528990624895402,-0.5036016036535289,-0.12112441359301195,0.7455501718156662,-0.9319430987321381,-0.4418445744529717,0.11620650471883034,0.09621013866645307,0.0257151423713255,-0.29129573967309985,-0.04696714041711881,-0.014089456272628137,0.09317866487519269,-0.018351526435307366,-0.14464880373089786,0.026373905493972928,0.47358545086431936,0.47276527707184357,-1.1235478204115716,-0.8983356393317526,0.26552607764803415,-0.06772463014162963,0.4679056399352166,0.8176976657421845,-0.6504565516204623,0.11172118722853928,-0.07933270010409756,-0.5411246888630921,-0.5349696946795797,0.7094623462021311,0.93719307991791,0.17855571726976266,0.3358886516073248,-0.3635668842499461,0.7708554918706841,0.8801242099513602,-5.443970194916994,0.7090398442540727,-2.1580604793796905,1.3182430332326258,0.43839384450186525,-1.0684941497561231,9.631813434184746,35.556164767728944,34.69192012935704,35.215473201728656,35.210337330613015,35.22470779538236,35.97450415953796,30.756348908545963,48.314791932187106,33.030995946687526,44.095689115255695,36.1169928930911,34.704846856181604,40.16690767563953,41.578743551812885,18.591142852347836,18.90906231441599,12.232961337462752,18.41460685513908,43.657710227186456,47.39580151753486,0.092938672503449,0.3447671021209885,0.5895526304663729,2.2337101294096335,15.610427820617595,0.8578065020323276,3.7209903649404708,0.9667275300251237,-13.272507367059227,-11.773841495063772,-8.443844967145653,9.819317296953013,-3.350814736018685,-2.3432627549797993,-0.9308485247767363,-0.9339718821463963,-0.09200864186192334,3.0244291559504957,2.920545302659431,-1.2051236368387421,6.146825761896291e-05,-0.8209868173630706,-0.07918916173776916,-2.015181193812935,-9.379644212524886,0.34913872738905954,6.2810842588247375,-5.735138140028986,-0.7888663516439611,-15.83267453134001,11.243508572367961,1.9152233587222538,8.820443778998992,-8.2520842207965,-5.009845529874934,-10.407421177965473,-8.746068568395035,9.799438143617595,-7.583809104679131,-2.219612218327811,2.981225048619044,-0.4488181177843481,-0.5878420488720203,-1.558342412467928,1.1527766878827337,-10.301352084453963,-12.603232197163607,15.651735448099345,8.938067491390793,-3.2586215712680255,2.7058650104408017,-0.05458926034377598,0.2298290440670828,-0.5057666411219178,2.486774000304324,6.192496926247667,3.3832865616621715,25.292746603589304,-2.5331068257730682,8.112039777454768,-2.713426472442794,-4.610474506509746,2.5788409361540787,-6.075911250239841,-2.925037513549262,-19.034742911509042,3.2585464915993967,-4.3515104990400175,-4.826216468590157,-3.9239641361323545,-6.36247195963781,-2.695158888508129,-4.0786318251851235,-5.412368324145887,2.5290331903882826,13.31067603834746,-2.2271241699925857,4.940353227290951,1.3782929032224276,19.727045533874787,5.275662214082105,3.710440770421531,-0.7692328739096466,-1.100446618351471,1.8342726518158994,4.359778917704761,3.0723823941351274,-1.7668126042017092,2.373787973138621,-0.23526224625007874,-0.7301340233358998,-2.1006168995431986,-0.8719139901681314,-1.4509689203795235,1.4884438659566142,-1.3058414159963982,-1.7558886884534144,-6.595019204345674,-9.37034375820286,-5.067421110615795,3.7243873351344616,0.6686556235343358,14.395722874260674,2.872804242123005,-0.8503703398608708,-5.053199171171597,-3.643565117049748,1.7027604223228203,1.3548867461168526,0.432306657709841,0.7910537675191726,0.8956062470132218,0.9910309918955289,30.46326367433525,-0.064166846402811,1.629157409106349,-0.5668255796894359,1.8228181705575182,-0.4686740415897437,-2.4035793307714948,-0.4493193384568717,7.607953568891656,-1.9198182812490985,2.7789218000612252,-2.122257339520666,2.3395562095622067,-0.5672209422899784,-10.778534115324254,-28.37579093945399,12.423516829195785,-7.107252043697983,4.568995631850827,-2.4617930406041353,2.761175284821073,6.812052880984165,2.2615469218991864,-2.8564805922159517,3.5099689597383117,-1.2175843290579869,1.2734759350411213,-0.3778864224460378,-5.173982167083194,2.019811517656103,6.526059126293037,-0.10418887956924931,1.0952736164816494,2.1081233064256315,-0.4249902469000006,0.8135869529377519,16.674148966521283,3.904745389213534,-2.804397682356344,1.88940407340299,-1.3208709263128358,0.9876277608364069,-0.3698192956312208,-8.834358938408807,-16.692749974455605,15.50753106449585,-5.187081492246545,1.661852338014252,-0.6611089490600299,1.1722471124832012,-0.6658063752702088,0.1933081328580464,-0.47579197521321437,0.550087468442552,0.25413719062188583,0.6919705475060056,-2.3040319379985164,0.4103034157793833,-0.41125258431639006,-0.17223506738243788,1.8013046741501926,0.749321243171923,-2.303749112769717,0.7971893472347551,1.6426731957428728,-0.5063301717108848,-0.6771161637926625,2.775566600896724,0.43757598936183956,-0.530215563697799,0.2808979813199589,0.05729087512125874,-0.09813782585026999,-0.29649617310419013,-1.312407382238902,1.239979483598571,-2.548283865715105,-4.86047611549035,2.2186121826777767,-3.3296871264996235,2.5466292578716008,-1.1711078142288824,1.9282536958964789,24.347728252605975,-7.410038667429512,2.2937408739419127,2.0838154645015385,-26.8247833017993,5.505284871382759,-0.4559868195144352,4.966705860379967,-1.2298388403786733,6.0331623776002665,0.1390215197496209,-0.46185023868933234,0.15059129527239407,0.27398729394204,-1.169156196551734,1.1308295951710636,0.148356532872651,-0.05428237464124741,0.2895294439122101,-0.3988694181954465,-5.209250812479215,-13.864459771077128,9.783186393986243,-1.585374979085149,-0.7428860025318351,3.706059715156866,0.195321868755406,0.16877080637743538,0.159422845682578,-1.9786940435202542,0.70530669549896,0.3354688015020235,-0.43990194868280946,-0.4805652858991352,-0.7289560209587298,-9.035645184378165,4.8281258185892515,-0.6708944225493682,2.8492795068978842,-1.7532585709639956,0.8460932113182,-0.0007528404123717872,0.40961596445341586,0.08649151306808231,0.805620523583074,-1.1315200493288284,0.6418901082432515,-0.32502345872957994,-0.28694715535186355,-6.046279637691509,-14.021847778382927,11.120817659508294,1.3888700218138421,-1.0771817643061543,3.95765537806017,0.11221962928754212,0.5563774926111641,0.594630719894993,-0.5580181230051446,0.06406536039328425,-0.30978190981879133,-0.31037772366241223,-0.6492139786012098,4.827399333301726,4.039273367088379,-0.44361078320637687,-0.1418423914960408,0.05459537167543427,1.0541977705828125,-0.37908664393046826,-0.5488935998658829,0.574534155410204,-0.6383899504513175,0.655814946315754,0.3231054126284016,-0.1368999676097001,-0.10530896188401986,-0.9989642315490721,6.48043642846192,-5.006972285347565,5.275943834974709,-1.7980462219845523,-2.140884149930682,-0.20082962420524186,0.2564670144697427,-0.24785653008454403,1.2945012707799042,1.3928776615375493,-0.018985727371167004,-0.4369687703888385,-0.5712907844139891,0.254859776619982,-2.1831600877731323,-1.7297793161585289,9.754052787677791,-0.5712988008960055,1.4866336526604818,-2.46740928659351,1.3141581972640162,0.06383235078683808,-0.1431079080836523,-0.723879278420899,1.0278839649946998,0.19987734327794326,0.0290882459566176,0.19313347479761622,-0.23558333584945257,-4.875456657732583,-17.905450555442677,-0.8977215340307214,2.406605981462808,-1.2411678935905703,-1.423802482214084,-0.46533689107360443,0.316421685796493,0.2086861286335165,-0.9321717935847469,-1.0097042017519375,-0.034963059302722456,-0.12792751928859514,-0.2899771146726502,0.09711348365040255,0.19854866187825695,0.31490119961472746,0.32765515791085936,0.08584996509825638,-0.1260849999337857,0.1639759099263358,-0.2517269711588292,0.7676251862423533,0.016340245326562017,0.6199085246853531,-0.7954009195820488,-0.38575901726367684,-0.1485032211498624,0.6104053365019148,0.0018772002575613532,0.09940461288732459,0.16563939406934206,-0.03149170411878266,0.007141170304202252,0.9363081724981687,0.4420363948817847,2.5243482210532475,-0.6962249570856781,0.9133869255399036,-0.3154512304644179,-0.19070874417214034,0.14315745678319694,0.8177723795865147,-0.8789421558685051,1.0218080129345986,-0.38556736093481414,-0.21422877508896804,0.23784687707710306,0.5697039836183126,1.1224939775643117,0.02592172883101661,-0.07596317489471796,0.03768901561731658,-0.20129715406158225,0.13778083838782013,-0.25473826735493754,0.18774555525689612,0.14957121873048435,0.04671978955647469,0.13239181583837104,0.30733194213361353,0.5792205548241914,-1.1304525223390114,1.2078469109203456,-0.37809004578893796,-0.08744784379703054,-0.15808948919453183,-1.1037580925030972,0.014767211038498774,-0.07460704637641294,0.37821213936052545,-0.6399615276982228,-0.34748233582995036,0.49573904831427823,0.17859826249359664,0.2616286169243217,0.24073484001112216,-0.37730683525331155,0.8807805986679825,-1.1953021505922148,8.799459388100543,-6.348357869521035,2.3779867606126937,-1.4230056321840179,0.16035919606482663,6.812386057657182,-15.267803388641218
13,-24.158742010031617,-24.33463178377069,-25.10912296181265,-23.68819264824886,-25.537515849462388,-22.851234841139874,-29.535499333856432,-0.4200291972709911,-0.8954613891304215,3.739898089126374,3.3263676063922336,-2.104290254445738,2.3290425661317284,-3.259591692425146,6.415910346153382,-5.865023415029247,3.285610349771729,-5.372335487728086,4.836452616019385,7.467385564538668,-0.1151404762644042,0.5022090089440019,-0.7419438623423473,-7.422448862227089,-9.433431676548148,-9.191724304212888,4.154513647372466,6.180822321025498,-5.995536569975662,1.725442754976124,-9.643678469714366,4.626492421003576,-5.213473819076724,10.097272076741028,0.1146800169485073,-3.8695506004289557,3.298650834275395,0.05297359326677746,-11.448184822985352,8.214355817818872,-0.029566735394858823,-0.16930080356802235,-0.3152273422353875,0.10149633842254349,14.83743709060162,0.30850676644725583,-6.802728212378573,-5.638915240823915,1.013200510239919,3.9990591827912882,0.13194011867181754,-1.422001021634643,3.0028516403359857,-2.432139832414197,8.8798541735578,13.507089725116414,7.772305343653613,0.0176639671335667,-10.754680179332802,-2.5099465996821246,-1.3927181150083396,2.460997641037847,-4.914878023706351,-5.775298602986573,-2.6704796993659974,10.886597367731502,9.661060292907646,-13.643277089621714,-8.09054738730172,7.103646453333373,2.6325141130215166,-0.19604244022357403,-1.112625217895503,-1.301154660828995,-2.153042550891454,-1.1821248434122484,22.194112657544697,-2.1704129014427536,1.5619878331606907,-2.695771468794521,0.3097241033192371,1.9176852755013676,-2.136380745996943,3.9045955181917784,-3.4057895209088795,1.903508570973691,-2.048740776522023,3.641555433893619,3.4736681776900076,-3.2191171345047804,-1.0959421556088218,4.058526836455402,-1.304646828161375,-6.642760896535884,6.390447695244503,-7.940213352342214,-0.4827509928750227,7.518257397212186,-2.4952658237011325,-1.91772113941536,0.982147498113271,-2.2492737857513534,4.067749769447588,10.887115782576997,-10.559995394724206,6.685952725504299,-2.8710133857354903,3.724829613625,-5.396916631878143,8.45394575972424,-8.121879346893833,-5.556667082524772,8.099944225533417,-5.374510998675672,4.682552506559317,0.00901307718847233,3.3825592990472066,-11.047825783934009,1.5963953838854439,8.425169578381764,-3.988838302659919,-3.050077443498633,-2.9658411441493886,11.951903399105811,-0.14303826523360846,1.0718844934867893,-0.5344383759262032,0.01470152927563561,-1.274352532651237,-0.27446686282702626,-3.9196802676845874,-0.3726161121427408,3.090343295447394,-0.2234497798848428,-1.904666506841616,1.0882289845300643,0.10862032740758616,-0.5470764532765912,0.5913023644715109,0.050884694512393115,0.2541128765544712,0.1347974810323616,0.010507944826575206,2.0628892147290547,0.3147962155490227,-0.8117837886535286,0.20658847182604842,0.28057441039951614,0.5284028141821913,0.0755218595315835,-0.5277730252450271,-0.02891911848068527,1.3381802953526414,-0.730071542143213,-1.6542546938040839,-0.1272082656924253,-0.7422295440087773,1.0234439500828783,-0.7513405750735734,0.8181814078856733,-0.5829704685881725,0.2953268598664439,-0.4455262753189509,-0.21631616318914132,-2.1909209439229125,1.933462656155006,-0.7581709671084678,0.3069652493968534,-2.0670703227055633,2.2257275154305645,6.356067806237193,-9.489249700081958,4.288965075376601,-2.7185246728508394,0.2933278463378147,-2.74863133177775,-0.06051398465975294,-1.2463173522934028,5.021990509661679,0.15328764388500385,-0.3941489779115413,0.0087560994986862,0.6537430681364974,-1.2818902292500267,2.479727835357508,11.288706710669896,-6.320832570454864,6.605166009930509,-2.8550828042613925,0.9574155976240576,-0.8242954553323687,-0.33100466115826654,-1.7103368161202548,3.444347922819694,2.3298169378169304,-0.29618720331423287,1.1344862254550045,1.042103955270479,-1.3442634591079567,1.3135992528647176,6.025631098639758,0.9050802083019762,1.3827545569231763,-1.9759239574976926,0.7065108664506937,-0.2015157400122876,0.6842352136838297,0.4910365263772046,0.07029363520952656,-4.445342792301711,1.5883721481991497,-0.7160583511949246,-2.1240360755642542,2.9152920944858858,7.454889559295085,-9.613630394194677,5.07418925920453,-1.9536678844465722,-0.06396694929745281,0.17676723521650559,-0.11749808228360015,5.7997128862778204,-0.01598910350338567,-0.19651200130722246,0.08790806843309226,-0.2920390115107866,-0.379415621762359,-0.5082033614346123,-0.04623689351003403,-0.255602133435877,0.48770152712301634,0.14336090512736518,7.919463621048436,-7.294119336775285,2.112200728937668,-1.3078099324689894,0.9289749129914783,-0.13838958539621407,0.01884558946959697,-0.6538818579289295,-0.8567624845538432,-0.206203467304803,0.04275927333729996,-0.060023669973803116,-0.14594919629760048,0.13104125102807015,-0.0012814173939941723,0.27809794839780977,0.39055292232694633,-0.14975884984901264,0.002853182147923416,-0.145705039422333,0.02691434139742256,0.08427725609237663,-0.00027755491697440456,-0.14342970242122402,0.08282001885489104,-0.8988760710281124,0.6657906462333676,0.1964082774278968,0.22806832014595782,0.23117808914442228,0.10967601870543466,-0.031778149102798324,-0.1818149148409028,-0.2652980558241999,0.02890473918180883,0.1525526702315284,-0.01590476264776586,0.2704461457450395,-0.06743330606560345,-0.11072953736414483,0.250648672481208,-0.2671959963386802,0.7521339237866885,-0.02060381452441807,-0.1658233678697222,0.2438871347048679,-0.26954455936435273,-0.4954907646018786,-1.548555160339204,0.38584805057185845,-0.013648064758641186,-0.1561206250165451,0.36096482040997646,0.0006845544762481993,-0.17986234034435813,0.055572357946351805,0.38344587375955347,-0.0158263954660676,-0.025745939866295548,-0.07060112254796845,1.0062059016071139,-0.6815274850103886,-0.4179222879620013,-0.18733530745490423,-0.03985593945145122,-0.09837990721574616,-0.7265717460265191,-0.14582850898090868,0.3149337805932212,0.07929464864265506,-0.27821142659269377,0.33177091019308463,-0.27976233070800294,0.49792674830022593,-0.6849473523533065,0.37364916852776775,-0.16141834144797843,-0.3036601503867641,0.05151760714975055,6.795433230868995,-4.897671328589814,2.532578987613091,-0.7649211378563489,1.025101985630325,0.14075602906822948,-0.16894651121864226,0.5278948589819491,0.3689840475574804,-0.36689585110886097,0.30216265027068834,-0.34691337740733624,0.1979578728125376,0.142060660344672,-0.5901574000543274,0.4834962556124309,0.7802832309782579,0.562438571044578,0.30997012671100593,-0.6223568146529491,0.09203050873797412,0.19290525876922282,0.21477973117864185,0.12628518279561923,1.0501708129491907,-0.34183914292293893,-0.2139400859758084,0.4845131094948395,0.13601237999979393,-0.7889737284009015,4.111823016246896,-2.39143156225909,-1.8526466450967896,-0.7691625608221893,-0.27899711126451865,0.8762836025541721,0.5209670925754519,-0.6274003884314157,0.08165734531455819,-1.7080128236160192,0.800214068627014,-0.638578837682903,0.36782286466162867,-0.3271587091473847,-0.6902506059110038,0.3401626165642261,-0.8305519693467741,0.3912637020974727,-0.31623433561895986,0.5714960645736817,-0.04686480627615903,-0.1558212111926344,0.14050014114799084,-0.9578170865920066,-0.6682864223706406,-0.5931419542231565,0.7632404647514873,-0.3967186603711971,-0.1571712646959011,-2.267761047277978,-2.7977277593943666,-1.378829699060125,0.12201530653259808,0.18124086159350372,1.957164371290336,-0.3312519040336026,0.22058806100435746,0.06663711492245883,-0.18121170926442212,-0.5250631022645239,0.6784935147613956,-0.08451564792874129,0.34586996443309714,0.09100717363604115,0.13824590601712555,-0.1282111983914109,0.23121196642253056,0.22387735245891913,1.1845618372335838,-0.19843903670258126,-0.0749498547150173,-0.6437156657961086,0.10507354620109725,-0.09239712083915468,-0.6085230604629138,0.5589584837214259,0.08687603799505811,0.8632573559950423,10.914043962793953,-0.28414919475517525,-0.7622179889679255,-1.147519450226985,0.29326178953296456,-0.15485491299488074,0.5928385285665803,-0.1918452159068839,-0.4065740780669283,0.11996801345559233,-0.19393764307074218,-9.74210338949664,-12.075435087375864,-12.132480197586174,-9.453883834306584,-11.284522128362608,-12.69369560257306,-10.710230850997075,-4.768182057944834,-0.35937840318987635,1.613350175831205,-0.6474787689994874,0.4695758126218103,-0.38190834475885754,0.9731142033236483,-3.0697678429300606,3.906627333805935,3.982002180796349,3.350306125508252,-3.366281793238317,-3.262103497371604,0.1394708017177157,2.57961028856551,0.8660830308606572,1.2584632914243497,-0.7538017015681732,0.6994178945807256,0.8156695904444204,0.9310280875361078,3.5586064558417054,3.847096448843754,11.401436950580564,6.282821859519503,9.410516335478023,-5.817215279877117,-1.506534946359609,-2.2271339888498196,3.1728435049066728,1.6600301757098566,3.8066217244555682,-11.378146934350664,-0.16315969952272208,-4.097460055447018,-1.3219766266208526,-8.368657566839694,-18.637915700001578,7.163925876619887,-1.2063181368263618,2.0068069232694015,-3.393904187162574,-1.162418682044561,0.6056725570381941,-1.5739217824833847,-2.9286128035692407,-3.2231741473808024,-20.060221172652657,-0.6220923802980375,1.830946163931129,12.018700939718787,-1.0863330813366159,-4.4159219175010245,0.04879288640060228,4.002013816153048,6.329768734537049,-6.292997024180896,-4.543156079344371,-23.8269450958234,1.23280782407748,3.060350058673339,23.599032021166966,1.552071343477778,5.065718728323592,-0.9286281317395317,-2.5876344210593896,-5.831700021676826,1.1994498666861524,-2.311637620260704,-9.978472881836227,4.553349204016226,-4.267700054416511,0.721731187661547,0.041136781650725665,-0.72535885849396,4.282690039357077,-2.1007286668152836,-0.2065311030842852,1.6876968417752047,-1.3591975130111371,1.1470451532800723,1.2985258925102228,-2.4264343940740285,0.8011449977982139,-0.4132661232441036,-0.2786686697983337,-1.9692039005267477,2.5471765005805183,4.846432919347122,6.259112257619958,-4.5922970228310325,4.405561405768391,-1.8116872091940381,-0.283100093052204,-5.444512665462178,-0.9088591428644245,-20.259383111360453,11.179875772374203,-8.332991504443402,1.9067287161754303,-1.2609657498192803,-1.4531022897203247,5.761905917814459,-0.9301733790832419,4.345319927281077,-7.445273328682293,3.7918938164732645,0.4357637056405938,3.009688178548956,7.299806305318513,8.622677685144037,12.3231228830619,-4.0452682567525855,1.5371189775451444,-2.1667405860080247,-6.516327884619796,-15.440772106741417,-0.9309011427752794,2.2658945541537867,-2.488936505165323,3.793723878462332,-2.2474621168262794,0.7033886476703555,1.974275595162261,11.119457865429217,-11.617134969823756,5.971654680421573,-2.213007584035412,0.30169898424506497,-0.16006661562879654,0.24635510813901842,0.4991718135850673,0.3130357567367567,-0.3786610510620846,-1.2014187427850267,0.5879637506798812,2.0947269364705785,0.9233598610571045,-0.24532885639306098,0.048831848460581716,0.4401110293826628,0.6297957160046035,-1.221355623658601,0.4854621363909647,0.20184458720629037,0.16786569510965202,-1.221448272018668,-0.06734102521313431,-0.43735475740527263,-0.5691337612368446,0.33120037896641724,0.4637516309820493,0.10252180469468417,-0.5461144683551037,0.06729635368481175,0.3230625996440184,0.1160437467914602,-0.8574790731997933,-0.36757539558840086,3.3528211468298563,-1.5233648445993682,-0.0913052036945141,-1.51741737815355,-14.182506995617656,5.22777659028194,-3.3321544952475195,-0.4350633921558781,1.1756946532705481,0.050969330627302495,-0.059487265520682224,-1.3502659580979424,0.15926327951852978,0.2553751368190179,-1.3935872832583518,1.424168519856765,-0.5037150216548857,0.4893251076569763,-1.4039063206764257,-22.494932551161487,-0.4788813788216307,3.161529202286772,-0.5192800136221168,1.3285257049971964,-0.724006451826377,2.0771155730174247,-2.905898481541928,-1.5474873672378164,0.8377289956557981,-2.6631701983598615,4.2095446331390995,-2.924649967335072,0.7427186938434329,4.028968653260115,10.089872652124713,-2.8970187113098977,-0.007914039778807232,-0.7336934909079834,0.2833080141128803,-0.3700213632011341,0.20536704197761013,2.639397448965175,0.2794345472181708,-1.5773041460396662,-1.208834038855178,-1.204602355836738,1.3318928181964527,-1.1375277687582637,-22.953343659971225,-2.7645171525443084,4.9541339200865435,-2.2777619682999113,0.9886126068897707,0.5860822752043213,-4.300805269559106,5.605405858389262,-0.3390338152071819,-0.27177295457665124,-0.6531764001685013,-0.5449376673814267,-0.8285908856577346,0.15929291555154104,0.06428978998990734,-0.049367570254821164,0.2644775715401237,1.3400869337423127,3.8128269682689093,5.462187706331224,-3.780645926132696,1.2019221983558765,2.269079213948725,-2.854006772472643,1.2817671861338729,-1.3117867240592622,-0.13774269399757214,-0.9317200447367799,1.291496171788826,-0.7408181456227869,0.13490121329707702,-0.06471521310642078,-0.04494781411633639,-0.15846610405102954,-0.4211181612578618,-0.19971064919394071,0.040692889607218265,-0.0664416876557517,-0.15428129307889388,-1.073344554000083,0.5322396750487086,-0.37479400111930145,-0.9909872533461295,-3.1934370940923125,1.5465652211854048,-0.3883420195499309,0.08620675304032246,-0.1335221353707391,0.012100767302289721,-0.21245674875510293,0.09436813109179268,0.07106866785044204,-0.03268274501504389,0.8243614817640275,-0.34423036852318584,0.03425621386584372,-0.0045997830751957364,-0.17367748571962166,0.1559037656570638,-0.3512693304167737,0.22508867709313615,0.3842582288156052,-0.024711069930167924,-0.2773766895347559,0.1921048538560466,-0.346506299496909,-0.44956146905473904,0.22136448508329906,-0.06941220806385473,-0.0908785209838739,0.004497929338136944,-0.036136304432945646,-0.31869253662333213,-0.04316431732919622,0.07420402296539728,-0.0816127458066226,0.06427962917744715,-0.10623552707131549,0.1404320437483362,-0.560233767891711,-0.06221543303930433,0.06478932710351762,0.27415006984918294,-0.46608571123903364,-0.34238582906902865,0.07626178683711052,-0.3763238053472991,-0.2776268580606429,0.41374924266805596,-0.9328938179631064,0.35281902650085056,-0.08300676879660573,0.3545559336388253,-0.006778279793802097,-0.22831501843807028,0.5798606879973719,0.28201163181027206,-5.96225853442584,6.012483459251044,-1.8954050677135736,2.7311291887225484,0.20628682454761055,-1.1245676335495696,0.08356146467760489,0.1482489605740337,0.3009544364801142,-0.957485489472898,0.6313845782417398,-0.14690328343962622,0.5339015707248306,-0.1244542465106804,0.19834058847065575,0.49676029601727156,-0.5576217300619372,0.295327548985067,-1.1054405080305396,-0.002038328995319899,-0.7401239410981179,0.6471975160317974,0.23960990669865612,0.07597062697179911,0.20723303963911255,-0.046562487890585445,-0.578300158106967,0.510022812726097,-0.1277031397880492,2.96230329247433,3.083777927977819,-2.0928194250446235,-2.5269561894640957,4.663894721124779,-1.2053151503363777,-0.8360336504110684,0.21242799036563842,-0.8808569820179304,-0.3891694838387393,-0.1411973039526129,0.05619115868475851,0.6829781588507045,-0.7048680405291692,0.04757883837621587,-1.2597585954811865,1.262878935733799,-1.3749849841894142,0.8841134330247639,-0.307843952915619,0.38081817904039594,-0.46883655044949357,0.4580458073090965,-0.10988395480907719,-0.36670164909037506,0.3189928670353996,0.1673623637361579,0.2380383172554265,0.24377378953551815,-0.2675818893951936,-5.103508975056033,0.3710751468044371,-3.7772421864787216,-0.38512295338711067,2.0690953197024826,-1.5188205045098537,1.1969851275691108,-1.8496849921304341,0.6153416852312718,-0.32784846660327743,0.40744223697499954,0.4831992433184846,0.8190882865907649,-1.074116607171653,0.4689944628369401,0.5300622256209462,0.689253213016478,0.1775849161799482,-0.16351805267849462,0.7078411429773735,0.14032331571919718,-0.8970973849779291,-2.40678492803693,0.04060059322395672,0.14840838705299572,-0.1463397308433056,-0.1511600444960167,0.316498552868545,1.5637880477253596,-7.040083880561383,-6.26413273489893,-0.8429128263271632,-0.8426050665946075,6.307064193670614,-1.9865817312522802,1.427875711817559,-0.32209045514748275,-0.7320799389300935,0.8181998899544968,-6.857798280400368,23.869356891292345,23.242618594147107,24.636526831655697,23.327225562422278,25.207408281017265,22.35094999092954,26.923255355480258,4.8172268645210865,-5.332317996925999,0.3417173761765797,1.112215728236531,0.1048888993336457,0.32872462092932153,1.2286062323322215,-2.0707269410842466,4.251621500243992,3.3190169600186095,-1.0872550054349759,9.918666690061627,9.88524553737301,0.3415159298200877,0.834387141519963,2.0496130332969904,8.260032216994869,15.84333534801308,3.281917312481962,1.5479145257548415,1.6472901127499244,9.539125858807383,11.104481923204718,13.940277314210565,1.7558490133175362,1.341598116381804,-13.791935813038242,-11.761581382875201,-1.3339150994045563,2.880554712879238,14.997222859679967,10.51933958087738,-4.019697487970158,0.056239633441553936,-2.070501018964501,0.10509189263971444,-2.11541303188143,-14.733880661908398,3.7943555154479807,-1.8650526779391847,-8.901652072230343,-6.604682702835606,-5.0717634692015805,-2.8365736380883186,-7.4371610516995625,-3.8202283121857645,2.2351664422542545,-17.467590840876227,-1.7560152473454989,10.108316855816472,1.6630589402649487,13.332228255807584,-18.430228363348554,8.732300045134632,-4.807970447634243,15.457025694094897,-3.8373762805586487,-1.4706075877944178,-16.108362475145043,-4.0518410760244885,5.979388882515287,19.103312391167808,-5.4046028894439475,5.442651459758946,-0.10549321050830957,0.633000669687326,-0.6448716042908044,4.407552200624553,6.602075490056096,-15.07420278929578,-2.5987460927022332,8.84679928957678,-2.5139325419769483,1.9162540846189917,0.783645419855757,1.3551331438105991,-1.23851502042988,-1.0430404033831944,3.1854334855908646,-3.7034688359656243,5.669234629972267,-0.5569209341156095,-0.6843680120444793,0.293228746228874,3.013311277171621,1.8810293993626295,1.9489644591294124,-8.733035197654148,11.96536317160933,9.314859769643206,-13.147890175468627,3.806728460482177,-5.420445822586088,-7.871553515628881,9.693907421480008,-2.604571628936855,-25.123952818405726,11.274743133024764,-1.9165184348701607,2.677167574607508,14.068650088689793,-0.13125202934955074,-7.932522585031998,9.312534455172397,12.80988992607815,-7.915022564098328,4.692694810044628,2.654694998746858,-8.189488936070099,-2.614681687048033,16.609244825134816,13.746062567565223,-12.714343933177629,3.5035959621754236,5.058636619597829,-11.179018453393027,-17.80617700509894,-0.19187608943300477,-0.5060564411185856,0.027645519443685304,2.9509581699312095,5.053779191156414,-2.6087359801131442,0.19943107325281123,15.448063406014438,-4.503653873146398,-0.6258402821091426,1.574387468447143,-1.2851766189274414,-0.25054859537151747,0.4812341574063809,-0.3552853649526431,0.9408188560119454,-0.10998957067219287,0.220357759928666,-0.25950502985731405,6.833843892668975,-3.5439445581908426,0.8913316821033783,0.3417748752072936,-0.7498147379942135,3.0202991400524657,-3.3327809430900066,1.0153217775547734,-1.7425738108020061,2.1724547464175883,-2.4358721884858703,0.5710345653320575,0.8029612597010107,-0.4971665629509199,-0.1732716172016888,-1.2151190059870542,0.7214909725365566,-0.4224499455976238,-0.09769394755783892,0.5079829813146592,2.0143833924161436,4.952580883792508,1.2565287019559486,-3.2639832772311657,4.333319777574155,-2.045118699421931,-1.5242419939456553,-16.508067827097964,6.376824403920876,-3.9811102820752002,1.0400325740258733,-1.2150948782956144,-0.6485226321185154,2.3197219982670783,-6.69588123001514,3.6692271492745947,-5.7625041940566915,6.188561059595095,-3.7895253358182743,-0.8981435944563163,0.4509656590947992,-0.6988296112527559,-18.074942713641775,0.372713460481475,-1.7299060876263705,1.3861078179801127,2.310292185066494,-1.047488244576019,2.7214154436310865,-4.694611774675809,5.738917890677956,-5.959210477908686,2.5300734860135465,-1.7474985149714986,1.0281504519263784,-1.9788049546438942,6.447619626303928,6.337722708460993,-3.186355964788288,0.9975822688474029,-0.3845366840479789,0.29016262427241146,0.6158238107658286,1.3731327831599676,6.182470021083507,-11.78118482394134,5.856325030340453,-2.633971089229844,-1.4942107626310401,3.619343833512575,-0.07306050213400932,-16.210358139485283,1.8550239736445175,-3.147970346281795,0.8263167199894832,-0.6873802941238396,1.6683073887360116,0.7101382012713392,-0.6408472702130433,-0.076612822883572,0.20283273287505954,-0.6057425514022484,-0.5349806385112179,1.5124095985554564,-0.3845247037077575,-0.07121597726453849,0.37057792975797915,-0.31091846356831726,5.027591975183211,25.031113043724055,-8.453598958169568,1.1977192196015356,-0.09930059413482409,-0.5552127313942787,1.0876371421204118,-0.4723710960307286,0.3401118191129148,-0.9979245993964058,-1.0396921265631711,-1.1595705512534815,0.46539372680913965,-0.010212116499397132,0.04070098550319656,-0.22282447850960624,-0.25732430609578216,-0.2355911534491581,0.18858876957709214,-0.04512050594803645,0.1022672557119317,-0.2209284475707863,0.2981719454085128,-0.03375104306383706,-0.7492836409393006,-0.46179445563147803,-1.7887110167506486,0.25859727900484186,0.4385344539348752,-0.2927717681273346,-0.27046532670161494,0.4309384840600183,-0.22370047910482518,-0.06492486805599507,-1.0760969347244624,-0.46798201687520224,2.225857615613922,-0.4628372555649186,0.9017767121824973,-0.41882982269567676,-0.05514988149313582,0.32505009138123436,-0.8755593634719401,0.7512714835377287,1.5528990624895402,-0.5036016036535289,-0.12112441359301195,0.7455501718156662,-0.9319430987321381,-0.4418445744529717,0.11620650471883034,0.09621013866645307,0.0257151423713255,-0.29129573967309985,-0.04696714041711881,-0.014089456272628137,0.09317866487519269,-0.018351526435307366,-0.14464880373089786,0.026373905493972928,0.47358545086431936,0.47276527707184357,-1.1235478204115716,-0.8983356393317526,0.26552607764803415,-0.06772463014162963,0.4679056399352166,0.8176976657421845,-0.6504565516204623,0.11172118722853928,-0.07933270010409756,-0.5411246888630921,-0.5349696946795797,0.7094623462021311,0.93719307991791,0.17855571726976266,0.3358886516073248,-0.3635668842499461,0.7708554918706841,0.8801242099513602,-5.443970194916994,0.7090398442540727,-2.1580604793796905,2.367818711222911,-2.674036027475307,0.11262120619592582,0.2030959426549759,0.2977521453588277,-0.323996082643491,-0.39214730257711317,0.09522611559860035,0.18348150348292303,0.2698008056100323,0.36693142829307546,-1.0161311595597053,0.31049755865694484,1.9794209187672531,-2.0761681565607697,0.37679770948924934,-1.200245315879187,-0.08854227342798196,0.3629608390425662,0.07366322252522772,-0.1126177166858334,-0.16664774044358777,2.1633835419405543,-0.5817977860079706,0.32153345021170604,-0.7182438809266224,6.3409723569079155,22.40295780212368,-3.2330812388894854,1.7838354421051097,1.9005708851225163,-0.18835548081686188,-1.0003388974687344,-0.3926923464004361,-0.9573886619991022,-0.34728470303173575,-1.3712815973515131,-0.028770509835982214,-0.05836167975604793,-0.6515044139339765,0.40196650734146794,-2.743944241769074,0.11476973533318001,-0.28013788892943153,0.14539473284584367,2.775438870696199,-2.066687107646946,-0.5309838928376556,0.7355985518144873,-0.435521677669232,1.5779995228587196,0.4731949457569214,-1.142447479987202,0.497338672837661,0.14289520967870417,0.11022572664195596,-9.98498211404208,1.1497211216498564,-1.5818198449076346,-0.2366965156107494,-0.0022482947838897843,0.28236888134477245,0.13938824480971007,-0.8288139283627131,0.9532727649442385,-1.332603006755965,0.4252893722830851,0.1310798039025467,0.7550191570333469,-1.0477384473832583,-2.519494897230174,-0.5008017011950283,-1.2352955887501649,-2.152495819680308,-1.7301561403570929,-0.15065279082993638,-0.017163129325231116,0.20910146372030827,0.8142535561820523,-0.30391916413696285,0.11551090141605963,-0.6797220425573671,0.49998360237119416,-0.7514129618716557,5.528897412612381,20.07472033965746,-8.132362833305963,1.8163239145285577,0.15157722249544955,5.064488052442672,-1.3319368958903361,0.18130532814380254,-0.4016365503100075,0.6692474933427474,-0.09677918515113694,-4.532328373303222,39.72865827457842,39.76359854273907,40.5329346538426,39.356245692375836,39.79361476477259,41.25047703640686,37.64455779952641,46.30818746113494,21.36865176814054,18.45392830637947,14.949794961864882,13.851639136231876,37.2161443934849,30.567356100292404,42.63567592303618,35.425540715524505,28.49524668937446,39.995347913655024,38.71777123564114,41.703238267639136,0.14321738467668121,-0.0781863648353917,0.7839709929928308,-5.23438073751868,-2.3842860568122037,4.0487343300887595,-2.291468446876147,0.6323927464477282,-1.360405954593243,-9.24841790654245,-4.6605351721018895,-17.326193372775993,6.161615224861949,-6.413994233390496,16.813818252478203,1.5627821781457352,-4.389077446455931,-15.897560646287662,8.422723039602426,-2.695558765201535,-0.11071987493120089,-1.6378295350434786,-0.5639152950791522,4.627093815226047,19.566015568052638,-10.34910407531593,2.437623407716225,7.216443987279129,-3.620793423542628,-0.1771209536051826,0.47725990511763905,0.8975092226877334,0.733164440811424,1.536494766184951,16.76608344147926,-4.7289269014877,-0.06872974378847979,-9.93191405424612,-1.719518884865468,2.5794751209639095,-2.71696931802872,-3.7593016133327537,-2.033137961866804,6.351013283098694,4.191696329366558,18.36406543169187,-1.978996469030487,0.859235565057748,-22.776689911114957,0.412172224516852,-4.899919288676986,0.034378877971945845,2.2438654212526856,0.22741375207708403,3.2910058281793417,2.1334548034085845,19.52367340563862,5.296647458231159,3.710440770421531,-0.7692328739096466,-1.100446618351471,1.8342726518158994,4.359778917704761,3.0723823941351274,-1.7668126042017092,2.373787973138621,-0.23526224625007874,-0.7301340233358998,-2.1006168995431986,-0.8719139901681314,-1.4509689203795235,1.4884438659566142,-1.3058414159963982,-1.7558886884534144,-6.595756498690876,-9.421426512979572,-6.7170055217530305,-0.06452838528871549,1.3650423556920634,0.29559777336494664,-1.2025357154404916,4.974911171271524,5.9134902635641895,25.382641718990275,-2.0908278446800703,5.6289378029342805,-0.6684623300567636,1.456889562602328,0.03111445342637094,-5.2198273173635235,-3.776675372704215,-6.519531455402402,-2.72438211899567,-0.6392223675785248,1.3059324517155702,-3.1252487065615515,-2.5009438468829197,-11.259707242563566,-16.324993798243725,2.305781612609408,-0.5436075456148497,3.5338731307685465,11.508935865556076,15.047045433486314,0.07467534036150743,-1.0120876640051393,1.139028285459293,-1.0677458802043358,0.8536236684585349,-0.34374602555694367,-8.834358938408807,-16.692749974455605,15.50753106449585,-5.187081492246545,1.661852338014252,-0.6611089490600299,1.1722471124832012,-0.6658063752702088,0.1933081328580464,-0.47579197521321437,0.550087468442552,0.25413719062188583,0.6919705475060056,-2.3040319379985164,0.4103034157793833,-0.41125258431639006,-0.17223506738243788,1.8013046741501926,0.749321243171923,-2.303749112769717,0.7971893472347551,1.6426731957428728,-0.5063301717108848,-0.6771161637926625,2.775566600896724,0.43757598936183956,-0.530215563697799,0.2808979813199589,0.05729087512125874,-0.09813782585026999,-0.29649617310419013,-1.312407382238902,1.239979483598571,-2.548283865715105,-4.86047611549035,2.2186121826777767,-3.3296871264996235,2.5466292578716008,-1.1711078142288824,1.9282536958964789,24.305035980108798,-8.065106036215699,0.8997096493628586,-2.3210310448834224,0.3054677483113237,-3.4822541406253795,-0.08413915795423438,5.8706120554539964,5.198675235496008,0.45800255839696824,1.485047496688117,-1.4785559786902294,1.1915731337478432,0.12524937709559744,1.2175962010707344,29.87741303279056,-1.992962685589201,-0.8137512210952982,-0.8388193100945301,1.5700932725651269,-1.3856571840966927,-1.995153622567013,4.0863167253408985,6.138174822444903,2.619212519957168,3.2347595442805894,-3.012670519025809,1.563520144891171,-1.4394985802446119,-7.4760129379555345,-4.8892466506810806,3.752305374807394,-1.7862660016590144,1.7569611837907426,-0.12563651472670187,-0.9036761172416687,-0.12612071727809965,-2.8675316215898365,-0.3180186173885581,-0.49042376167379526,0.14406462392152555,0.01635941605969939,2.0590839781952193,2.3789925699854946,32.11892039645363,-0.7667140455321604,2.047039467440018,-0.9689257832418487,-0.2961583819314454,1.4066408804945736,-3.1011403009156853,-1.7178309361024908,0.16274315940115403,0.4633845297111355,-0.306670348654875,-0.6917727395843597,1.0278839649946998,0.19987734327794326,0.0290882459566176,0.19313347479761622,-0.23558333584945257,-4.875456657732583,-17.905450555442677,-0.8977215340307214,2.406605981462808,-1.2411678935905703,-1.423802482214084,-0.46533689107360443,0.316421685796493,0.2086861286335165,-0.9321717935847469,-1.0097042017519375,-0.034963059302722456,-0.12792751928859514,-0.2899771146726502,0.09711348365040255,0.19854866187825695,0.31490119961472746,0.32765515791085936,0.08584996509825638,-0.1260849999337857,0.1639759099263358,-0.2517269711588292,0.7676251862423533,0.016340245326562017,0.6199085246853531,-0.7954009195820488,-0.38575901726367684,-0.1485032211498624,0.6104053365019148,0.0018772002575613532,0.09940461288732459,0.16563939406934206,-0.03149170411878266,0.007141170304202252,0.9363081724981687,0.4420363948817847,2.5243482210532475,-0.6962249570856781,0.9133869255399036,-0.3154512304644179,-0.19070874417214034,0.14315745678319694,0.8177723795865147,-0.8789421558685051,1.0218080129345986,-0.38556736093481414,-0.21422877508896804,0.23784687707710306,0.5697039836183126,1.1224939775643117,0.02592172883101661,-0.07596317489471796,0.03768901561731658,-0.20129715406158225,0.13778083838782013,-0.25473826735493754,0.18774555525689612,0.14957121873048435,0.04671978955647469,0.13239181583837104,0.30733194213361353,0.5792205548241914,-1.1304525223390114,1.2078469109203456,-0.37809004578893796,-0.08744784379703054,-0.15808948919453183,-1.1037580925030972,0.014767211038498774,-0.07460704637641294,0.37821213936052545,-0.6399615276982228,-0.34748233582995036,0.49573904831427823,0.17859826249359664,0.2616286169243217,0.24073484001112216,-0.37730683525331155,0.8807805986679825,-1.1953021505922148,8.799459388100543,-6.348357869521035,2.3779867606126937,-0.3738779814020089,-1.972018004154864,-0.36742264640943434,-0.031705394587995844,0.5560821838225392,0.0680330080103537,-0.4321753889481319,0.7446969339146738,-0.487871771520495,-0.32850320069771166,-0.3810996998396561,0.9951703045441127,1.0270464150839522,1.9417913608536665,-2.1063433187049423,1.9650771303630297,-0.40293083725216,0.9669353672280393,-0.46957575962651243,-0.09764165554485366,-0.010513852002760785,0.2422740111606994,0.1825050071472524,-0.4989575279094696,0.3388862731086696,-0.44087432878061306,-7.813004494309307,-15.13525823892806,5.329236336253833,1.0901577859059475,0.1728882965334821,1.1013389764408132,-1.8375518548036898,0.10522789381485999,-0.649695999498403,-0.10534539859093314,-1.55395159556351,0.9583732933061463,-0.6083091605718803,0.7800997813475186,-0.344841962371209,2.943233935513606,0.3507297211152,-0.35114104860933887,-1.4894520482504232,-2.196291939066916,2.0374415574168787,-1.1536998515213184,0.3418216078214421,-0.08367343577671942,0.2722766543086792,-0.4161826190099637,0.0923886712814323,0.08502105269328367,0.3778386729373774,-0.4324124991169838,12.235050752933946,-1.444444217305252,4.251546666947774,-1.5114563329966497,0.6853307900561835,-1.1554610834024823,1.0484671489061046,-0.4330494311728628,0.3569924150636423,0.011380284362588956,-0.3873680998911006,0.13186978808572938,-0.9262649089026987,1.3623667479445332,1.8623391519494106,3.010294900711284,-2.331428263485917,5.330124079704226,-0.4655692137570512,1.2092501528348572,-0.717177936030615,0.14470933047993806,0.6856753717177133,-0.35662845682335736,-0.04400323362496464,0.032945226989720404,-0.19668722565585445,-0.15967553219463387,-6.588229628660238,-7.860498059085516,11.231370082001735,1.4997707352276268,-0.5456392574987919,4.064066549771311,-0.9057739684258662,0.6724073642348962,-0.6027167740941982,0.11458204204403147,0.4802642714134763,-4.33750903264233
14,-7.339463836166377,-11.9832253680847,-9.923328375145502,-8.820345484478173,-9.666705274740275,-11.649434389291232,-9.159603120581401,-0.49047425212045814,1.6636838766118476,-0.5171344395027104,0.13235553302465952,-4.752638347091909,4.792280671303483,-4.17074229236648,5.751639039893466,-3.536920016623627,1.0249980196223603,-1.028323083780251,5.626555601478875,8.259308522432217,0.37221908355056016,2.0746648314157565,2.0140157837235675,-4.288698712537207,-7.762928625837804,4.894133020755461,-7.861768261618768,8.653402540603027,-9.519951530054975,10.878887449419635,6.224209052431155,5.937002136458684,4.347432393628377,-12.176054355468263,5.124994557078093,-0.9875486407807734,-0.3703537673460515,-1.3565474863996752,9.429865207433448,-4.225490861956799,-0.6668528567760726,-8.677379189588606,-4.405215121228596,-7.633799601538478,-12.724351048742959,-6.132298640986023,10.266470808193693,5.115937213231179,1.7394305487171073,-1.168256321174265,1.5596629539822753,6.653551158338276,1.9589002779999136,0.289133056864025,-15.856510966741142,-4.4155566000671,-4.030939139587206,18.360497346306186,9.495762723426354,2.9734867528909477,0.956424458249333,-15.798628054323778,1.5404868792127064,-6.201083423379999,11.887551634911478,-1.9208543549246575,-4.5354216016019375,5.675949590905156,-1.4391975593867328,-10.454505337080036,8.96751813991902,-0.8578858387256648,4.4980045750684745,-5.359939129472727,5.780229002466129,-1.9193146631258318,-1.9323382975031715,0.9553743648911103,-2.2492737857513534,4.067749769447588,10.887115782576997,-10.559995394724206,6.685952725504299,-2.8710133857354903,3.724829613625,-5.396916631878143,8.45394575972424,-8.121879346893833,-5.556667082524772,8.099944225533417,-5.374510998675672,4.682552506559317,0.00901307718847233,3.3825592990472066,-11.047184153485924,1.5817622643838294,7.777439668762083,-4.667699420796813,1.0293914685724534,1.0348098732554143,0.5296448603130969,-8.716455348182992,15.267227170848384,2.8604906866413438,-1.8714853104733191,1.1940483684850043,3.806349436261884,-2.8020425582220754,4.323738935349357,18.065472839848386,-5.42637944190671,3.1739481859281917,-4.000059029517917,2.9663571381740765,-3.5129796499741244,6.0535596897059545,10.28878384216206,-16.89828369188145,7.1882195527013275,-4.941169153485196,1.8863510274588442,1.4424895017714638,-3.231889714434371,15.808034787682022,-0.6413329017664735,-0.7139751498875225,0.9035837510469077,-1.5630621560823301,0.08415739335027687,-2.744505551394223,-0.06051398465975294,-1.2463173522934028,5.021990509661679,0.15328764388500385,-0.3941489779115413,0.0087560994986862,0.6537430681364974,-1.2818902292500267,2.479727835357508,11.288706710669896,-6.320832570454864,6.605166009930509,-2.8550828042613925,0.9574155976240576,-0.8242954553323687,-0.33100466115826654,-1.7103368161202548,3.444347922819694,2.3298169378169304,-0.29618720331423287,1.1344862254550045,1.042103955270479,-1.3442634591079567,1.3135992528647176,6.025631098639758,0.9050802083019762,1.3827545569231763,-1.9759239574976926,0.7065108664506937,-0.2015157400122876,0.6842352136838297,0.4910365263772046,0.07029363520952656,-4.445342792301711,1.5883721481991497,-0.7160583511949246,-2.1240360755642542,2.9152920944858858,7.454889559295085,-9.613630394194677,5.093471400654454,-1.5652818682265441,1.8588341671160795,-0.5624189698649957,-0.28599210792701873,0.11186131606702561,-0.5985412070472445,0.9626020454568518,0.8435209957390792,0.31858439606770045,0.28252927621651713,1.1203182174260817,3.0421328728970507,-9.542855202501523,6.325456979787758,-2.816545688498822,-1.1867103496928826,0.13169339550538495,0.821647556643045,0.27343924826294047,0.5609726341524419,2.7955814220270785,-0.4059627465460346,0.11339445241998775,-0.7243268766212526,-2.42766882790049,-0.29416376412715856,5.488587170037558,-0.6270308550176701,0.028814224559051346,-1.0517134011141533,0.8506062404295684,-0.686142546514198,-1.3315591862144247,3.065653380178325,5.092870047503448,-3.3983249493415273,0.609290352429512,0.6683798970019437,-0.29563974209532734,2.3440298759471165,10.620289697100274,-14.941512663779806,7.647513803563896,-3.007051083406397,-0.41787927559444643,-0.37153765659452465,1.0452791518916935,-0.35096916914562637,-0.45153692360677794,0.4596260476594729,0.4429063114668947,0.14062182923157074,0.9439958464654173,0.09051979944240546,-0.16147051709918697,0.5278948589819491,0.3689840475574804,-0.36689585110886097,0.30216265027068834,-0.34691337740733624,0.1979578728125376,0.142060660344672,-0.5901574000543274,0.4834962556124309,0.7802832309782579,0.562438571044578,0.30997012671100593,-0.6223568146529491,0.09203050873797412,0.19290525876922282,0.21477973117864185,0.12628518279561923,1.0501708129491907,-0.34183914292293893,-0.2139400859758084,0.4845131094948395,0.13601237999979393,-0.7889737284009015,4.111823016246896,-2.39143156225909,-1.8526466450967896,-0.7691625608221893,-0.27899711126451865,0.8762836025541721,0.5209670925754519,-0.6274003884314157,0.08165734531455819,-1.7080128236160192,0.800214068627014,-0.638578837682903,0.36782286466162867,-0.3271587091473847,-0.6902506059110038,0.3401626165642261,-0.8305519693467741,0.3912637020974727,-0.31623433561895986,0.5714960645736817,-0.04686480627615903,-0.1558212111926344,0.14050014114799084,-0.9578170865920066,-0.6682864223706406,-0.5931419542231565,0.7632404647514873,-0.3967186603711971,-0.1571712646959011,-2.267761047277978,-2.7977277593943666,-1.378829699060125,0.12201530653259808,0.18124086159350372,1.957164371290336,-0.3312519040336026,0.22058806100435746,0.06663711492245883,-0.18121170926442212,-0.5250631022645239,0.6784935147613956,-0.08451564792874129,0.34586996443309714,0.09100717363604115,0.13824590601712555,-0.1282111983914109,0.23121196642253056,0.22387735245891913,1.1845618372335838,-0.19843903670258126,-0.0749498547150173,-0.6437156657961086,0.10507354620109725,-0.09239712083915468,-0.6085230604629138,0.5589584837214259,0.08687603799505811,0.8632573559950423,10.914043962793953,-0.28414919475517525,-0.7622179889679255,-1.147519450226985,0.29326178953296456,-0.15485491299488074,0.5928385285665803,-0.7135986712437958,0.06943215893194134,-0.15783587846936753,0.7570984835781879,-0.4926136763502172,0.3542828943723789,-0.16849475762195745,0.8211696817261104,-0.1656413370986274,-0.8721079084966262,0.26276526420742174,-0.8829602307916626,0.5195148195432043,-0.044478072291792854,-0.17456927696503466,0.08790727463702801,0.07747297378912835,-0.585298135857412,0.4045305971909936,-0.2149720209296169,-0.6257478251182935,-0.23687722247579043,-12.577007978993215,3.712001237569431,1.05870189128947,-1.6418672010002986,0.7292074612503633,0.29576158623152654,0.6265272183512648,-0.03908252867581669,-0.3884602139479312,-0.276826139093538,0.41530335940823254,-0.02678918488285203,-0.15163498673428102,-0.15510046439681863,-1.0262708540905652,0.8782446760418491,-0.26541145679607203,0.07804931996188452,-0.13175697606612863,0.023137765761765735,-0.08069469744536496,0.1338669086598865,0.09412387802738902,-0.5822363395156533,-0.5663891468544744,-0.47812793389789293,0.2577286065350353,-0.11824486103322601,-0.07596787413621041,-8.208346623481045,0.9111162431287297,0.7598334844396946,0.7603072218903194,-0.35800396831728254,0.5841190239790307,-0.6355038583182341,0.7084719862112774,-0.3052580601561163,-0.562542702035307,0.26863164968454817,-0.2721694429282034,-0.653887298249199,1.661840082955668,-0.28280528614890016,-1.856192856535902,0.8220240521441499,-2.6873697126039775,1.3978384483408761,-0.48035594744363724,-0.04530983671048943,0.3199143353475502,-0.4792676204683069,-0.08651639622970561,0.15256263601415276,-0.010949500735210643,0.05733042650240427,1.0011237442863674,9.126484910392357,-8.72362113748837,3.4296977027764375,-2.3269851102697894,1.682386597905929,0.09689757007411715,0.5553249824959293,-0.21967695190570818,0.2878206061530519,0.00786395311285918,-0.11964687825634325,0.31141992558382386,-0.1209747832437761,0.06469679496037652,-0.10334391819002117,-0.0848799537868752,0.1404571148218262,13.725120644278363,14.603411790152437,14.943284759230464,13.57489390254891,14.919501644581967,13.93101624773308,16.69872816760716,1.233192535807078,-0.0826421857282269,-0.31752183698755776,5.580884515360961,3.721465689764658,-2.38717776867096,0.6677078741356034,-2.619947782593134,0.1930481253039722,-0.3349453871943672,-3.515523843286876,2.0067686592552736,-0.048244413590468826,-0.006287723852554331,-1.0200999978160417,-0.012714919380152886,2.456083401689167,0.982544699958284,-3.021679127558883,2.9345917591744017,-0.8210080258116909,13.50055371984185,0.5239770328269365,-4.267280279855745,-6.828626867379991,-9.137499551730565,-1.4828650812481836,-5.040905307173042,3.4034994418975995,-3.3396873319248552,6.204567747948308,2.2955936903616556,9.036059142643957,0.07162375606873962,1.4235321258159905,0.5601187986528776,2.367582627120395,0.015735075827720983,-4.532919897308732,-12.881553464629336,10.971445948052443,-3.3494998633574373,3.8105950674928866,-12.016704482097172,3.290448144721104,4.4747732529557265,14.42175385706772,14.343299052425673,-7.739739759956792,-8.312070507769924,-27.339066147539402,3.8091453482965005,2.979522574820662,17.924374123429796,5.540375639281555,-7.851627546266954,-4.296036905150743,-9.930156723711903,15.89261822727606,-4.418634477927604,1.3789239774025306,-11.729823191094736,9.694396143359505,6.399268749662092,0.3782987387633186,1.2067109377033836,2.3341821402217287,0.6321221336929661,3.09685113803425,-1.853592771956422,-0.21156057404163442,-5.444512665462178,-0.9088591428644245,-20.259383111360453,11.179875772374203,-8.332991504443402,1.9067287161754303,-1.2609657498192803,-1.4531022897203247,5.761905917814459,-0.9301733790832419,4.345319927281077,-7.445273328682293,3.7918938164732645,0.4357637056405938,3.009688178548956,7.299806305318513,8.62417256046518,12.401792805896033,-3.5865908925375574,3.2371520645543077,-0.642278095753424,4.199681780854701,2.9395611554707624,6.384666286039757,5.441699208401224,0.1892382877458044,3.7850751676419505,-1.3203064718611761,3.19159127759474,-6.550846458850703,-3.148932843688745,-20.36447208831587,6.340414903475867,-3.6444815875878502,-0.392082099191503,-1.7020763985102825,-6.415167378748505,-0.45573297570630666,-19.23186496115104,14.009645322843683,-12.683708744312757,2.4464807808343103,-0.39182210619119284,1.1759545260456898,6.068976528565093,-7.311698074146174,0.0441152256521992,-3.1527266228069033,-0.8079659946821104,-1.5181816731589421,1.2943319371803619,0.0832512059939998,-0.059487265520682224,-1.3502659580979424,0.15926327951852978,0.2553751368190179,-1.3935872832583518,1.424168519856765,-0.5037150216548857,0.4893251076569763,-1.4039063206764257,-22.494932551161487,-0.4788813788216307,3.161529202286772,-0.5192800136221168,1.3285257049971964,-0.724006451826377,2.0771155730174247,-2.905898481541928,-1.5474873672378164,0.8377289956557981,-2.6631701983598615,4.2095446331390995,-2.924649967335072,0.7427186938434329,4.028968653260115,10.089872652124713,-2.8970187113098977,-0.007914039778807232,-0.7336934909079834,0.2833080141128803,-0.3700213632011341,0.20536704197761013,2.639397448965175,0.2794345472181708,-1.5773041460396662,-1.208834038855178,-1.204602355836738,1.3318928181964527,-1.1375277687582637,-22.953343659971225,-2.7645171525443084,4.987005995104918,-1.4954218538384054,1.9131850066757121,0.5206401345610063,2.154318468088937,-0.956322117432044,-1.5501598983952716,1.326700508193627,-2.0885523422522843,3.0664451131392187,-1.125352139561657,-2.11965525566038,-18.70128293307896,19.007185308376595,-4.367955318220607,-0.7942016984379879,-0.19313275414708903,-0.07373512595215218,-0.8072296941151627,-0.134884073758597,4.447778653008377,0.8985505138606471,-0.9134931406175343,2.7666906466982235,-3.2702141763791093,0.9002508539220152,9.712787147152621,10.403029559482686,-11.237369976782391,11.603579741562859,-2.2439760274782734,1.8731111862162737,-2.826225994282275,1.3475894170888212,3.728429464388235,2.7932168342936206,-1.6214708452935074,-0.20632370034924175,0.7085932483144696,-0.2598495201708263,-0.9121611786283361,-20.15348675451511,13.518083437063934,-3.2122705918675174,-3.549944909965425,1.956103393828929,-3.4914027590362595,1.8045265803415829,-0.3296198054562087,-0.8046414094995478,2.065666487990794,0.49289160540690097,-0.270731521723927,1.0040267256683362,-1.3187203845883864,0.12249121771190888,0.1482489605740337,0.3009544364801142,-0.957485489472898,0.6313845782417398,-0.14690328343962622,0.5339015707248306,-0.1244542465106804,0.19834058847065575,0.49676029601727156,-0.5576217300619372,0.295327548985067,-1.1054405080305396,-0.002038328995319899,-0.7401239410981179,0.6471975160317974,0.23960990669865612,0.07597062697179911,0.20723303963911255,-0.046562487890585445,-0.578300158106967,0.510022812726097,-0.1277031397880492,2.96230329247433,3.083777927977819,-2.0928194250446235,-2.5269561894640957,4.663894721124779,-1.2053151503363777,-0.8360336504110684,0.21242799036563842,-0.8808569820179304,-0.3891694838387393,-0.1411973039526129,0.05619115868475851,0.6829781588507045,-0.7048680405291692,0.04757883837621587,-1.2597585954811865,1.262878935733799,-1.3749849841894142,0.8841134330247639,-0.307843952915619,0.38081817904039594,-0.46883655044949357,0.4580458073090965,-0.10988395480907719,-0.36670164909037506,0.3189928670353996,0.1673623637361579,0.2380383172554265,0.24377378953551815,-0.2675818893951936,-5.103508975056033,0.3710751468044371,-3.7772421864787216,-0.38512295338711067,2.0690953197024826,-1.5188205045098537,1.1969851275691108,-1.8496849921304341,0.6153416852312718,-0.32784846660327743,0.40744223697499954,0.4831992433184846,0.8190882865907649,-1.074116607171653,0.4689944628369401,0.5300622256209462,0.689253213016478,0.1775849161799482,-0.16351805267849462,0.7078411429773735,0.14032331571919718,-0.8970973849779291,-2.40678492803693,0.04060059322395672,0.14840838705299572,-0.1463397308433056,-0.1511600444960167,0.316498552868545,1.5637880477253596,-7.040083880561383,-6.26413273489893,-0.8429128263271632,-0.8426050665946075,6.307064193670614,-1.9865817312522802,1.427875711817559,-1.1433084202778239,0.773430056084395,-0.44557721217289764,0.1326309764458443,0.5929850490175619,-1.1849561594229667,-0.297268463996165,0.6498850082413778,1.0048559155380934,0.33185768607007465,-0.7902116633570363,-0.33743045562211743,-0.5487706377638318,0.6544766164259198,0.673022117185425,-0.5019703441433084,0.564819202972154,0.11034308232910303,-0.0023940096586910096,-0.016186485164999487,0.1963558212459406,-9.269817483123695,19.325465487488373,-4.92331195357396,3.20867353502391,-3.149518780478914,1.8543454160626693,-2.538564841002213,2.46584882281268,-0.4697761754013749,0.3280718533593812,-0.37491823742854136,0.3977951805663732,0.30942518766412613,-0.13772963509688047,-0.8018841063276753,0.06656568201434178,-2.240924182065843,0.7844932586306096,-0.4495201709879805,-0.3091587630780619,-0.04095101552759255,0.601339529304744,0.20951320892313252,-0.4305092995880037,0.275416238833615,-0.36333864236012825,-0.12624189871207744,0.48967007317468225,-1.3330788355549916,-10.74048864255072,13.215785633910013,-6.558490804346603,5.840131829959175,-1.5948507121673805,-2.62893401720094,2.1707828982709274,-0.5881930359234219,0.527632739107857,0.11760365832910737,-0.20300413921468158,-0.7597515157654863,1.3969576571727698,-1.5632141176522834,0.3280152095200378,-0.5586667429613326,-0.5046532325524183,-1.9448471188931287,0.23445844148034298,0.01413618657741161,-0.4009140786661311,0.08828117869783127,0.2383178288347753,-0.5889094482515884,0.06947586252930084,-0.08968038594241065,-0.26855651439230177,0.5724314923910913,-0.7006249177718165,-13.660795854380238,20.131654653210582,-8.838601637665395,1.7422098940149353,4.554621123346287,-4.496062030171232,2.9446963082729387,-1.889166858154901,1.1438906267983449,-0.6804512018367871,0.7872002202464646,-0.48005147246248825,-0.028336392332710507,0.15470382426889184,-0.19308133908953592,0.42220464821114145,-0.2099978703251759,22.468120016407582,26.725854723392562,24.64315972459554,24.194314256932024,25.02291495692864,25.078807290845088,27.6091338814446,2.7502498048713235,0.3408534863581889,1.261891737772337,3.682181711255854,2.4573928519806834,-0.9809757081032,-1.2604520327649047,-4.860314497714614,2.5731864536980567,-4.472608575013128,9.483801158749703,-9.9578543759321,-13.62453066731336,-0.4347195384222129,-2.078590685778989,-2.128575261099293,10.012935208703404,14.973046094930108,8.729123851267879,11.149202227433895,-0.23876218936418858,6.247111482662477,-8.901679574795656,-16.908620594839253,-11.95351411792746,-6.925083794444227,6.033289936851982,3.808697583739346,4.6554272255533835,-4.12194921024817,-8.228989445720034,0.012637864046692954,6.914556322160672,0.6036986630745931,8.593238822044412,3.849391571250999,3.63730120289314,-9.181405497792335,2.392181555761979,-18.735273223919496,10.894380838824922,2.5396431103943033,-0.9828842440166554,-5.468682943758196,-10.493776037261167,9.750552681006011,0.7774399006735079,21.659663059636706,-14.514895371458843,0.4711094442186823,-29.426757621507594,-1.243873606527659,3.3924115325866566,-1.4307118691688536,18.426052883389083,-21.219962626552903,10.175784331417665,-11.17556182580407,6.125383194498279,-0.14266971185055696,0.4591329790564289,-6.261000461113326,10.771128092108526,-7.3677603147452455,0.8265206695306129,-4.326975025694206,5.174125634850343,-7.282317294340249,2.003913711948704,-5.349668049309756,-7.797513428866602,9.693907421480008,-2.604571628936855,-25.123952818405726,11.274743133024764,-1.9165184348701607,2.677167574607508,14.068650088689793,-0.13125202934955074,-7.932522585031998,9.312534455172397,12.80988992607815,-7.915022564098328,4.692694810044628,2.654694998746858,-8.189488936070099,-2.614681687048033,16.610083526612986,13.784885785241704,-12.65430886041755,0.21561746468476092,-0.31336448475414397,-13.470423907039724,2.4324488064613337,13.652560253257718,-4.452701888315661,-5.494462579692997,4.025265789097542,0.1470508515122082,5.034777440010535,3.222834853557016,-0.8190358918847819,-28.056350777878293,3.363743614714193,-0.11391835648571849,-9.715278977027582,1.4879561023188155,7.84223162810133,-2.05544371967403,-9.693865439166466,11.051007313563304,-6.424309074374703,2.0065156487107183,-0.4173010107962471,0.3599794370355943,2.3586508343745445,-9.028983608049275,0.5159354623517814,-0.17353621307227005,-2.119659993442303,0.02989334864636236,-1.0819767773834705,-0.6161288482043777,2.3197219982670783,-6.69588123001514,3.6692271492745947,-5.7625041940566915,6.188561059595095,-3.7895253358182743,-0.8981435944563163,0.4509656590947992,-0.6988296112527559,-18.074942713641775,0.372713460481475,-1.7299060876263705,1.3861078179801127,2.310292185066494,-1.047488244576019,2.7214154436310865,-4.694611774675809,5.738917890677956,-5.959210477908686,2.5300734860135465,-1.7474985149714986,1.0281504519263784,-1.9788049546438942,6.447619626303928,6.337722708460993,-3.186355964788288,0.9975822688474029,-0.3845366840479789,0.29016262427241146,0.6158238107658286,1.3731327831599676,6.182470021083507,-11.78118482394134,5.856325030340453,-2.633971089229844,-1.4942107626310401,3.619343833512575,-0.07306050213400932,-16.210358139485283,1.8550239736445175,-3.115899092699938,1.4038041620206365,0.35180017261369345,0.8100462572014021,2.610392332261719,-0.1384864513988904,1.4658354461308731,4.73928416982866,-2.5719891351259596,-1.5924230118454346,4.4100556683164305,-5.6935645111449515,-22.718689953176938,15.113685741542788,-7.33095055088593,3.9085355234039105,-1.60351825886089,-0.6748008685156269,0.1480352435663452,4.691084798463306,7.421619874370359,-19.25198820682522,3.8829156346715914,1.550266789502312,-2.0265165216046372,1.475887034666499,11.985072642282724,12.522982146943272,-5.6040110119734905,5.087451580894902,-1.9006256285553849,0.48435970572167314,-1.248842166775019,-3.594165716820958,12.123732333754743,-5.1077451944673955,4.60612927036351,-3.175208723810826,-1.9153966751518456,2.284185980794192,-1.2323476684308308,-8.062240364420546,9.268418109523864,-7.601899413935378,2.267450985725057,0.1899278493776604,-0.2025411618804668,-0.4242255856131487,0.11269546510541367,0.46979453363097257,-0.32236330649602707,0.10944763190253251,-0.5640259192315396,-1.8331210857835736,-0.0945708297378444,0.24337700188061606,0.2977521453588277,-0.323996082643491,-0.39214730257711317,0.09522611559860035,0.18348150348292303,0.2698008056100323,0.36693142829307546,-1.0161311595597053,0.31049755865694484,1.9794209187672531,-2.0761681565607697,0.37679770948924934,-1.200245315879187,-0.08854227342798196,0.3629608390425662,0.07366322252522772,-0.1126177166858334,-0.16664774044358777,2.1633835419405543,-0.5817977860079706,0.32153345021170604,-0.7182438809266224,6.3409723569079155,22.40295780212368,-3.2330812388894854,1.7838354421051097,1.9005708851225163,-0.18835548081686188,-1.0003388974687344,-0.3926923464004361,-0.9573886619991022,-0.34728470303173575,-1.3712815973515131,-0.028770509835982214,-0.05836167975604793,-0.6515044139339765,0.40196650734146794,-2.743944241769074,0.11476973533318001,-0.28013788892943153,0.14539473284584367,2.775438870696199,-2.066687107646946,-0.5309838928376556,0.7355985518144873,-0.435521677669232,1.5779995228587196,0.4731949457569214,-1.142447479987202,0.497338672837661,0.14289520967870417,0.11022572664195596,-9.98498211404208,1.1497211216498564,-1.5818198449076346,-0.2366965156107494,-0.0022482947838897843,0.28236888134477245,0.13938824480971007,-0.8288139283627131,0.9532727649442385,-1.332603006755965,0.4252893722830851,0.1310798039025467,0.7550191570333469,-1.0477384473832583,-2.519494897230174,-0.5008017011950283,-1.2352955887501649,-2.152495819680308,-1.7301561403570929,-0.15065279082993638,-0.017163129325231116,0.20910146372030827,0.8142535561820523,-0.30391916413696285,0.11551090141605963,-0.6797220425573671,0.49998360237119416,-0.7514129618716557,5.528897412612381,20.07472033965746,-8.132362833305963,1.8163239145285577,0.15157722249544955,5.064488052442672,-1.3319368958903361,0.18130532814380254,-1.3436527621568222,0.7065690417249304,-0.7567945447825147,-0.8905542332809085,0.3896078555918775,0.017902834904845406,-0.47394471649747755,3.7396418936171205,0.0381099384993468,0.3199077251055272,2.4710681674081045,-2.3859323143104767,1.5593957794216327,-0.4236337433430019,1.2479891086610035,-0.4624885730500602,0.630887087716642,-1.1908737548452852,0.47648773126703065,0.09063483800310741,-0.46313062455874954,-18.79493054347444,10.71599093961135,-1.4171294426963852,1.15870667115307,-1.2077693201447028,2.720535384939914,-1.4160428943682246,1.1546265961321396,0.10781794214138056,0.431962958293442,-1.5875821199278775,-0.07471167855636787,-0.03848024621439343,0.2343173192895513,-0.1757967448880045,-7.785948605264829,-2.5557379040592725,1.1827425619746876,8.66821957669629,-3.7508520288851535,0.24659537139727672,-0.020886048914399394,-0.028065414371286745,-0.13975219060001018,0.8367487635550606,2.404814207475873,-1.0216875690644056,0.5576807392520514,-0.5974184021847351,-21.072919768940498,-0.8558746420124625,-2.425067776611859,1.0242877591304411,-1.1061423897391918,-2.0084206640726423,-0.16133208599507837,0.4489667450559049,2.0624019404966316,-0.8565511969236576,-0.5691248956542819,-0.41498291641757207,0.6664470320560454,-4.478279259266591,3.91204729730287,-4.997113787400741,0.20707168171369889,2.3821237673120126,-2.025408196136828,1.5883922734386295,-0.28573958512953174,0.3171360117702613,-0.4534229865574204,0.7438200012891716,2.506713233687808,-0.924173980130705,-0.24952534450906036,-0.09585293506727069,-1.1621876908714504,-6.014921362477613,6.971351732602988,-3.3165074124787894,1.1716292998969717,3.8976366958422908,-2.0388302195578056,0.27021786484134785,-0.8272616543195718,0.350476646633688,0.06052394950958298,-0.3730305885196235,-0.5337073537373198,0.3234305486121563,-0.13216263388489657,-0.0552532732569571,0.5216130257475834,0.2874747227008441,31.567726672654096,35.39763402897287,32.96077058953412,32.65032649673492,32.75532252199682,34.41167358655072,34.67977643632376,25.224874893261674,45.56132730910225,32.84661202714208,33.43847589235282,35.71489945853221,35.36360357874671,44.72662057679229,35.694405845626314,49.85991864438491,33.30517576109159,49.763611294195,20.682628265455538,17.966251137505825,-0.5230309554726753,-2.5439497164763996,-3.033663323742682,1.917171094834201,-2.71677050646617,0.6217000755516134,5.045988225610705,-7.174740800829972,1.8978908810514343,-12.599942234735915,24.147097905352695,-4.238935230338939,14.606354527526992,-0.04955763710842291,4.071558630862259,0.9942979222794084,0.6640804123196589,-9.385314737104212,3.396691120763981,-17.108394594161165,0.7067668972906518,10.156990567702413,4.3517994530595825,3.7620606785302617,2.638213644894544,2.583021622838083,12.982981613557993,-10.538343946021616,7.666958209814625,-0.3492095773378433,5.376115329972977,-4.508556825877833,-3.0871792451372766,-10.831293295767242,-15.266010993092218,9.69879198108595,5.964151240026877,22.793321012315293,-6.151824161286687,7.608703502539671,-13.18716748489079,-3.8747300142212735,10.191556841638816,-3.333754660799505,5.100375784500643,-13.876935987740344,7.233834978062846,-3.839946812192913,9.853627828099743,-4.479712506220778,1.1524249692910393,1.04801983943099,-4.50034896575514,6.511844524824023,-9.143656923149516,3.8377855024597163,0.01828026225575477,-1.22345504472204,4.974911171271524,5.9134902635641895,25.382641718990275,-2.0908278446800703,5.6289378029342805,-0.6684623300567636,1.456889562602328,0.03111445342637094,-5.2198273173635235,-3.776675372704215,-6.519531455402402,-2.72438211899567,-0.6392223675785248,1.3059324517155702,-3.1252487065615515,-2.5009438468829197,-11.258816019239957,-16.30264731098263,1.9872231114919443,-1.75161143620279,-2.6594573330735654,-2.8680059131545583,-0.504638201356903,-7.643096130545009,0.19504770036842023,10.682453078442554,0.34350480354647717,-1.085600622985962,-1.250368642366482,6.718604353290825,5.238171755643878,27.471830575903514,5.227002343507223,3.352294169504452,3.071127184277026,-4.980825042827949,6.823232209740323,0.8336821541322776,10.654716578850108,-8.567264706330086,3.199652996956748,-1.9065133390121791,-0.10616166054327936,1.1971272012377436,0.7020906339544878,3.0197353329388643,0.6197526740206356,-1.0346702461148103,-2.5196766311668006,-0.6822425324617076,-0.11453252058775716,-3.4537946288037276,-0.08413915795423438,5.8706120554539964,5.198675235496008,0.45800255839696824,1.485047496688117,-1.4785559786902294,1.1915731337478432,0.12524937709559744,1.2175962010707344,29.87741303279056,-1.992962685589201,-0.8137512210952982,-0.8388193100945301,1.5700932725651269,-1.3856571840966927,-1.995153622567013,4.0863167253408985,6.138174822444903,2.619212519957168,3.2347595442805894,-3.012670519025809,1.563520144891171,-1.4394985802446119,-7.4760129379555345,-4.8892466506810806,3.752305374807394,-1.7862660016590144,1.7569611837907426,-0.12563651472670187,-0.9036761172416687,-0.12612071727809965,-2.8675316215898365,-0.3180186173885581,-0.49042376167379526,0.14406462392152555,0.01635941605969939,2.0590839781952193,2.3789925699854946,32.11892039645363,-0.7667140455321604,2.0776462501850843,-0.3905818582113202,1.1253345089870848,-0.7967619444427139,-2.693210601987066,-0.9454237608170832,1.8552782322221062,-3.625005988050162,1.6801913324954545,-2.165438673119316,1.7617783422983504,3.6659727342041295,23.933111916562893,-23.93979582839803,9.431192461657465,-3.6526377722743457,2.297620453622615,-0.7844647116864873,1.1714980856239865,-4.400071949437285,-11.43289341106922,-0.7714349964294402,2.6836843515081714,-1.0021188687974192,0.6065706271757949,-1.8888752403481048,-16.60605552541823,-7.428418198211061,14.842065954217032,1.2931300583774519,-0.8676079703189863,0.7114145014523053,0.7292909357461317,4.250947781614959,-3.06088870844401,0.35705302477079987,-0.020985345988800468,-0.2935477222910374,-0.41089123338314165,0.32223403376076576,5.009152939117303,23.29514551681982,-20.726170481916526,4.456011834623759,-4.768870630694921,1.220970460748151,-1.77508669342102,1.3493663000471898,-0.42859376491421963,-0.5425655774821017,1.1457313867465613,-0.08606625989404021,-0.6839879196759002,-1.7859829648760472,-0.5494460095882332,0.0036829896224980646,0.5560821838225392,0.0680330080103537,-0.4321753889481319,0.7446969339146738,-0.487871771520495,-0.32850320069771166,-0.3810996998396561,0.9951703045441127,1.0270464150839522,1.9417913608536665,-2.1063433187049423,1.9650771303630297,-0.40293083725216,0.9669353672280393,-0.46957575962651243,-0.09764165554485366,-0.010513852002760785,0.2422740111606994,0.1825050071472524,-0.4989575279094696,0.3388862731086696,-0.44087432878061306,-7.813004494309307,-15.13525823892806,5.329236336253833,1.0901577859059475,0.1728882965334821,1.1013389764408132,-1.8375518548036898,0.10522789381485999,-0.649695999498403,-0.10534539859093314,-1.55395159556351,0.9583732933061463,-0.6083091605718803,0.7800997813475186,-0.344841962371209,2.943233935513606,0.3507297211152,-0.35114104860933887,-1.4894520482504232,-2.196291939066916,2.0374415574168787,-1.1536998515213184,0.3418216078214421,-0.08367343577671942,0.2722766543086792,-0.4161826190099637,0.0923886712814323,0.08502105269328367,0.3778386729373774,-0.4324124991169838,12.235050752933946,-1.444444217305252,4.251546666947774,-1.5114563329966497,0.6853307900561835,-1.1554610834024823,1.0484671489061046,-0.4330494311728628,0.3569924150636423,0.011380284362588956,-0.3873680998911006,0.13186978808572938,-0.9262649089026987,1.3623667479445332,1.8623391519494106,3.010294900711284,-2.331428263485917,5.330124079704226,-0.4655692137570512,1.2092501528348572,-0.717177936030615,0.14470933047993806,0.6856753717177133,-0.35662845682335736,-0.04400323362496464,0.032945226989720404,-0.19668722565585445,-0.15967553219463387,-6.588229628660238,-7.860498059085516,11.231370082001735,1.4997707352276268,-0.5456392574987919,4.064066549771311,-0.9057739684258662,0.6724073642348962,-1.4676316197422057,0.49674049004021253,0.3414177131849634,0.9883169226075225,-0.6716486925625959,0.24118837560203849,0.5438507682316377,-2.6166159382779326,1.8663039856722101,-2.2537364479262907,1.1447663446680214,-0.21655297018571573,0.6456075800894272,-0.6518837396939167,0.7147355614472671,0.2538305950575476,-0.10240545412833005,-0.09353647575300782,0.281626922417786,0.004669970650985428,-0.0575552866866894,22.1661716930934,-23.630218975180405,6.0260274633288855,-1.9448351718077448,-0.19925900609801056,2.383306468511784,-2.3806190869101385,2.132574884894926,-0.36473012183285186,-0.13312935011082505,0.003025952044267137,0.6564775329037439,-0.24388989190346225,-0.20876765556485538,0.4333028637572813,6.823614541237635,2.7240067438313593,-3.0461243008088856,-1.0177118386051827,2.231396522216248,-1.3115789038126606,-0.12980232007769527,-0.02770315221992547,0.31693904616066665,-0.23759750835762514,-0.5719540297603853,0.21604358860734876,0.3199963315991085,-1.8279995030333738,24.450373417490262,-11.679172758453749,4.246307597261924,-3.6044161697292085,-1.8910352802065589,-1.5686597740301442,0.6200000486056177,-0.2759177212082351,0.7363189100716817,-0.18333464429444576,-0.38217730675014355,0.9240200348909405,-1.2440760819929648,4.735010627660961,-5.708991855797074,1.6335407233125212,-0.30425289715930226,1.4937702469246767,-0.21658268474583492,0.8606430552051831,-0.07400805453355412,0.1627386243000031,-0.5471205280179955,0.35304280399906734,-0.38226486283883876,-0.05843936505156588,-0.31259323808187506,0.3409471374429885,-0.9208391282024191,18.16014117258894,-20.663219964468546,11.154980910518633,-3.7330562174155317,1.3949356003690057,-3.050946136843803,1.348434839259999,-0.14813540019133925,-0.2992011959301731,0.061827005240485816,0.3313359069720351,0.6820378397470888,-0.4019337693554351,0.13076497690136238,0.06681965659376178,-0.6022532092061099,-0.08439711339960468
15,19.925489488698645,21.013562281487793,21.096680081999608,19.97046936769484,21.099907864245278,19.600260625095093,25.981411001649185,-1.101305899812715,6.426627719508038,-5.5670770589868965,4.2846326213359855,-3.6257636126165105,5.13998310702086,-4.72305467449831,-0.004520693685140964,2.3170861308560546,-1.3845759066075185,1.3504796048498886,8.332460181518547,11.829159802265332,-0.07035879090066456,-1.1572034419486998,-0.3538535278324392,1.3024240647463985,-6.118325771731643,5.9081434819805025,2.2871354061445675,6.381400312487376,7.815071414512711,-4.575565456549799,3.160456936750915,-12.05911552148693,2.7818317588970354,-10.138065655085784,5.000438467230074,-2.39287290975298,1.3925130818837321,-2.610790591995864,9.7698013559929,-1.8018526639768808,0.019593481915345906,1.4935869032793032,0.332599084436833,3.4107863249834285,4.767727029957902,-3.118247561399262,-21.715123015034262,-0.39886771989794306,-8.581505561470395,14.589053503635945,5.29529261958106,0.2486828882946795,1.063784900827406,-10.189458841545122,4.932778414615944,-4.297313733599038,5.5325147871091,-5.7807149006834395,-7.3961977059434645,-5.269795156185874,10.85459484701402,8.893023223097263,3.1462005674410847,2.147614451678963,-14.74696537089751,2.9795830206523517,3.895058104512108,-4.629986300462599,-0.15769689547998098,13.304003422470844,-1.9646886024542027,0.3780469779941304,1.4425847730968144,2.395977596237775,-0.2627536421488424,-0.19464286638130066,1.0758874481696659,0.5807564216831154,-8.716455348182992,15.267227170848384,2.8604906866413438,-1.8714853104733191,1.1940483684850043,3.806349436261884,-2.8020425582220754,4.323738935349357,18.065472839848386,-5.42637944190671,3.1739481859281917,-4.000059029517917,2.9663571381740765,-3.5129796499741244,6.0535596897059545,10.28878384216206,-16.89826953693326,7.188589513365119,-4.963306592435984,2.0777026961031733,-5.733388128585775,7.9466225277774925,-7.172504080589459,-13.54899700836818,9.54992970795869,-6.41399579951042,3.2870270569873434,-2.444226717438727,4.182465166761779,-11.50672214319809,3.7045956920916967,4.763365270654905,-2.5369636554385835,0.7268293326982365,2.333758569543424,-0.675516805241953,-2.3119745387804134,19.02624226967017,-0.28697831644086497,0.24472659162372998,-2.313880000330056,-2.6961837195324345,-0.4245734931588923,4.802410109669266,0.8307577238092074,-1.85228648709727,0.637548139459164,0.5750691415248618,3.1003143123111547,-1.215033828641718,-0.2081878411331171,0.13560940655290257,-0.5985412070472445,0.9626020454568518,0.8435209957390792,0.31858439606770045,0.28252927621651713,1.1203182174260817,3.0421328728970507,-9.542855202501523,6.325456979787758,-2.816545688498822,-1.1867103496928826,0.13169339550538495,0.821647556643045,0.27343924826294047,0.5609726341524419,2.7955814220270785,-0.4059627465460346,0.11339445241998775,-0.7243268766212526,-2.42766882790049,-0.29416376412715856,5.488587170037558,-0.6270308550176701,0.028814224559051346,-1.0517134011141533,0.8506062404295684,-0.686142546514198,-1.3315591862144247,3.065653380178325,5.092870047503448,-3.3983249493415273,0.609290352429512,0.6683798970019437,-0.29563974209532734,2.3440298759471165,10.620289697100274,-14.941512663779806,7.647513803563896,-3.007051083406397,-0.41787927559444643,-0.3737269281806036,1.027265018948707,-0.35025163261499426,0.18296708475682086,3.2882696680967882,0.608021426835319,-0.14264183130299385,0.4334618170880166,-0.5355402834368368,-1.347775810075063,-0.42774909358948165,4.655046616815149,-0.7497748791613816,-1.9179655286170876,-0.8826954640354305,0.14755776707205906,0.03438411195101924,1.6655437815647425,-3.354511414816009,-2.9652918035408566,0.7291705173129122,-0.7696107290041508,-0.6662623313880451,2.8324268073985213,8.653686943520487,-9.986378821393794,7.283404909458834,-1.2030979080783395,-0.22084659461120895,-1.7129838214010962,0.3347598652635158,-0.13643903579516659,0.1938265352728158,2.1729450541458792,1.310236740924784,0.38455850772108185,0.3752951194779101,-0.6233529091165593,-2.5992566284459873,-0.31232398192768307,2.581085733945256,-0.24006286785479017,-0.14014829726056294,1.4144158618497027,0.27447290609832553,0.58455658864496,3.2823224320202375,-3.6231337098001233,-0.2920766276270897,4.477455316864253,-4.797431415733605,0.4567911971219144,0.5745033937506674,-0.4207453390867892,-0.07397847675486667,0.7634401194548753,-0.4926136763502172,0.3542828943723789,-0.16849475762195745,0.8211696817261104,-0.1656413370986274,-0.8721079084966262,0.26276526420742174,-0.8829602307916626,0.5195148195432043,-0.044478072291792854,-0.17456927696503466,0.08790727463702801,0.07747297378912835,-0.585298135857412,0.4045305971909936,-0.2149720209296169,-0.6257478251182935,-0.23687722247579043,-12.577007978993215,3.712001237569431,1.05870189128947,-1.6418672010002986,0.7292074612503633,0.29576158623152654,0.6265272183512648,-0.03908252867581669,-0.3884602139479312,-0.276826139093538,0.41530335940823254,-0.02678918488285203,-0.15163498673428102,-0.15510046439681863,-1.0262708540905652,0.8782446760418491,-0.26541145679607203,0.07804931996188452,-0.13175697606612863,0.023137765761765735,-0.08069469744536496,0.1338669086598865,0.09412387802738902,-0.5822363395156533,-0.5663891468544744,-0.47812793389789293,0.2577286065350353,-0.11824486103322601,-0.07596787413621041,-8.208346623481045,0.9111162431287297,0.7598334844396946,0.7603072218903194,-0.35800396831728254,0.5841190239790307,-0.6355038583182341,0.7084719862112774,-0.3052580601561163,-0.562542702035307,0.26863164968454817,-0.2721694429282034,-0.653887298249199,1.661840082955668,-0.28280528614890016,-1.856192856535902,0.8220240521441499,-2.6873697126039775,1.3978384483408761,-0.48035594744363724,-0.04530983671048943,0.3199143353475502,-0.4792676204683069,-0.08651639622970561,0.15256263601415276,-0.010949500735210643,0.05733042650240427,1.0011237442863674,9.126484910392357,-8.72362113748837,3.4296977027764375,-2.3269851102697894,1.682386597905929,0.09689757007411715,0.5553249824959293,-0.21967695190570818,0.2878206061530519,0.00786395311285918,-0.11964687825634325,0.31141992558382386,-0.1209747832437761,0.16611255006715267,0.27140471863703164,0.3734615204552983,-1.7960091289204727,0.5784253953108838,0.38464697233177636,1.916755219157865,-0.2405058013572623,0.04256941897262829,0.7725330956811214,-0.097181021685021,-0.1809356617872941,-0.6963265147629182,0.19019293355757183,0.5722977384044783,1.140255118698559,4.979889887733101,1.214863699406948,4.753712292936443,-2.9744745936835386,1.7159592994088098,0.5477234831179314,-0.25229887774683063,-0.6083221219635608,-0.17170304816905,-0.37039164788535156,-0.17933532927397805,0.03624452677054539,0.008158536477328879,0.176468577375697,0.9199363168932335,-0.19572312855338092,0.6600496752421431,0.059677483107550104,1.229101731045209,1.530993061634201,-0.3938738493068511,-0.01732046182324544,-0.2833334752476245,-0.540129707979919,1.2185705520128678,-0.08888321903364846,0.24310555838818565,-0.12218610407940264,-0.38268329539883683,9.564976155481974,1.3595737745616634,-1.875267566486534,-0.9327777742369061,-1.5898943763456939,0.9182747560234064,-0.20656946855448405,-0.41970541295676844,0.2707384467744158,-0.16717174705874377,0.09189836649104345,0.2189595617802445,-0.28005616298452635,0.21659369401445702,0.3244700467091379,-0.20653872821988667,-1.4055514050098292,0.6620434631818477,-0.7576258362817632,1.4863291266218666,-0.5467559588588228,-0.2604929487506759,1.2495176278925177,-0.44708217734547384,-0.1945945370549598,-0.10727022293508631,0.6796292425347692,0.05738472088744094,0.02347534982661675,6.560149424311804,-1.7573265644749625,-1.9217890444939958,0.40622253886400206,0.9038016227826087,0.08806510351265515,-0.07401160422733127,-0.2866787809357936,0.014602280546607612,-0.6288772178772014,0.5252638949040372,-0.3191301841392755,0.025522921754175223,-0.0191622445693175,0.9021082436358404,-1.5005609757850122,-3.01522940726857,0.5210335346322261,-1.150658512170217,1.762151040242,2.7111643888055816,0.09793196116242177,-1.3374166575599242,-2.237658138076809,-1.4305120627585195,-1.7752428518371708,-1.3836862094971742,-1.580632264667266,-3.1382240908427903,0.6482656427785312,-2.9057072211581803,0.839019221951032,-1.8970355458975607,0.23459811993593238,-5.78526664539931,6.593746230688323,1.4304797304709567,2.8298939079396788,1.7197367999011415,-1.441096528639077,-3.113828307341343,-2.8838068906516083,0.17899612842332405,0.6166303649431255,1.0491248749957085,1.6823265692334346,10.617844944549546,3.854486117984275,0.3742915812312205,-6.071088648229202,-12.243982796435633,-5.636396870178439,-2.997449758868868,4.3607119390558955,0.41561487889398274,14.456278331828786,-0.7807324899287156,-2.229941518648775,2.603847764570751,-2.104663252893377,-13.713269312908645,-0.038228385449551885,-0.1315059729331079,-2.4489982282639344,-0.8520282542285174,0.49999751476385185,5.124622124807752,20.403582618343414,15.080075781555584,-8.306355602361393,-5.8204228647221745,-20.710626941429854,8.993341928769727,1.5686100122476443,12.737636051349593,-7.20220510301511,-4.23172150048094,2.301602263554317,4.146778641499793,8.332813517541904,-3.1476006753731047,-2.193522035888117,-22.7819971882401,1.655141552926125,4.4048864677838715,16.441134707024588,7.947732829104464,-4.568109159015621,4.888674018203927,-4.798377980001772,2.926456062193416,-8.648761773956481,-19.4858054262752,-0.16419049587793472,1.5290771584333684,-1.0957695980171989,2.3362965509661353,-0.8190697471434923,4.384291240484782,2.9041288662365154,6.384666286039757,5.441699208401224,0.1892382877458044,3.7850751676419505,-1.3203064718611761,3.19159127759474,-6.550846458850703,-3.148932843688745,-20.36447208831587,6.340414903475867,-3.6444815875878502,-0.392082099191503,-1.7020763985102825,-6.415167378748505,-0.45573297570630666,-19.23186496115104,14.01039725405706,-12.563449745228661,4.097282813177121,0.6374382710705431,-4.1361276401534095,6.976486818218345,-6.7894641007387735,3.6245794322387934,-11.999473258939462,3.1807613925907314,-1.2310891002377884,3.3789713378500323,4.6424362948008,4.05488997797082,5.545264466322793,-1.56026965743982,5.372706645224341,-3.4416124848335636,2.990567142740569,-1.8331541711958677,-2.6822371842429464,-14.06075034168113,5.792480447923456,-1.5316886175458564,0.04511531037607014,0.17228759108364744,-0.7968611417032315,0.870978365649527,0.40702624672623006,-0.2070383380439003,-0.011985369907550749,0.39277074658619926,1.5798958134433003,0.6096835677501545,2.2382726687098646,-0.9863481510962169,-1.5501598983952716,1.326700508193627,-2.0885523422522843,3.0664451131392187,-1.125352139561657,-2.11965525566038,-18.70128293307896,19.007185308376595,-4.367955318220607,-0.7942016984379879,-0.19313275414708903,-0.07373512595215218,-0.8072296941151627,-0.134884073758597,4.447778653008377,0.8985505138606471,-0.9134931406175343,2.7666906466982235,-3.2702141763791093,0.9002508539220152,9.712787147152621,10.403029559482686,-11.237369976782391,11.603579741562859,-2.2439760274782734,1.8731111862162737,-2.826225994282275,1.3475894170888212,3.728429464388235,2.7932168342936206,-1.6214708452935074,-0.20632370034924175,0.7085932483144696,-0.2598495201708263,-0.9121611786283361,-20.15348675451511,13.518083437063934,-3.2122705918675174,-3.549944909965425,1.956103393828929,-3.4773467437871792,2.172846867791052,-2.430767703280319,-1.9164122491113247,0.9825080269222021,-1.2128656901459038,3.9561785244618988,-2.9995129987736973,0.600938827824755,-1.949762302957243,11.373729577505108,-2.5084722184171286,-3.727836054189826,2.0910324935377327,1.889566548339081,-1.6562827744859978,0.5113262844737844,4.5560758837026345,-1.8466014993902058,1.3863348328628369,0.1521179700006402,-1.9035332031595407,-0.6645092150911202,-1.6900510888813087,-19.38079656716738,1.2638828954403758,5.607657825085576,-5.9315781876886,1.1095832049231058,-2.112036699412136,2.7173255123538977,-2.2363477422218954,-3.0512932012661973,1.3067767950856497,-2.0279319711241164,3.003586615728929,-1.6319863766199247,1.1640325803806684,9.068531975517498,19.060307883194245,-9.008800498871372,3.447988806413239,0.390486635120291,2.222477344732678,-3.9662465128359163,0.7260670638299934,4.038002045149259,-0.7933949234287878,-0.18273262451429448,0.3507477596919675,-3.95420416029447,0.5734791444921853,0.32873718990993084,0.3291423539487987,-0.28010649861411696,0.09790831257408461,0.5929850490175619,-1.1849561594229667,-0.297268463996165,0.6498850082413778,1.0048559155380934,0.33185768607007465,-0.7902116633570363,-0.33743045562211743,-0.5487706377638318,0.6544766164259198,0.673022117185425,-0.5019703441433084,0.564819202972154,0.11034308232910303,-0.0023940096586910096,-0.016186485164999487,0.1963558212459406,-9.269817483123695,19.325465487488373,-4.92331195357396,3.20867353502391,-3.149518780478914,1.8543454160626693,-2.538564841002213,2.46584882281268,-0.4697761754013749,0.3280718533593812,-0.37491823742854136,0.3977951805663732,0.30942518766412613,-0.13772963509688047,-0.8018841063276753,0.06656568201434178,-2.240924182065843,0.7844932586306096,-0.4495201709879805,-0.3091587630780619,-0.04095101552759255,0.601339529304744,0.20951320892313252,-0.4305092995880037,0.275416238833615,-0.36333864236012825,-0.12624189871207744,0.48967007317468225,-1.3330788355549916,-10.74048864255072,13.215785633910013,-6.558490804346603,5.840131829959175,-1.5948507121673805,-2.62893401720094,2.1707828982709274,-0.5881930359234219,0.527632739107857,0.11760365832910737,-0.20300413921468158,-0.7597515157654863,1.3969576571727698,-1.5632141176522834,0.3280152095200378,-0.5586667429613326,-0.5046532325524183,-1.9448471188931287,0.23445844148034298,0.01413618657741161,-0.4009140786661311,0.08828117869783127,0.2383178288347753,-0.5889094482515884,0.06947586252930084,-0.08968038594241065,-0.26855651439230177,0.5724314923910913,-0.7006249177718165,-13.660795854380238,20.131654653210582,-8.838601637665395,1.7422098940149353,4.554621123346287,-4.496062030171232,2.9446963082729387,-1.889166858154901,1.1438906267983449,-0.6804512018367871,0.7872002202464646,-0.48005147246248825,-0.028336392332710507,-0.2077944160807058,0.33530436768751476,-1.5417600769009545,2.2000432580709144,0.07230360932887275,0.725661372098105,-0.10225528926565619,1.2387898487471158,0.34565928036787297,1.4423038574998421,-0.940313389611032,0.09623717934683043,-0.3677379354063622,0.09339060486814718,-1.0753242067527318,-3.837418031720825,-2.043733031868356,-1.8400448754953869,5.013466925718488,-3.381011540473213,1.1226418268140304,-3.4374265910952815,2.2956303277249686,-1.8619221620222928,0.8044487069067179,-0.11290382935768108,0.17029932225065603,0.6071135198150479,-1.0083368529958732,1.0239096155934289,1.7304611372693337,0.7346913526262926,1.0391553575999546,0.4622564397044912,0.45866223555924357,-0.21332385263273002,-0.11417649785374082,0.6150871123525846,-0.8897606303746133,0.45158277442787975,0.37509462425272233,0.4801963792306156,-0.07356695254292181,0.22059752740496624,-0.06894728496851285,-15.030579892297098,-5.331424596067434,-3.320702281554637,-1.9993301568676929,4.1313762821675,-3.6841131828377556,2.6076353776567016,-1.8756998886152663,0.6887787495770852,-0.8240729549516075,-1.6019183366536998,0.27854245922163534,-0.7815003880676887,-0.5655595005254075,0.8791734580587232,-1.0230749136336093,0.5183548071750749,-0.9101750892311156,1.1017981994180692,-0.9782382029905824,-0.19308694308743063,0.21904277583463028,1.1256359527901105,-0.6835532806624403,0.019471714403587553,0.4857413745233111,0.07576581469663901,0.6362014408524094,0.12874550181992744,-13.520555779700883,-0.1790438477836953,-4.273499649966708,2.0688827242345353,1.3237282480983117,-6.268466413422648,2.8856193552969494,-2.6709616295859133,0.706629901603801,-0.36459264452223233,0.34551847393571944,-0.1152341477575474,0.31992642410668665,-0.5917276545284635,1.6231254881232269,0.26050913804689474,-1.080324847881003,0.047699559479577915,-0.25344775164432404,0.40546372417048465,1.3740884940070828,-1.7847905358397391,-1.9641345665326895,2.1328267924814446,0.14912600632623285,-1.3269005586177995,-0.40957731568854316,2.641704491649518,-2.698097179992263,-0.2688137145109822,-6.062588810436949,2.9586957070529545,-5.662391864075479,8.666839306581343,-4.626219407261402,7.500612083118181,-1.9256298934007496,4.802203566914369,-0.1591216586377482,0.8240933426011046,-19.188091739602875,-22.40856086198434,-0.39093155203355945,-2.623167310666708,-2.4159466218139958,2.7689699345154186,9.88553096065275,-3.6281877947892416,-13.681420691932281,-13.264271700475854,-2.562891855096056,0.7952579527674863,7.076727955964983,13.539988885974331,3.6417759737750144,13.421105980632404,-2.6205744953039916,-0.18986261430626833,2.0191166488033034,-2.6432538628122346,-11.48861157613118,-6.316679993718935,0.7345595437314871,9.841768678706046,4.774392142776316,6.106381614086258,8.138560388018975,7.834668322694309,29.363078277668613,-16.209202329473133,12.340413902292193,-21.331166160979755,8.234920744944823,6.191376446395195,-2.9210206133032477,7.367250243370595,-8.507326550295366,11.831948615544116,-8.462813444385477,16.87137069435798,-0.6765036319277229,0.5135193940041527,-9.60045483362786,-2.0502112731281703,8.828502302942331,-3.1219564838824336,18.49897648449566,-19.07081860125121,3.511204631122009,-0.022148166416533877,13.804172928092369,-16.933812606102386,-0.6865007912069132,1.1474531046981595,-3.7564139316088547,6.967664975759656,-7.296443218968983,1.4511554501485906,-13.610398803049646,2.411633266150563,13.652560253257718,-4.452701888315661,-5.494462579692997,4.025265789097542,0.1470508515122082,5.034777440010535,3.222834853557016,-0.8190358918847819,-28.056350777878293,3.363743614714193,-0.11391835648571849,-9.715278977027582,1.4879561023188155,7.84223162810133,-2.05544371967403,-9.693865439166466,11.048058432648109,-6.178802718017586,7.722415561219234,14.7738063569909,1.2958138542954187,-7.933923865230425,0.49698842933455556,12.88986766160223,-9.153840812288937,1.5417128643219016,2.3306165526067133,-11.097085393014053,-4.712550667156214,8.931193318837243,-2.2821017279879796,-2.027948452980579,0.5521753492218151,-15.580251334769674,-10.200678745755507,6.790361654319348,3.1478493098433895,-25.594921958279656,1.635836313669859,1.6107054137006491,-2.3602054350040036,4.3345305587119185,-0.41510789380650986,-5.648818128944672,6.3325835646506015,-4.639659188538731,1.0198247182411257,0.868467390514921,1.1098739421445625,0.9863009921546206,2.544269764110167,-0.14477085286811436,1.4658354461308731,4.73928416982866,-2.5719891351259596,-1.5924230118454346,4.4100556683164305,-5.6935645111449515,-22.718689953176938,15.113685741542788,-7.33095055088593,3.9085355234039105,-1.60351825886089,-0.6748008685156269,0.1480352435663452,4.691084798463306,7.421619874370359,-19.25198820682522,3.8829156346715914,1.550266789502312,-2.0265165216046372,1.475887034666499,11.985072642282724,12.522982146943272,-5.6040110119734905,5.087451580894902,-1.9006256285553849,0.48435970572167314,-1.248842166775019,-3.594165716820958,12.123732333754743,-5.1077451944673955,4.60612927036351,-3.175208723810826,-1.9153966751518456,2.284185980794192,-1.2323476684308308,-8.062240364420546,9.268418109523864,-7.601899413935378,2.267450985725057,0.1899278493776604,-0.21780260110574393,-1.4634133044739794,-11.31798041230742,6.608822271642488,0.46293840133640407,-1.4647157833748943,0.5025237592486085,1.9614954460638419,-2.631372888233016,-1.6966011420806313,5.880049713061599,-5.6897820226605695,1.4516837493785164,1.4335258521551286,-0.997170060674658,1.5700994256517364,-1.6830925373568424,4.997285169715188,-6.02473347879609,8.49149532220815,-3.339098631968315,-0.5726818267106392,4.366037478338478,-2.625867643845512,-5.551411312770826,8.82796520483871,-3.938804132777649,0.041712581331612306,1.1559203173822281,1.85541146907347,-1.3208614681290978,-9.465842117800403,8.330877647604654,1.389459826145056,-1.330396582725005,-0.2133771845748707,-2.2557740273353555,-1.6570203855741263,10.69917534568872,13.100596869885276,-6.660162007459623,2.7056307935703994,0.9189951141454641,-2.1371575318131675,-0.9167299231778979,2.015273287331659,11.019129280730477,-11.74043636275906,3.240610500312882,7.0342216911774,-11.391723108201392,0.1144245652410802,0.43005400515520187,0.19547139754568704,-0.652803258895291,-0.9046437889727352,0.3896078555918775,0.017902834904845406,-0.47394471649747755,3.7396418936171205,0.0381099384993468,0.3199077251055272,2.4710681674081045,-2.3859323143104767,1.5593957794216327,-0.4236337433430019,1.2479891086610035,-0.4624885730500602,0.630887087716642,-1.1908737548452852,0.47648773126703065,0.09063483800310741,-0.46313062455874954,-18.79493054347444,10.71599093961135,-1.4171294426963852,1.15870667115307,-1.2077693201447028,2.720535384939914,-1.4160428943682246,1.1546265961321396,0.10781794214138056,0.431962958293442,-1.5875821199278775,-0.07471167855636787,-0.03848024621439343,0.2343173192895513,-0.1757967448880045,-7.785948605264829,-2.5557379040592725,1.1827425619746876,8.66821957669629,-3.7508520288851535,0.24659537139727672,-0.020886048914399394,-0.028065414371286745,-0.13975219060001018,0.8367487635550606,2.404814207475873,-1.0216875690644056,0.5576807392520514,-0.5974184021847351,-21.072919768940498,-0.8558746420124625,-2.425067776611859,1.0242877591304411,-1.1061423897391918,-2.0084206640726423,-0.16133208599507837,0.4489667450559049,2.0624019404966316,-0.8565511969236576,-0.5691248956542819,-0.41498291641757207,0.6664470320560454,-4.478279259266591,3.91204729730287,-4.997113787400741,0.20707168171369889,2.3821237673120126,-2.025408196136828,1.5883922734386295,-0.28573958512953174,0.3171360117702613,-0.4534229865574204,0.7438200012891716,2.506713233687808,-0.924173980130705,-0.24952534450906036,-0.09585293506727069,-1.1621876908714504,-6.014921362477613,6.971351732602988,-3.3165074124787894,1.1716292998969717,3.8976366958422908,-2.0388302195578056,0.27021786484134785,-0.8272616543195718,0.350476646633688,0.06052394950958298,-0.3730305885196235,-0.5337073537373198,0.3234305486121563,-0.3833582739546674,-7.184221785995495,0.31996627272384703,-3.8789203073133423,-2.9683676225067672,3.2970658345956116,-1.9546380913580612,0.22172316850723234,-0.34622688459716133,-1.6329196619842816,0.29677574166707077,-1.228671088700301,-0.07689016085731532,-0.07826608448711726,-1.10765711410564,-3.7885126226560257,-0.8138860776440802,-1.0267924895984675,-1.5755876171169134,-1.684696174179038,3.043167142131959,-3.003513393662955,1.6014165873544537,-1.0381177440133356,0.3728101444631923,1.0186856154746928,-0.05439513590431478,0.0535620098333692,-0.4318355535429488,0.9633308615479227,3.5538122307810793,-1.5337412554738317,0.286005585286539,0.30093582413696934,6.3139818337672615,-3.2057269375443864,0.462398917458769,0.9220244736928116,-0.820204589749596,0.849944638592962,-0.4376322741177318,-2.1916125640965594,0.3354081968891525,0.12681701625745093,0.618034665103411,-6.083897731929446,-1.4371493163798612,-1.830641319315211,0.7424135134657829,4.316655869607791,-2.151270116071346,1.1146431140393567,-1.277110061281312,0.8931362784035334,0.02588309977464487,-0.5142708337977759,-0.7833247220093938,0.8004044464218133,0.5456566337797395,-0.18029954005842466,-1.1757264327316839,0.6175170794736483,-3.016042687225521,3.049962475856799,-0.16878761618824834,0.7053855226829908,0.3561153882188458,-1.7540532065194558,0.3636774593890181,-0.22966011518253995,-2.2069819842742944,0.7033424018910943,-0.2315142601192697,0.835684933497012,-15.252063633861955,-0.4671863575017915,-1.9717396307846016,2.619219029859309,0.8846907436920448,-3.6228814310003323,1.3920063558365898,-2.0283242084927973,1.464952056795695,-1.233780920760774,1.3083026524705417,-0.14732182614921688,0.6002217389370583,1.001996239751492,3.2001178999383244,-1.934650018775801,-2.7755940750697077,2.652205362476633,-1.5754333819674515,0.491935261021049,1.813073064829358,-0.7325253536255746,26.929476130609114,27.549707462330257,27.11376599876675,27.25924507997918,27.159591859446245,27.380074780421243,25.512267711535756,34.332433949687875,41.59883501246366,45.4793465672769,37.066099485327925,45.91937069453285,33.461770920883765,42.23331110720419,32.96494919843189,37.98811822206445,35.645156077996546,40.89918424134858,33.935572651129476,27.53851189189298,-0.1510983267699827,-0.7059666608469145,-0.7698827994763295,0.1824358626191181,-4.870214180200187,-22.748356227796382,14.834224406843388,-2.220820010732521,19.833491067673386,2.355511652396431,4.829213779065381,-0.2230177580200299,-9.7480053505493,-1.7808786731972046,-11.3248585931429,6.959376256310732,-4.933217374117923,9.965389915986652,4.01257529741877,7.0703645684561796,-0.00855700558691646,1.3576991794722868,0.0857390467562111,0.24115430929109755,-5.36040060230825,-13.875014872568347,-15.802264880056265,7.399593806149779,-2.841076791937229,16.778255449734147,-12.580322365198965,3.063561077560738,-4.676635904945424,6.216005090026451,-1.490364318953991,-3.82121109921157,-1.3601460576170692,-5.4742348437912725,4.652514774319504,2.60580807127522,8.05635592721588,-7.239313934296314,1.5813865919911028,-7.379326744076453,-3.880273483749423,8.77997350249959,-7.6489607023723645,6.359125370771293,-5.831879218623588,1.932917583178609,9.353504884017056,0.173884055385103,0.17806383003928222,1.1000655713599825,-1.7760563036090655,-2.0533204545973347,-3.093215548646551,-0.49233163851275524,-7.643096130545009,0.19504770036842023,10.682453078442554,0.34350480354647717,-1.085600622985962,-1.250368642366482,6.718604353290825,5.238171755643878,27.471830575903514,5.227002343507223,3.352294169504452,3.071127184277026,-4.980825042827949,6.823232209740323,0.8336821541322776,10.654716578850108,-8.565076272124006,2.991939921950617,-6.123387495056957,-3.931614872502342,3.2856056006778864,-5.881165975258135,-1.9813572449346606,-5.379921835387121,-5.060358502414713,1.8092277614694097,-1.0801632039664817,-2.1563902434300553,-3.235148808130485,-4.4891411099893554,-2.981375402168044,2.0980826610855443,3.6002151420494912,6.405779570521121,-4.348204741780054,3.4088485171832295,4.500662488146842,20.461711734670303,2.02633414180176,3.304273055181969,-0.7302017356369016,-3.425913141842194,1.6443659812462126,1.9636557524121028,-0.9989890504998518,-1.2939448072279067,0.4250007031376543,1.3448009640661818,2.1109502716421207,-0.9572129104675421,-2.7395134522898372,-0.9333086988639041,1.8552782322221062,-3.625005988050162,1.6801913324954545,-2.165438673119316,1.7617783422983504,3.6659727342041295,23.933111916562893,-23.93979582839803,9.431192461657465,-3.6526377722743457,2.297620453622615,-0.7844647116864873,1.1714980856239865,-4.400071949437285,-11.43289341106922,-0.7714349964294402,2.6836843515081714,-1.0021188687974192,0.6065706271757949,-1.8888752403481048,-16.60605552541823,-7.428418198211061,14.842065954217032,1.2931300583774519,-0.8676079703189863,0.7114145014523053,0.7292909357461317,4.250947781614959,-3.06088870844401,0.35705302477079987,-0.020985345988800468,-0.2935477222910374,-0.41089123338314165,0.32223403376076576,5.009152939117303,23.29514551681982,-20.726170481916526,4.456011834623759,-4.768870630694921,1.220970460748151,-1.7674509511949132,2.0830557519276085,9.101880909529166,-0.8747780771139582,0.005672112068226928,1.450528931857251,-1.9826412937808904,1.314543263832595,-0.1654938161547414,-1.3382374333030889,-7.000615982105308,0.6417606300836698,-2.9068164079860823,3.5116240653961976,-2.79059178757793,-0.08694146020592013,1.2809013947832733,-4.5415555894156165,-1.8786059797359829,-4.416773331389605,1.2053917926265707,-1.4845291733692738,-0.7289902716224681,3.779473775325087,17.928679709455153,-5.1718680264827155,3.627134877727199,-5.614604368972658,2.094275245336523,-3.23510271869208,0.987736584889374,8.00649947311427,4.047695760481657,-2.236951626825268,1.9264393512561995,-1.8451473385622816,3.733120466061677,-1.8188042423309736,-17.810668690478398,-17.490160454691118,11.991467711862605,-2.267270261927822,3.7631632504687507,0.07212402666949926,2.3916873551868854,-1.4266427471884953,-7.058559857789531,2.0108482128157465,-0.43044551992091,0.0006361263431773866,6.1641291641963765,0.5164537414156564,0.5111804694566622,-0.1517345529183101,0.45138842270019136,0.9849431487080719,-0.6716486925625959,0.24118837560203849,0.5438507682316377,-2.6166159382779326,1.8663039856722101,-2.2537364479262907,1.1447663446680214,-0.21655297018571573,0.6456075800894272,-0.6518837396939167,0.7147355614472671,0.2538305950575476,-0.10240545412833005,-0.09353647575300782,0.281626922417786,0.004669970650985428,-0.0575552866866894,22.1661716930934,-23.630218975180405,6.0260274633288855,-1.9448351718077448,-0.19925900609801056,2.383306468511784,-2.3806190869101385,2.132574884894926,-0.36473012183285186,-0.13312935011082505,0.003025952044267137,0.6564775329037439,-0.24388989190346225,-0.20876765556485538,0.4333028637572813,6.823614541237635,2.7240067438313593,-3.0461243008088856,-1.0177118386051827,2.231396522216248,-1.3115789038126606,-0.12980232007769527,-0.02770315221992547,0.31693904616066665,-0.23759750835762514,-0.5719540297603853,0.21604358860734876,0.3199963315991085,-1.8279995030333738,24.450373417490262,-11.679172758453749,4.246307597261924,-3.6044161697292085,-1.8910352802065589,-1.5686597740301442,0.6200000486056177,-0.2759177212082351,0.7363189100716817,-0.18333464429444576,-0.38217730675014355,0.9240200348909405,-1.2440760819929648,4.735010627660961,-5.708991855797074,1.6335407233125212,-0.30425289715930226,1.4937702469246767,-0.21658268474583492,0.8606430552051831,-0.07400805453355412,0.1627386243000031,-0.5471205280179955,0.35304280399906734,-0.38226486283883876,-0.05843936505156588,-0.31259323808187506,0.3409471374429885,-0.9208391282024191,18.16014117258894,-20.663219964468546,11.154980910518633,-3.7330562174155317,1.3949356003690057,-3.050946136843803,1.348434839259999,-0.14813540019133925,-0.2992011959301731,0.061827005240485816,0.3313359069720351,0.6820378397470888,-0.4019337693554351,0.5316667642492673,6.431730506433173,1.530558330424125,-4.532504968405364,3.038533618974657,-2.2545375091565414,0.3606393105900515,-1.1381107753643358,-0.40034844923597096,-1.3115447576566253,0.35469648418942556,-0.5710810816610382,0.006604751379429067,-0.014746832231293267,-1.592589612045718,2.9157590040530796,3.8750600841772433,0.004026672796844918,-2.847197266489746,-0.5001914258857958,1.8127648359603283,-4.238965823148909,2.2793482207384086,-1.3377178769009108,-0.18293817778939261,-0.2587968407289885,-0.12804098310421128,-0.20466444038541892,0.38847854685754984,-1.1281998717248058,-4.182917510060319,3.1728838344472687,-1.017796267930372,-0.8085819331233378,-5.013109841402225,2.382878201208284,-1.0167444916039046,0.4928133815905527,-0.24486274080193873,0.6354452317340306,0.03198336436978208,0.17921864196926723,-0.031028725950265453,0.19923239133627876,-0.06062778715457949,19.345309109087996,3.5242266880855047,3.814003597737688,0.017808904697413537,6.758816433424409,-4.501866366080812,2.3128331485751668,-1.1878104657531232,-0.11459788903585283,-0.045744195057457006,-0.1814530571450126,0.854886834870072,-0.6991302526605686,-0.1384414878352829,-0.07145214586376236,3.608795899244227,-1.1109233061588208,4.544904002989866,-2.5498096093979576,1.036728863386195,0.17375756339313211,0.42177335049904546,-1.5168279639306215,0.11554682367325787,-0.7678090472652958,1.1973299408137876,-0.3570188368536353,0.3211946325491305,-1.6717408211277844,21.965757300681144,0.010456381368625374,4.517205374015255,-0.5809081975049932,-0.08110332631011744,-6.085467620016669,2.4711941211912,-1.7215502039820025,0.5658260512693467,-0.17173824310772962,-0.3446015587952238,0.057975252220747425,-0.5101244446109207,-0.9916929662429267,-3.6282431051080364,3.990995615311813,-4.917513326522822,0.7904319913361997,0.015857662407626608,0.044775659770751375,3.309451380951979,-1.768593092324289
16,8.478873615650942,8.542565339800909,8.994104871749231,9.003724196890065,9.513187775515682,7.239751616027527,12.572473161332315,-7.7968069310843315,3.2849607915717733,-1.4454272118764577,1.1114749969439974,2.394625150142574,-5.22193327520754,3.9481926532681775,-5.9478289076600275,5.666172096162481,-5.569254759999221,7.151460756973667,-11.549140892725273,-13.980921303548229,0.12186641584070436,0.7502272520149278,1.252791040224861,4.710243063764262,1.6283355334734906,-0.13704055931450815,3.7165261683061375,-11.32386006319354,2.4009612236682485,-12.614004415557329,7.840394535713898,-5.160368428997384,9.884377820199512,2.9699792346490645,-0.6344149050235288,0.5662476346847152,1.2281581531932941,-3.8914482580638126,-0.6090285636717176,-11.331886901487458,-0.11174541682662262,-2.21199646280546,-0.7151599854417872,2.16582025878294,-1.1920511251154882,-0.5089284981745023,8.33613322871889,4.6256881818520155,1.2496122903626683,-15.111886772052019,-3.010275157092578,-7.254144968027638,11.658389068115062,6.303998188859366,-0.19135703776223717,4.005815688592318,-8.402669382596144,6.29420897857254,-4.675327881818944,4.274845017808528,-8.111732048192154,-1.7509619096710114,-1.3825633867244584,8.195589256358103,9.724558934056965,0.37761290923338103,9.661624653928982,-10.208228945251927,-2.2338976673845314,-10.137665611070444,-6.837718614079903,-0.22653512646315072,0.8100890372299205,-1.4768719504391132,0.9549694857016944,-5.406932491734456,7.893875169750922,-7.168683420908653,-13.54899700836818,9.54992970795869,-6.41399579951042,3.2870270569873434,-2.444226717438727,4.182465166761779,-11.50672214319809,3.7045956920916967,4.763365270654905,-2.5369636554385835,0.7268293326982365,2.333758569543424,-0.675516805241953,-2.3119745387804134,19.02624226967017,-0.28697831644086497,0.24701581050996776,-2.016962940895669,0.6802385539937494,-3.7624720540714347,4.688600541460856,8.372404176749868,-11.252440488281657,5.756793543559189,-4.330769713846901,0.1376838997752855,-3.133503522404042,6.842206063374235,-10.087602686034456,-15.521862011954171,8.064996278235105,-4.665474172462486,1.0592465937857252,-2.0058415820479216,4.615830802121322,-13.349888633690693,-3.8200458257213175,9.312197171497296,-4.303022898854189,3.210901962955338,0.3007864295880997,2.0409101431617063,-2.056972715594376,1.1866177177348962,-2.8497548327065747,-0.45110210431450526,-0.16122909604011695,0.15358200632636582,0.0702141592825534,0.08243411835259938,3.2894813603958264,0.6102495101754767,-0.14264183130299385,0.4334618170880166,-0.5355402834368368,-1.347775810075063,-0.42774909358948165,4.655046616815149,-0.7497748791613816,-1.9179655286170876,-0.8826954640354305,0.14755776707205906,0.03438411195101924,1.6655437815647425,-3.354511414816009,-2.9652918035408566,0.7291705173129122,-0.7696107290041508,-0.6662623313880451,2.8324268073985213,8.653686943520487,-9.986378821393794,7.283404909458834,-1.2030979080783395,-0.22084659461120895,-1.7129838214010962,0.3347598652635158,-0.13643903579516659,0.1938265352728158,2.1729450541458792,1.310236740924784,0.38455850772108185,0.3752951194779101,-0.6233529091165593,-2.5992566284459873,-0.31232398192768307,2.581085733945256,-0.24006286785479017,-0.14014829726056294,1.4144158618497027,0.27447290609832553,0.58455658864496,3.3630795004642686,-2.1158311227088307,-3.3603894021369416,1.5960009381903435,-0.9338527784510454,-2.021621854221053,2.572755885873401,8.000624525076093,-9.613783981448979,6.966941403878344,-0.5615120654235182,-0.8911595349991158,-0.8950022714305205,0.0177255503615596,-1.116060370426033,-4.244484158734904,3.8424915746390136,0.5591874763677873,-0.2535340127607124,0.8433937133427658,-1.707609837189306,-4.675874318175931,-2.6386768399416796,6.770078234974383,-3.0214386273147493,-1.2434691411960441,0.2869402758437898,0.5621127035464365,0.23336591820373623,2.9910698973651577,4.15656114485901,-2.500601698599294,0.5321761133348271,0.8573517675769993,-3.1751891599227853,2.6804497238848906,9.220450139395496,-6.153446685369222,5.176381304031401,-1.9243680847535336,1.34706460426779,-0.7194045570493424,0.9217470095784628,2.160717130724004,-4.829625807990111,-3.3894853357637795,1.5723875440157993,0.27824508023247646,-0.7574969567150978,0.03968962357954398,0.02061382765499109,3.210830830209709,0.04654275687829377,0.2883107857808646,0.36793086046821505,-1.7940962803591838,0.5784253953108838,0.38464697233177636,1.916755219157865,-0.2405058013572623,0.04256941897262829,0.7725330956811214,-0.097181021685021,-0.1809356617872941,-0.6963265147629182,0.19019293355757183,0.5722977384044783,1.140255118698559,4.979889887733101,1.214863699406948,4.753712292936443,-2.9744745936835386,1.7159592994088098,0.5477234831179314,-0.25229887774683063,-0.6083221219635608,-0.17170304816905,-0.37039164788535156,-0.17933532927397805,0.03624452677054539,0.008158536477328879,0.176468577375697,0.9199363168932335,-0.19572312855338092,0.6600496752421431,0.059677483107550104,1.229101731045209,1.530993061634201,-0.3938738493068511,-0.01732046182324544,-0.2833334752476245,-0.540129707979919,1.2185705520128678,-0.08888321903364846,0.24310555838818565,-0.12218610407940264,-0.38268329539883683,9.564976155481974,1.3595737745616634,-1.875267566486534,-0.9327777742369061,-1.5898943763456939,0.9182747560234064,-0.20656946855448405,-0.41970541295676844,0.2707384467744158,-0.16717174705874377,0.09189836649104345,0.2189595617802445,-0.28005616298452635,0.21659369401445702,0.3244700467091379,-0.20653872821988667,-1.4055514050098292,0.6620434631818477,-0.7576258362817632,1.4863291266218666,-0.5467559588588228,-0.2604929487506759,1.2495176278925177,-0.44708217734547384,-0.1945945370549598,-0.10727022293508631,0.6796292425347692,0.05738472088744094,0.02347534982661675,6.560149424311804,-1.7573265644749625,-1.9217890444939958,0.40622253886400206,0.9038016227826087,0.08806510351265515,-0.07401160422733127,-0.2866787809357936,0.014602280546607612,-0.6288772178772014,0.5252638949040372,-0.3191301841392755,0.025522921754175223,-0.0191622445693175,0.9021082436358404,-1.5005609757850122,-3.01522940726857,0.5210335346322261,-3.4972318994657146,2.1150932450294313,-0.5954906610529961,0.03621522720742333,0.15220973753211903,-0.6507780347739877,0.6987814345017525,0.2503944206068623,0.2918576426100893,-0.06300695738337583,1.8947648022065164,11.846864795201787,0.1619922094620513,0.6141054324426549,-1.0572335990272086,-0.9320965255832393,-0.3333748804184987,-0.3834040953141743,0.2609089421181516,0.9200156952276948,-0.17359462789702906,0.3067134264287153,-0.21355015115918044,0.2900744752484347,-0.1510628534644801,0.03168937527381093,0.854017211544699,-4.412778454985822,3.3315085488759477,-3.657818479704001,2.0394037779704504,-0.6546392584768798,0.009542941723059155,0.12068958438932796,0.27858738027426716,1.03974395822538,-1.0281624472968038,0.6435172121411408,-0.4614846730988485,0.6887981024562849,10.012538829585035,0.9050212331218875,2.0346565274565953,-2.725387612255611,0.28957928681239264,0.1792700459255211,-0.5340565157063542,-0.32063760844237843,0.34066994941671325,-0.0002844952644297169,0.4233047109466883,-0.30396671107352896,0.07930234896887879,-0.06406080871255067,0.1718720349968213,1.9744003482403685,0.191538739920189,0.6918331985272833,-1.720823148925902,0.8223442829582183,-0.4490318264574028,-0.09935046261478175,0.45428573052848636,1.9069199569546498,-0.26396358999801284,-0.24269075966798206,0.11792019455734833,-0.22778859550818434,-2.502963431754394,-2.934141768506306,2.7645092048921445,2.1989513049914717,-2.885774429837523,-0.3863496626710343,0.3689032024537089,-0.11354620453621374,-0.17529074339045106,0.31384403313722486,-0.42966091473302503,0.6268647158340852,0.14080908794349584,0.26627969197893353,0.5785108247939562,-0.8085881943063347,-0.33620913215363823,2.1114183199579832,-0.5690347445307619,1.1634248935346865,-0.621191973189219,0.23621132914542833,-0.044483594365614006,-0.1240171455465233,-0.13554020120108148,0.21849450321192598,0.17376460637807548,-0.31166567884180696,-11.151503301173967,-13.06096812171518,-11.99959510865392,-11.782239534203079,-12.241913682196452,-11.63459845352973,-16.037156781432913,5.338607308016108,-0.49448683732280707,5.995937209491736,-0.0972269413975706,-0.9444545866785041,-0.5195560294788389,-0.33455194632838414,2.2648453803537647,0.2118248007513922,3.126672601662233,-4.840568918453225,7.911855600187852,9.217875475468738,0.13799318768706897,0.5408549112580763,0.861115424677908,-3.765995888022809,-0.9998654840295604,-8.982823539883828,-5.329931285572017,2.680320368741083,-1.7806890595922737,11.02220416879664,3.927694652233586,7.442386085786024,-5.513393198235996,-1.426427626327325,-7.070140617868948,-2.559076215440002,3.081405754952455,8.946297638562003,-0.38529129003009405,4.382136024636723,-0.40607281990967015,-4.268970221716336,-2.539596100146028,-1.0269230251572425,0.41349058999686034,-11.456044867046677,-0.17272347069634708,1.4601316754211646,13.626964912219009,13.460962960855378,-6.731964452514345,-5.6790964216803435,-21.555398815442175,6.302296000092555,0.3473254603272702,13.238632667191792,-1.0227218257664012,-5.604506743118903,2.9263817416361704,4.6716721700464285,16.816113446083072,-6.642308233957187,-3.28744210399347,-22.938825647453047,1.6466117046946795,4.469745262057187,4.776903856689342,-7.62079103676116,-1.104417250407791,1.4270862679110958,23.066980532230943,-0.3068982321495829,3.495648474260064,-1.925289942339503,2.459203204073703,-4.454180488452023,7.10964341427949,-6.828147154975973,3.6245794322387934,-11.999473258939462,3.1807613925907314,-1.2310891002377884,3.3789713378500323,4.6424362948008,4.05488997797082,5.545264466322793,-1.56026965743982,5.372706645224341,-3.4416124848335636,2.990567142740569,-1.8331541711958677,-2.6822371842429464,-14.06075034168113,5.792480447923456,-1.531796737929741,0.05200111500484689,0.42492564596385973,-5.153451327811656,-1.9926876577661796,-22.641665118024864,10.254716020557195,-11.13769525221274,2.415194152455336,0.19319088183819996,-3.1337042474808827,6.040933697241798,0.26925791407756866,13.455361067965166,-14.018943752392255,4.457603254369756,-4.594852979696229,1.656729143587341,6.319991702900327,8.421306915608167,14.502952955339,-8.863661728942892,5.19543654478405,-0.5655629198290555,2.6706321680095235,2.5100155415779937,-1.75297902863769,-0.6546512410477052,-3.800932730791006,1.4143785365482309,-0.5312254515165717,-3.526128042017381,-1.1552572439856357,-2.3325059468369864,1.170797553419491,-1.255151370009086,3.9561785244618988,-2.9995129987736973,0.600938827824755,-1.949762302957243,11.373729577505108,-2.5084722184171286,-3.727836054189826,2.0910324935377327,1.889566548339081,-1.6562827744859978,0.5113262844737844,4.5560758837026345,-1.8466014993902058,1.3863348328628369,0.1521179700006402,-1.9035332031595407,-0.6645092150911202,-1.6900510888813087,-19.38079656716738,1.2638828954403758,5.607657825085576,-5.9315781876886,1.1095832049231058,-2.112036699412136,2.7173255123538977,-2.2363477422218954,-3.0512932012661973,1.3067767950856497,-2.0279319711241164,3.003586615728929,-1.6319863766199247,1.1640325803806684,9.068531975517498,19.060307883194245,-9.008800498871372,3.447988806413239,0.390486635120291,2.222477344732678,-3.9662465128359163,0.7260670638299934,4.034000259862543,-0.8664925562980985,-0.5373642452649807,1.7385979692460016,-1.2477926795199281,-0.22462604093680452,-0.7182121428385757,-24.27518582413835,-1.7990562371283016,4.470472852250199,-7.195229778935314,0.2760658793955112,0.5411011141584424,2.3556098329211617,-2.809629705952169,-3.536449593122775,1.961939546550678,-1.9015028518918982,1.9609011312366817,-1.673168336616935,0.19645139668737951,8.69502698607048,21.13515461810283,-10.324992576348002,0.9486526293204629,2.4745059269087766,0.4119205183298506,-2.7575802105857443,0.3993821846242671,1.3823435736414547,0.457223194948765,-0.32471612038210496,0.7341613606330082,-0.4942943589992491,0.4889115403238655,-0.03355616383880617,-16.562412656416996,-3.1501486256866493,6.790156859923837,-0.22903730255355426,1.4128600070806496,-1.3407200818226532,3.099352408232986,2.4254285710611674,-1.154857875282702,1.2563290817693018,-0.5948002572143668,1.0473325471263537,-0.5688064073121449,-0.8601287928616169,1.698201214687094,-2.4570843228894224,-0.5385436517635052,0.33677103379036516,-1.417090330359896,2.1618019531194057,0.07230360932887275,0.725661372098105,-0.10225528926565619,1.2387898487471158,0.34565928036787297,1.4423038574998421,-0.940313389611032,0.09623717934683043,-0.3677379354063622,0.09339060486814718,-1.0753242067527318,-3.837418031720825,-2.043733031868356,-1.8400448754953869,5.013466925718488,-3.381011540473213,1.1226418268140304,-3.4374265910952815,2.2956303277249686,-1.8619221620222928,0.8044487069067179,-0.11290382935768108,0.17029932225065603,0.6071135198150479,-1.0083368529958732,1.0239096155934289,1.7304611372693337,0.7346913526262926,1.0391553575999546,0.4622564397044912,0.45866223555924357,-0.21332385263273002,-0.11417649785374082,0.6150871123525846,-0.8897606303746133,0.45158277442787975,0.37509462425272233,0.4801963792306156,-0.07356695254292181,0.22059752740496624,-0.06894728496851285,-15.030579892297098,-5.331424596067434,-3.320702281554637,-1.9993301568676929,4.1313762821675,-3.6841131828377556,2.6076353776567016,-1.8756998886152663,0.6887787495770852,-0.8240729549516075,-1.6019183366536998,0.27854245922163534,-0.7815003880676887,-0.5655595005254075,0.8791734580587232,-1.0230749136336093,0.5183548071750749,-0.9101750892311156,1.1017981994180692,-0.9782382029905824,-0.19308694308743063,0.21904277583463028,1.1256359527901105,-0.6835532806624403,0.019471714403587553,0.4857413745233111,0.07576581469663901,0.6362014408524094,0.12874550181992744,-13.520555779700883,-0.1790438477836953,-4.273499649966708,2.0688827242345353,1.3237282480983117,-6.268466413422648,2.8856193552969494,-2.6709616295859133,0.706629901603801,-0.36459264452223233,0.34551847393571944,-0.1152341477575474,0.31992642410668665,-0.5917276545284635,1.6231254881232269,0.26050913804689474,-1.080324847881003,0.047699559479577915,-0.18684109080459427,-0.11704394600785814,0.026488678155943076,-0.19704232790092796,-0.31504670614373653,-0.007896297101027199,-0.07717430385693182,0.1365857435942252,-0.2909658905071176,-0.044033036377692424,-0.12447798459619085,-5.259815783420104,-6.9678547830804645,1.2053574343785989,1.3721273153303832,1.5492539408559576,0.4937844536589362,3.4270104326924513,-2.623396967437431,1.536879139764132,-0.35658533543656723,0.061012513919973956,-0.7035673598454809,0.7366644620891013,-0.34288618084589795,-0.2850283009172027,-1.557763131019238,0.07934406287488943,-0.9672406944030076,0.2847209096924786,0.311194213846121,-0.07229420063259735,0.9439176727060321,-0.4064171954916739,-0.413623044001272,0.7585448807920405,-0.40369905324081806,0.05465059595380657,0.3360202191987942,0.40740911082453685,-12.397116883387113,-2.5928846842071795,1.3039472419796652,-2.439255468242827,1.0521452720208804,-1.5510399836079607,2.7407268175273205,-1.2551624382418112,1.1646193701781902,-0.18528272892329395,0.16518738801091312,-0.5397298340121149,-0.04241984789246587,-1.055962745569507,0.8093583664328707,0.5206243397141259,0.28222773287531794,-0.8268465942349165,-0.6834082693216335,0.2449056224890039,-0.542081811823195,0.19658953422995204,0.40633421810976356,0.7993443784262851,-0.011129963564148722,-0.24269943221069046,-0.013407262973183677,-0.3658338765472115,6.519139975440842,15.560873712566657,-9.025342021472396,6.030634708736613,-4.2748596459228505,0.2908970671256093,0.5207129872924834,-0.12619766748614347,0.6667685382865401,-0.5259464931708223,0.26722803014739605,0.4139113161408054,0.5680737252005604,-0.462718414906427,0.5948355088851219,-1.3792295350786434,-1.6180661111070964,2.635707115984552,-0.41453480892135386,0.17750980624062293,0.09032086754611113,0.32306988888371013,-0.1762455781803788,-0.7167019245114782,0.26155757029053545,0.44322939812089573,0.025815103612786754,-0.10533835303173406,-13.922370240301525,-22.896398056699148,-17.813444704169093,-16.27132752337481,-17.37856974959318,-20.616125237946278,-21.569473966330083,6.8227820769414205,-3.344114897076241,6.532329398074195,-0.6369711491726424,-0.5661773263566434,-3.5143022781073263,-2.130557595873743,4.090406789514261,-2.3399033197037875,1.94489103416102,-10.528114454189067,12.991113680208349,12.189202433576863,1.410237449807441,7.964395791036568,7.820100915357394,-8.856007142747117,-5.657162463231737,-5.2868068537502175,3.8901116108873315,15.382480695683169,11.785973611204822,16.920076285431122,-0.4916680999628805,2.447720023991393,-18.526218904140833,-8.748505045111068,-10.74509082727948,3.112119005489392,-3.4343945745947484,16.0013695587555,7.362044232546041,17.396747640442072,-1.089537214960365,-22.516126826569256,-7.466315143415055,-11.77002050780708,0.8580037880899457,-2.7047896216983682,-15.22201925832254,8.84969012148307,-3.0840582685155615,14.224189108156981,-12.02204065049945,6.436928113263654,-17.287792066654244,3.7955415523152682,3.744096442834804,0.6372891003099316,13.396818077227389,-17.285158790088676,11.328688775533921,-7.067281132513494,14.894240113277881,-13.160426137657128,0.9269128703531958,-15.889129883374142,-0.6484273301188849,13.469137728167745,-13.286517827986287,10.530559915441248,-9.437568545468766,0.1894499074129582,19.141802556420913,-3.0485904900083116,2.501363625023381,-17.85429710655302,23.044730014102306,-0.8689302590966971,-7.505605174370307,0.4430357774742403,12.88986766160223,-9.153840812288937,1.5417128643219016,2.3306165526067133,-11.097085393014053,-4.712550667156214,8.931193318837243,-2.2821017279879796,-2.027948452980579,0.5521753492218151,-15.580251334769674,-10.200678745755507,6.790361654319348,3.1478493098433895,-25.594921958279656,1.635836313669859,1.6113347147721377,-2.402363804862285,2.017471476022224,5.198918587344092,-4.879985098715102,-23.737669936875925,11.4146306445392,-3.7049135098317074,6.6965101453682925,20.92491875199249,-1.8187211092252777,-7.477356746246308,8.041889512655597,19.227390694993712,-11.219095641422257,0.7250488127164422,-2.2589386075241236,-6.757850533421317,-4.476092714977374,17.739168482908028,14.851676944337218,-13.803902883507165,4.7525911389556015,-7.47437768904505,-13.878858170888947,1.348261666474711,1.5176363950601475,-1.117215743099207,13.357537198976821,8.820601044105292,-3.7018700127710282,-4.337437676993449,-13.205182960146955,6.631038400504948,0.6965969498559923,-1.5208450477031465,0.5025237592486085,1.9614954460638419,-2.631372888233016,-1.6966011420806313,5.880049713061599,-5.6897820226605695,1.4516837493785164,1.4335258521551286,-0.997170060674658,1.5700994256517364,-1.6830925373568424,4.997285169715188,-6.02473347879609,8.49149532220815,-3.339098631968315,-0.5726818267106392,4.366037478338478,-2.625867643845512,-5.551411312770826,8.82796520483871,-3.938804132777649,0.041712581331612306,1.1559203173822281,1.85541146907347,-1.3208614681290978,-9.465842117800403,8.330877647604654,1.389459826145056,-1.330396582725005,-0.2133771845748707,-2.2557740273353555,-1.6570203855741263,10.69917534568872,13.100596869885276,-6.660162007459623,2.7056307935703994,0.9189951141454641,-2.1371575318131675,-0.9167299231778979,2.015273287331659,11.015477716739149,-11.588905614460769,4.354263938599496,-2.3948529789905204,2.188027309265015,3.164734106401619,-0.631690863763671,-16.010867141166948,1.6135278226497336,-2.530790986165915,-4.244204822189087,3.1442225174434535,-1.3150344222156027,-0.10733939999939979,-11.46674836454693,1.5745241242850274,6.410520816833622,0.2676492989657642,0.23830695185406575,1.8274428938848402,-1.9310434922822506,5.575226520166695,9.060579174532984,-4.601885969451577,2.5816018155466955,0.6390163907438332,-3.365730849468173,0.9210415667185821,3.7884609059980914,10.2628175389277,-14.40097595191163,4.647898479150109,-1.6973885882634234,-2.294152239092542,2.7878327880610625,-0.1971164553516976,-17.291129827286248,2.8847506208705194,-0.4872739922322887,1.2367081390705843,3.465418535133471,0.5415860344985274,5.452781468003677,12.13109364601565,-13.383793370954853,4.762658501718386,-2.07897150782337,-0.44272216019097843,0.923938093647115,0.03107763559418912,-0.45950072379192775,1.8677902070590293,-4.026183432563229,-6.0601749319217255,0.23081832968382526,-3.9046353088986177,-2.9683676225067672,3.2970658345956116,-1.9546380913580612,0.22172316850723234,-0.34622688459716133,-1.6329196619842816,0.29677574166707077,-1.228671088700301,-0.07689016085731532,-0.07826608448711726,-1.10765711410564,-3.7885126226560257,-0.8138860776440802,-1.0267924895984675,-1.5755876171169134,-1.684696174179038,3.043167142131959,-3.003513393662955,1.6014165873544537,-1.0381177440133356,0.3728101444631923,1.0186856154746928,-0.05439513590431478,0.0535620098333692,-0.4318355535429488,0.9633308615479227,3.5538122307810793,-1.5337412554738317,0.286005585286539,0.30093582413696934,6.3139818337672615,-3.2057269375443864,0.462398917458769,0.9220244736928116,-0.820204589749596,0.849944638592962,-0.4376322741177318,-2.1916125640965594,0.3354081968891525,0.12681701625745093,0.618034665103411,-6.083897731929446,-1.4371493163798612,-1.830641319315211,0.7424135134657829,4.316655869607791,-2.151270116071346,1.1146431140393567,-1.277110061281312,0.8931362784035334,0.02588309977464487,-0.5142708337977759,-0.7833247220093938,0.8004044464218133,0.5456566337797395,-0.18029954005842466,-1.1757264327316839,0.6175170794736483,-3.016042687225521,3.049962475856799,-0.16878761618824834,0.7053855226829908,0.3561153882188458,-1.7540532065194558,0.3636774593890181,-0.22966011518253995,-2.2069819842742944,0.7033424018910943,-0.2315142601192697,0.835684933497012,-15.252063633861955,-0.4671863575017915,-1.9717396307846016,2.619219029859309,0.8846907436920448,-3.6228814310003323,1.3920063558365898,-2.0283242084927973,1.464952056795695,-1.233780920760774,1.3083026524705417,-0.14732182614921688,0.6002217389370583,1.001996239751492,3.2001178999383244,-1.934650018775801,-2.7755940750697077,2.652205362476633,-1.3394160360174665,1.7967588953460762,-0.19048997582567184,0.15654661561968627,-0.4597985207351353,0.8596181603498726,-1.040585300924639,-0.7411955681204356,0.31891737898387307,-0.3045745790892976,5.286840811999507,22.33488646761177,-7.566874575097227,1.7651925010745138,1.6597377097549337,2.8058838583941426,-0.044144214114932245,1.4613048008966523,-0.7731314668651688,1.169666866921166,-0.6787998859858265,1.07081043863364,-0.6085443106732629,0.8438281660954196,1.324335318702838,-0.37549592369008195,-3.994502922342425,4.9469573617656035,4.632664971067973,-2.1250286332606585,2.310897149674749,-0.7679957071227876,0.5893253553311427,-0.46557522604371865,-1.054137499281637,1.5800551436545711,-0.5506245040901672,0.48228333499493226,-0.06802019370562165,1.1767137246561543,-4.043981165442818,-1.0812788479309232,-0.5989227492945988,0.3639660756188194,2.146271010773739,-1.425861003751464,0.48687403179703403,-0.4669582682950824,0.4825228471880788,-0.32739568115590834,-0.12040045771242698,-0.0383392140617743,0.4942604296848421,0.8597660407478953,2.505635936887978,7.971173771582575,-4.9483136385674085,5.234299395904551,-3.3480785063786835,0.6686759623806336,0.34012094770725027,0.9207389689373832,-1.1891268558148569,-2.765718010166453,-0.8649798052972245,-0.8853669963525761,0.6695316183712516,-0.7850460264011132,7.284248388327612,22.228229198905016,-8.45191806545332,4.25201218259072,-3.378158597860162,0.13442791048826885,-0.49771998285540864,-0.2711716273693658,0.015154844761574268,-1.5620886897950121,0.27417265695236087,-0.41862379231804486,0.22681084881888097,2.110745631821039,0.4351259890829498,-2.182901872478797,-1.813553361584295,-4.486948933142314,1.951561688179609,-1.0982620022291891,-0.8566726966985712,-0.7183901215922107,0.6341062114125261,-0.015024253549573072,0.11742882675074892,-0.17009591975377064,-0.4898219992144722,0.9703214502689418,43.41024467655053,45.84419352489493,44.79291111177189,43.74518678376613,44.5462937305486,45.98435873353793,43.09788322648045,43.409354252961734,32.58078210558081,40.32007509383538,31.656301644075892,44.23308564836774,33.69715158713606,45.465951116734544,40.8862685154142,37.61814587996142,42.76117843376452,41.43996656629733,26.692540593991595,24.45824077957392,-0.27233700817630246,-1.9938960450182621,-1.743564439484122,2.8203067441701712,8.48897339482038,-2.623288220232307,6.4614157520801845,0.19792497891255695,-9.090259524858933,-6.212496175379242,-18.69183083342902,2.86199727168047,-5.651391025416427,16.233816192620562,5.005900728778612,1.687461008855716,-1.9993169217178708,-8.745584998196085,-13.517711078771887,7.311865343896996,0.3217265743494394,5.6947203077322115,2.267147892397422,2.6529840573949137,1.3780239557230423,5.849351762268572,-2.456763112140983,-0.8752729280060816,-6.910072082699172,-2.9424531146596546,7.7049038104019125,-1.9876120252923901,12.53949914077254,-10.610888350946764,1.7414827256287073,-9.84266888035109,-1.6871096659306484,0.20827858026030427,-10.024254204264345,-1.0529404723233298,-10.54585473591155,17.47990649120684,1.0565598747042524,17.56942657745931,-8.497629160108641,-9.284237129406815,-3.0231441541937882,6.143959867839654,7.233622409964931,7.541304265753563,-22.462391574864906,0.9024668242512253,-0.09512396502376246,4.913245442320579,-5.161824329728656,3.5503239739894985,-6.170294615455789,-1.8957482503565297,-5.379921835387121,-5.060358502414713,1.8092277614694097,-1.0801632039664817,-2.1563902434300553,-3.235148808130485,-4.4891411099893554,-2.981375402168044,2.0980826610855443,3.6002151420494912,6.405779570521121,-4.348204741780054,3.4088485171832295,4.500662488146842,20.461711734670303,2.02633414180176,3.3058053283301816,-0.6583079686055323,-2.9673494613043023,7.521673829042824,4.114631514827132,24.717830833397862,-2.0216451963825084,-1.1918174521694598,-3.3925960031977125,-1.2600523402034292,2.275017647124612,-6.611669364941961,-8.320194918072398,-14.940329199148032,-1.766629760551232,0.8849943810171137,8.14204344199384,-2.424879483351109,-3.6117559755858464,-11.950348232081252,-17.44049241039765,0.5128329462870631,-0.8627690262167549,5.45610537987536,-2.741675468265224,-0.6685576262246319,1.1870147520430057,-1.0789968613558376,4.47379186621553,-9.630538080036622,1.8666461250118922,6.6718118581139745,10.576678986002356,-1.1815860303870758,-0.1590809824016931,1.5193290427989403,-1.9826412937808904,1.314543263832595,-0.1654938161547414,-1.3382374333030889,-7.000615982105308,0.6417606300836698,-2.9068164079860823,3.5116240653961976,-2.79059178757793,-0.08694146020592013,1.2809013947832733,-4.5415555894156165,-1.8786059797359829,-4.416773331389605,1.2053917926265707,-1.4845291733692738,-0.7289902716224681,3.779473775325087,17.928679709455153,-5.1718680264827155,3.627134877727199,-5.614604368972658,2.094275245336523,-3.23510271869208,0.987736584889374,8.00649947311427,4.047695760481657,-2.236951626825268,1.9264393512561995,-1.8451473385622816,3.733120466061677,-1.8188042423309736,-17.810668690478398,-17.490160454691118,11.991467711862605,-2.267270261927822,3.7631632504687507,0.07212402666949926,2.3916873551868854,-1.4266427471884953,-7.011171297939676,2.9519837463126377,1.0245327851694779,-2.0718745030044285,0.5447881543313249,-0.189415670344077,2.437459701221811,31.462923776761457,-1.4239721141509962,-0.0902202730290401,-8.791529907161532,3.232323767500696,-2.5541952947990714,0.36376570270889347,7.348478201857679,4.030498795317065,-1.6889645802901005,2.0172155959971128,-1.8775160574826604,1.6999196313273952,-2.218024042029121,-15.349420715327634,-17.826764986941974,8.791468751974477,-2.411674339229784,2.3930317693435335,-1.8316282355196416,1.8366955196356427,-2.988661946604418,-2.702112497743771,4.289250622596636,0.36878456826604744,-0.6200559962501722,1.7824288266323616,1.0079399246053067,-0.12036038777977484,27.195902795578696,4.3865678833969,0.5574250996492969,0.6279541452663308,1.050952869620039,-2.008085177901067,-4.876696179100671,-13.82671738193975,5.256807692765673,-1.2696969213097533,0.17872195708947777,-0.925469131219677,0.8676752520764583,0.2499258678500359,-1.10308525322069,1.5374862198095254,3.469267747551893,5.524151134863234,1.5634001306234393,-4.4934671715448555,3.038533618974657,-2.2545375091565414,0.3606393105900515,-1.1381107753643358,-0.40034844923597096,-1.3115447576566253,0.35469648418942556,-0.5710810816610382,0.006604751379429067,-0.014746832231293267,-1.592589612045718,2.9157590040530796,3.8750600841772433,0.004026672796844918,-2.847197266489746,-0.5001914258857958,1.8127648359603283,-4.238965823148909,2.2793482207384086,-1.3377178769009108,-0.18293817778939261,-0.2587968407289885,-0.12804098310421128,-0.20466444038541892,0.38847854685754984,-1.1281998717248058,-4.182917510060319,3.1728838344472687,-1.017796267930372,-0.8085819331233378,-5.013109841402225,2.382878201208284,-1.0167444916039046,0.4928133815905527,-0.24486274080193873,0.6354452317340306,0.03198336436978208,0.17921864196926723,-0.031028725950265453,0.19923239133627876,-0.06062778715457949,19.345309109087996,3.5242266880855047,3.814003597737688,0.017808904697413537,6.758816433424409,-4.501866366080812,2.3128331485751668,-1.1878104657531232,-0.11459788903585283,-0.045744195057457006,-0.1814530571450126,0.854886834870072,-0.6991302526605686,-0.1384414878352829,-0.07145214586376236,3.608795899244227,-1.1109233061588208,4.544904002989866,-2.5498096093979576,1.036728863386195,0.17375756339313211,0.42177335049904546,-1.5168279639306215,0.11554682367325787,-0.7678090472652958,1.1973299408137876,-0.3570188368536353,0.3211946325491305,-1.6717408211277844,21.965757300681144,0.010456381368625374,4.517205374015255,-0.5809081975049932,-0.08110332631011744,-6.085467620016669,2.4711941211912,-1.7215502039820025,0.5658260512693467,-0.17173824310772962,-0.3446015587952238,0.057975252220747425,-0.5101244446109207,-0.9916929662429267,-3.6282431051080364,3.990995615311813,-4.917513326522822,0.7904319913361997,-1.3579848552247578,0.28376425758895013,-0.008946759530658736,0.12639117111043383,-0.35163569106373666,0.3598133862532673,0.1866407592118858,0.37947029379815994,-0.3538346683544017,-0.15762746729737975,-8.425041322546221,-8.587385630176492,11.303038897558276,0.20706254583395928,0.18597980574249778,4.646652155228619,-0.18893501937465282,2.7970608733099596,-1.7706004500739332,1.2191208593064622,0.04317852978418843,-0.26292083908315467,0.6038118749670106,-0.6846492299721305,-1.1603727536906614,-0.6948631620775659,6.61026225074911,-0.298777737917901,0.25953137119705805,-1.7014014154578534,-0.19322373647987662,-0.03453491302298833,-0.04454311026963323,-0.3782870288205773,0.19318778077738383,0.36369051246488565,-0.20802849873586693,0.03377010590262336,0.3704351233326412,-2.897784722962493,15.00792978279654,3.265039176946321,1.3558300091894837,-0.5666002452898098,2.95736531891697,-2.4744224981945484,2.3673768231649452,-1.518266912364225,0.47580038598480456,0.6379195537794298,0.2777558368985849,0.04001435413939541,-0.3097148145228523,-0.7251179203228245,-2.4997617371785448,-1.86510039377416,-2.806074394776133,-0.023438559728191966,0.21598245612083036,-0.14385469195041548,0.4872006499573677,0.6802064916487476,-0.41907501855239804,1.134417585705389,0.0004521994098320506,-0.21362394707513033,0.06844708719798157,-0.558629947938362,-7.195102766254144,-26.563755798226932,11.482417869823,-2.5542895932528835,-0.5232848491847014,1.5110087514381632,-0.29464799882910947,-0.47118523491781644,-0.7049043916564901,-0.24059969342044393,0.23481261100240478,0.4142011145453054,-0.41786413493716945,-1.915794800641895,-0.5831925209866862,2.5387665695913233,-2.971973688579622,-0.9707333487476745,0.7014936286826393,0.30584044908276087,-0.09773083267706015,-0.9625674287213936,0.4978387389690287,-0.1482095294695167,0.07556282887800761,0.07870547565394756,-0.33226776218832677,0.8606634446352808
17,-25.874770660243648,-24.584052396592526,-26.304125354124107,-25.095104584236232,-26.6318485200905,-23.58796486176701,-30.434126860302655,-4.566414634363218,-1.5707218117338717,2.768426216837563,-4.473016634103054,6.147096408135402,-6.950555258211665,3.7366885200800395,-2.3399430595386796,4.770216539183784,-1.4589300582034954,2.0606264398159486,-10.269173623913277,-15.894405819402612,-0.27017146888894217,-0.2712871942162789,-1.7980230166765663,-4.371588182156423,-5.358342662539722,-11.589319213962936,7.366024426895161,-8.057982484044455,10.839800858863024,3.505893069722295,5.492677428737406,7.393462569035954,-7.485405573491204,4.766949353753476,-9.719266668558106,4.445942971509367,-2.1677291700136063,6.4393885007958644,-1.799546221172846,3.8094039826421264,0.38294313214071996,4.448794989550872,2.117315270563093,-1.3555412896370518,5.16397591966827,-0.18724991599548335,-2.151066301743351,1.2732482806951106,1.5687121589794,6.9620696462649985,-2.2642504349218906,2.246998606486596,-14.329989548687246,-2.5012322902233963,-4.130441995831921,11.394340701482882,10.261723298094749,2.8660007588608076,1.3265988521098944,-15.218024537153134,4.679789870427104,-3.637107820831874,5.041333234991153,-5.962900389609311,-4.303917723638777,-4.651175597609552,-3.6390338978733974,4.623203895225684,6.29469282013066,2.3095073790307836,4.8484944736145845,0.21716130770773465,-4.197683721464937,1.1835230433174002,-5.283002736915024,5.280062764798323,8.441350031688101,-11.322236565991606,5.756793543559189,-4.330769713846901,0.1376838997752855,-3.133503522404042,6.842206063374235,-10.087602686034456,-15.521862011954171,8.064996278235105,-4.665474172462486,1.0592465937857252,-2.0058415820479216,4.615830802121322,-13.349888633690693,-3.8200458257213175,9.312197171497296,-4.303022898854189,3.210363907921784,0.23067179842313537,1.1726165666501251,-6.19133792349346,13.869021509583174,4.907898878804557,-2.2024298841066696,-1.0373113271027712,2.2420321282970326,-1.8652565227182532,1.1938686472600484,18.320384957007498,-7.1943794138172334,3.3578074464623717,-2.4131169708983546,2.2555350201698703,-7.375557497903832,8.836664943070941,-4.159536483888598,-20.324774300233344,7.402142729514422,-4.915633556373214,5.494429783426122,-3.0852359698021368,3.1549229688095974,-7.5358141469081135,2.2108290082223117,4.342749283336219,-0.7283277987156548,0.09437130916830692,-0.17138413144443257,-0.10833802829415176,-3.0328724601409727,1.6019485454349431,-0.8022600157886979,-2.0774454422247834,2.572755885873401,8.000624525076093,-9.613783981448979,6.966941403878344,-0.5615120654235182,-0.8911595349991158,-0.8950022714305205,0.0177255503615596,-1.116060370426033,-4.244484158734904,3.8424915746390136,0.5591874763677873,-0.2535340127607124,0.8433937133427658,-1.707609837189306,-4.675874318175931,-2.6386768399416796,6.770078234974383,-3.0214386273147493,-1.2434691411960441,0.2869402758437898,0.5621127035464365,0.23336591820373623,2.9910698973651577,4.15656114485901,-2.500601698599294,0.5321761133348271,0.8573517675769993,-3.1751891599227853,2.6804497238848906,9.220450139395496,-6.153446685369222,5.176381304031401,-1.9243680847535336,1.34706460426779,-0.7194045570493424,0.9217470095784628,2.160717130724004,-4.829625807990111,-3.3894853357637795,1.569959782964508,0.09226210441891483,0.503998804625808,0.6225060721886706,-3.642043163194835,-10.64678652351498,6.699990371539635,-3.3872130147533035,-0.15459064664142388,-1.089294485090626,0.7421356236780363,-0.9901178672297918,1.8231781280172605,4.438407153832446,0.5965761374626014,-0.3944840588674649,0.8955206039799319,-2.6909213100678695,-4.0011348762519106,-4.505418584142021,-2.1234658741399612,1.846651060220516,-1.583332489663655,1.6004326826762456,-0.900803489958804,1.0413749466642475,-0.3806437263540661,-4.284351940077482,1.2810364064632869,0.8540354725298637,-0.43657727373148736,-1.2613317947767209,0.9589616184782063,-1.8350381401963332,-7.936794773280966,6.153273877413276,-3.566401063029634,-0.31624293398631625,-0.7308804004763922,0.514952490375352,-2.2866563519913794,1.2130278681397848,4.538148738116291,-2.0277652127773154,0.49050517230785806,0.0607748523322981,-0.33980022291112444,1.0476542550305348,-0.5833772245100188,0.4444964125640037,-1.4145693557349104,0.5825587577165006,-0.33661138671625257,1.14922469243365,-0.2619436824464562,-0.030888569537688076,0.15220973753211903,-0.6507780347739877,0.6987814345017525,0.2503944206068623,0.2918576426100893,-0.06300695738337583,1.8947648022065164,11.846864795201787,0.1619922094620513,0.6141054324426549,-1.0572335990272086,-0.9320965255832393,-0.3333748804184987,-0.3834040953141743,0.2609089421181516,0.9200156952276948,-0.17359462789702906,0.3067134264287153,-0.21355015115918044,0.2900744752484347,-0.1510628534644801,0.03168937527381093,0.854017211544699,-4.412778454985822,3.3315085488759477,-3.657818479704001,2.0394037779704504,-0.6546392584768798,0.009542941723059155,0.12068958438932796,0.27858738027426716,1.03974395822538,-1.0281624472968038,0.6435172121411408,-0.4614846730988485,0.6887981024562849,10.012538829585035,0.9050212331218875,2.0346565274565953,-2.725387612255611,0.28957928681239264,0.1792700459255211,-0.5340565157063542,-0.32063760844237843,0.34066994941671325,-0.0002844952644297169,0.4233047109466883,-0.30396671107352896,0.07930234896887879,-0.06406080871255067,0.1718720349968213,1.9744003482403685,0.191538739920189,0.6918331985272833,-1.720823148925902,0.8223442829582183,-0.4490318264574028,-0.09935046261478175,0.45428573052848636,1.9069199569546498,-0.26396358999801284,-0.24269075966798206,0.11792019455734833,-0.22778859550818434,-2.502963431754394,-2.934141768506306,2.7645092048921445,2.1989513049914717,-2.885774429837523,-0.3863496626710343,0.3689032024537089,-0.11354620453621374,-0.17529074339045106,0.31384403313722486,-0.42966091473302503,0.6268647158340852,0.14080908794349584,0.26627969197893353,0.5785108247939562,-0.8085881943063347,-0.33620913215363823,2.1114183199579832,-0.5690347445307619,1.1634248935346865,-0.621191973189219,0.23621132914542833,-0.044483594365614006,-0.1240171455465233,-0.1819546593043523,-0.9811914047366066,0.6093936860207804,-0.2757148684569047,0.377534140592735,-1.8420576964051076,-4.855830694096482,0.5672207217932975,2.939905767424548,-1.8737082816589217,-1.5154851023614926,1.6006424875136749,-0.7695656827402195,-0.7565526858117131,-0.4039317021181049,-0.29496760813775924,0.23450554740920654,0.13273351181945817,-0.00037136088586722793,0.4753304382929737,-1.2733758797920032,2.2350054105838635,-0.5255904819134842,-1.8751414062349805,2.228761644271031,-0.5428516708121106,0.3109937901434381,0.15982238284735242,0.22483560988414886,0.8068359035281903,-0.24376134372018127,0.4621417633862261,-0.04942503816841459,0.31342888740395664,8.051434058930429,-1.5722931750347564,0.9863245713340587,3.0742222849736707,-1.4080061870895153,0.24397640034192658,-0.07784317754370734,-0.2828599443050244,-0.3085069903211689,0.396173165475785,-0.500508924755758,0.4132956305570138,-0.07336432225437371,-0.27343613142984113,-1.256070656003288,0.26814094810285116,1.924517298461476,-0.3928234123752326,1.3977751503359106,-2.4961615111402455,1.3208583808229757,-0.5438281979611129,-0.019390288224937373,0.02961311088162668,1.410844470946745,0.06891828465234397,0.33673849675748185,-0.09572828732057384,-0.1502796853931316,-1.263664405184173,-3.082221216279865,4.19055870922818,3.270414102167628,-1.9858482216541544,-0.9469010801593362,0.3058959887468067,1.1646865349575957,-0.7797319929783506,-0.5834152060772798,0.46682115909889327,0.4068505211731518,-0.14872857345078033,0.30242619423641776,0.8505064371781358,-1.2656560702033908,0.2882208762057312,0.9712913932663569,1.7020214559356086,-2.8895849217805236,1.1939383608055025,-0.45725702582854855,0.02103689700769293,0.10282057559315233,0.749947617671615,0.41074330510261103,0.11109152738791118,0.6085530289738201,-0.43574410465920876,-0.17879571334157662,0.5071561113134521,-0.26815507947328787,-0.5526804261023244,-5.230366260055404,-4.862718813882773,-6.572133435907933,-4.646556233790968,-6.280309164626837,-5.284802638014491,-5.922618791708095,1.71563183516604,-0.12298793978336126,1.8759726594267518,2.1910826239132914,-2.8269521699289406,2.9826235627239455,-2.1769828999004828,3.503549146865316,-1.765543111130174,4.550541242040022,-5.282373450672118,18.78851110877093,22.868263145848875,-0.2793119052945951,0.02154633403488105,-1.8688268715383927,0.14721777104829742,-0.7986270572480743,7.545394361386042,4.058052883674613,11.712040663648125,-2.3237953391125474,-1.3860561141338124,-9.660460734256226,-7.005067280504853,-4.644494910667873,-6.296654660146053,0.17790369331488973,-2.402262401841418,0.6959030719590722,4.827633204188668,3.431710430726665,6.948488336650076,0.29821968115538866,3.784853566855858,1.7379033325662048,-5.291863467086603,-12.7825780597229,10.99409650103694,-3.450900253279942,1.6767986833670858,-17.13863505817004,-3.6894680999751666,5.847364081535445,12.619798329739112,15.103066187179769,-8.488656169616325,-5.659943318855329,-24.49174312970906,4.372054399093698,4.092289789999748,16.274346392273763,5.807417326141142,-6.1187371985033305,-0.3723769545049134,-2.1066635097808524,13.158705668957493,-5.909847203484003,-0.42617688640548046,-7.083323429343573,7.146325987254207,2.2725172393451323,1.7582607245679218,-10.88880561698129,0.07293563484061559,-4.303688301563263,0.3060228107492604,-5.586661432392085,-1.918408606695597,-22.646403041446586,10.253189171089948,-11.13769525221274,2.415194152455336,0.19319088183819996,-3.1337042474808827,6.040933697241798,0.26925791407756866,13.455361067965166,-14.018943752392255,4.457603254369756,-4.594852979696229,1.656729143587341,6.319991702900327,8.421306915608167,14.502952955339,-8.863661728942892,5.19543654478405,-0.5663470390071783,2.595553415565693,1.8521140336381905,1.1789798094545172,-6.7131310938713575,7.049954314978308,1.6997016119306327,-2.353493772352748,0.9495852050823578,-2.447239878160876,-2.3946148713899897,-18.939919048560945,-0.9622476813346168,-4.807351100237395,0.7227815205812302,1.6476646396806807,-6.26517492200363,2.242835948599026,-8.376933991691754,7.5471658358735265,-13.500285636580877,2.7627101226077353,1.2400101412150497,4.15299599621204,1.9593675309146326,-0.8264331413403707,1.3345174145223906,-1.9782016694287712,-0.9293942582378475,-4.794522544635786,-0.012166200860872679,2.0152731880717303,-1.5157338491062895,2.031299394318902,-1.3070848124150085,-0.21973205964414355,-0.7182121428385757,-24.27518582413835,-1.7990562371283016,4.470472852250199,-7.195229778935314,0.2760658793955112,0.5411011141584424,2.3556098329211617,-2.809629705952169,-3.536449593122775,1.961939546550678,-1.9015028518918982,1.9609011312366817,-1.673168336616935,0.19645139668737951,8.69502698607048,21.13515461810283,-10.324992576348002,0.9486526293204629,2.4745059269087766,0.4119205183298506,-2.7575802105857443,0.3993821846242671,1.3823435736414547,0.457223194948765,-0.32471612038210496,0.7341613606330082,-0.4942943589992491,0.4889115403238655,-0.03355616383880617,-16.562412656416996,-3.1501486256866493,6.790156859923837,-0.22903730255355426,1.4128600070806496,-1.3407200818226532,3.099352408232986,2.4254285710611674,-1.154857875282702,1.2563290817693018,-0.611123189632237,0.6463158262271322,0.15124130410012343,0.9834915013568782,2.1177929596669234,21.857345803987183,-9.954568263179999,-2.0482566590403466,0.9237895810079924,-0.2326204995629561,-1.841845623485093,-2.736173175328541,3.14574135252201,2.8213329795344104,-2.864710878532639,2.628924967740951,-2.151757343693602,0.7777392551123641,10.241153391851483,17.75599392651545,-8.619368564832008,7.0322751841840585,1.085076087749785,1.984851843412583,0.14572779648145107,2.6085813962908078,2.194206739879757,-2.7462756373202666,2.174024132354812,-3.764926776290217,1.1051932132690807,-0.46853271847298067,0.18477021260267615,-3.868844106612919,19.26135841502092,-4.3527790360331515,-3.6803402812419943,-0.7583348424278533,0.7619681604130863,-0.1773134253542235,-0.9364642400289452,2.5500369793146622,0.5853189563646307,-1.4598356723065498,2.6425034120231503,-0.8490254576102214,0.055033552358820376,1.1731066264494638,0.4043959678330059,-1.8608839944148639,0.24320017513513542,0.060072041080818164,-0.054640918233791226,-0.10931776381764476,-0.0004611045810844448,-0.19138485315848178,-0.31504670614373653,-0.007896297101027199,-0.07717430385693182,0.1365857435942252,-0.2909658905071176,-0.044033036377692424,-0.12447798459619085,-5.259815783420104,-6.9678547830804645,1.2053574343785989,1.3721273153303832,1.5492539408559576,0.4937844536589362,3.4270104326924513,-2.623396967437431,1.536879139764132,-0.35658533543656723,0.061012513919973956,-0.7035673598454809,0.7366644620891013,-0.34288618084589795,-0.2850283009172027,-1.557763131019238,0.07934406287488943,-0.9672406944030076,0.2847209096924786,0.311194213846121,-0.07229420063259735,0.9439176727060321,-0.4064171954916739,-0.413623044001272,0.7585448807920405,-0.40369905324081806,0.05465059595380657,0.3360202191987942,0.40740911082453685,-12.397116883387113,-2.5928846842071795,1.3039472419796652,-2.439255468242827,1.0521452720208804,-1.5510399836079607,2.7407268175273205,-1.2551624382418112,1.1646193701781902,-0.18528272892329395,0.16518738801091312,-0.5397298340121149,-0.04241984789246587,-1.055962745569507,0.8093583664328707,0.5206243397141259,0.28222773287531794,-0.8268465942349165,-0.6834082693216335,0.2449056224890039,-0.542081811823195,0.19658953422995204,0.40633421810976356,0.7993443784262851,-0.011129963564148722,-0.24269943221069046,-0.013407262973183677,-0.3658338765472115,6.519139975440842,15.560873712566657,-9.025342021472396,6.030634708736613,-4.2748596459228505,0.2908970671256093,0.5207129872924834,-0.12619766748614347,0.6667685382865401,-0.5259464931708223,0.26722803014739605,0.4139113161408054,0.5680737252005604,-0.462718414906427,0.5948355088851219,-1.3792295350786434,-1.6180661111070964,2.635707115984552,-0.41453480892135386,0.17750980624062293,0.09032086754611113,0.32306988888371013,-0.1762455781803788,-0.7167019245114782,0.6317802292442439,-0.6862122858653636,0.15709298689757403,0.0754325530378489,-1.1238745240716523,4.031929365085494,16.17986821041143,-10.380554320212875,6.665971330346792,-2.371299501360769,-0.6664378909980669,-3.154938298090067,0.9988015472560681,-0.2870065542368842,-1.1053777010641905,-0.03429079625399183,-0.17184722310022088,0.8043961373315057,-0.6742095448560738,-0.6221395300831456,-0.8717735220959009,-0.867888202869602,1.0850748028070392,-0.7264164453315978,0.2729671616258632,-0.05075516428104743,0.5117528783547439,-0.0830562701019833,-0.9943895504036604,1.1240173466372139,0.16362181889294886,0.003267645908574834,-0.12890525338044032,-0.36074897526902205,-12.65514496544212,0.2626746902975134,-0.10353814017124283,2.6108891080714507,-5.12055399593065,-0.5141654116420089,0.5718500786083388,0.3425534998502695,0.504138847619617,-0.3917032365567249,0.3568186414877317,0.022689274812177047,0.1949818295028775,-0.2793804124550642,-0.9574631884325628,-0.5935566306368167,-1.707914425948362,0.4356750063253215,0.27884232723711166,-0.4711827746564925,-0.014660908998784356,-0.13044692782936113,-0.49576858245751115,-0.010060562873121187,0.9117957220333368,0.007894980812599465,0.02268309153443463,0.031169151677465513,-0.42471862530526017,3.8666518200017617,22.36566496054076,-6.48065059020228,5.167686312804184,-3.5033295160481543,-0.9036443338802174,0.6673736332339213,-0.13625966785262936,0.8629699368155694,-0.8670019534463934,0.12344459230211621,-1.544450064427852,1.7567333924905841,-0.7990645263420356,0.9824180577317831,-1.1318797705175225,-2.9831022262045095,1.2919341858333808,-0.5770555478103041,0.6109606188444071,-0.6099905504601273,-0.22459134207862036,-1.090306218719113,0.23032503859405154,0.004484823323802078,0.646935396968934,0.07366332012719153,0.10997537769819427,0.39663015938424784,0.3610379976572051,-1.0854603317692584,0.2708053549496249,-0.2633509123726724,21.45802167983615,18.705905291238395,21.44435386968021,19.90870194049642,21.975131791294174,18.172805901415696,23.699580393466846,4.175786250001803,-0.3415591080977558,1.5634649047112696,0.15000902297387042,-6.571111415997185,2.023606739279413,-0.5241219674625336,3.152391325901707,-3.441192712598441,2.4332647008636634,-4.125211154814594,10.787957203411125,16.5547003614788,0.44098998420751706,0.6658424775466223,2.6737266266493958,7.282014670276669,17.260489203571165,12.243207077481218,3.015003316067259,10.642237760253728,-15.459379901795886,-9.690079470072813,-15.61633349274908,-6.657096942979256,4.319653954989081,4.939390318466135,10.38652273139726,-4.558090566652135,1.8524074126651018,-8.288788006522099,-6.900413271655359,-0.06879104127752159,-0.5949863531322028,-7.139963739874948,-3.388782529216078,-1.4989972304447154,-15.350153877563733,8.962044039273863,0.4326787186983292,-0.7413918844324427,-4.562969365980659,-5.709383192596218,15.675259684932579,-3.168347969394184,21.13471786531473,-19.558869208705957,4.511589721853487,-19.243167946814875,1.4457538319991468,14.59225954877537,-1.8148323338862615,16.19346184250029,-19.202541117132082,10.831731000295406,-8.257022217615738,17.821792405430745,-4.605758691041182,1.8307709814743325,1.2408162587398235,-1.3783709926638763,-2.710905138301405,4.966746466775484,-18.8693519513521,-0.39871841794485585,6.171079799743216,-2.4070780272716332,8.086808695312023,-6.068702733561013,-23.703635037464018,11.48546301861103,-3.7049135098317074,6.6965101453682925,20.92491875199249,-1.8187211092252777,-7.477356746246308,8.041889512655597,19.227390694993712,-11.219095641422257,0.7250488127164422,-2.2589386075241236,-6.757850533421317,-4.476092714977374,17.739168482908028,14.851676944337218,-13.803902883507165,4.7525911389556015,-7.4723770713338675,-13.786767049006986,1.8552004663159165,7.185593233291936,-15.515217110609033,-6.4956934310023815,2.878016747515595,-12.21816471498622,-3.6799637041277773,7.433443567229404,0.7015721428594983,-25.314130651394272,3.047180998471037,2.47403037046855,1.6788890753747312,16.70766551998821,4.717771261284673,-5.3242379596486895,-0.846645448192166,19.824430974790697,-9.321771540066011,6.135970026309746,14.396099953229085,-9.335246945539383,-2.4730744969503915,4.852202728485446,-1.2056740825491838,-3.0503775812787923,3.7213532009930184,4.964066027765505,-0.14610705157031306,-1.7120089144564343,2.9186352657463455,-2.1166965374707125,2.019641374352296,3.2248133591593415,-0.631690863763671,-16.010867141166948,1.6135278226497336,-2.530790986165915,-4.244204822189087,3.1442225174434535,-1.3150344222156027,-0.10733939999939979,-11.46674836454693,1.5745241242850274,6.410520816833622,0.2676492989657642,0.23830695185406575,1.8274428938848402,-1.9310434922822506,5.575226520166695,9.060579174532984,-4.601885969451577,2.5816018155466955,0.6390163907438332,-3.365730849468173,0.9210415667185821,3.7884609059980914,10.2628175389277,-14.40097595191163,4.647898479150109,-1.6973885882634234,-2.294152239092542,2.7878327880610625,-0.1971164553516976,-17.291129827286248,2.8847506208705194,-0.4872739922322887,1.2367081390705843,3.465418535133471,0.5415860344985274,5.452781468003677,12.13109364601565,-13.383793370954853,4.762658501718386,-2.046281018699564,0.4893857538813127,2.0212290538244977,-1.6877782043746095,3.152204979722287,19.409593712711906,-9.34576107071599,2.594254320674061,0.0887285082463041,-3.458729340681292,-0.8672591065793208,-10.46335843404823,1.9229752041540584,-6.249390223848325,5.013152588827794,-1.547317620265539,-1.5384399591758295,-0.6412776401144079,10.131682782218268,12.909333790817971,0.5022209012281742,2.248581193059354,0.9808697913438246,1.7016922927112497,1.26984145293979,5.482306220307181,5.210806348983902,-6.072026836834275,9.615093197801851,-1.521463829818613,-1.0112211389056271,4.388677683617074,-1.8760655119017207,0.693342051499798,18.284157439857395,-9.441002997347214,-0.04301131582821907,-0.7562256817087113,-1.4966047096638795,-0.7861756927929298,-10.025446327059418,-0.7626044239707152,-1.5831917816934344,6.697113627012086,-4.460581629888076,1.2299264210281584,4.04167441378207,-1.6498133875194378,0.6949535167910911,-0.25859545054677996,-3.2007265682165844,0.5054050501846774,0.4737556405322516,1.2845192942711883,-0.23081242613419561,0.19742314354671914,-0.4597985207351353,0.8596181603498726,-1.040585300924639,-0.7411955681204356,0.31891737898387307,-0.3045745790892976,5.286840811999507,22.33488646761177,-7.566874575097227,1.7651925010745138,1.6597377097549337,2.8058838583941426,-0.044144214114932245,1.4613048008966523,-0.7731314668651688,1.169666866921166,-0.6787998859858265,1.07081043863364,-0.6085443106732629,0.8438281660954196,1.324335318702838,-0.37549592369008195,-3.994502922342425,4.9469573617656035,4.632664971067973,-2.1250286332606585,2.310897149674749,-0.7679957071227876,0.5893253553311427,-0.46557522604371865,-1.054137499281637,1.5800551436545711,-0.5506245040901672,0.48228333499493226,-0.06802019370562165,1.1767137246561543,-4.043981165442818,-1.0812788479309232,-0.5989227492945988,0.3639660756188194,2.146271010773739,-1.425861003751464,0.48687403179703403,-0.4669582682950824,0.4825228471880788,-0.32739568115590834,-0.12040045771242698,-0.0383392140617743,0.4942604296848421,0.8597660407478953,2.505635936887978,7.971173771582575,-4.9483136385674085,5.234299395904551,-3.3480785063786835,0.6686759623806336,0.34012094770725027,0.9207389689373832,-1.1891268558148569,-2.765718010166453,-0.8649798052972245,-0.8853669963525761,0.6695316183712516,-0.7850460264011132,7.284248388327612,22.228229198905016,-8.45191806545332,4.25201218259072,-3.378158597860162,0.13442791048826885,-0.49771998285540864,-0.2711716273693658,0.015154844761574268,-1.5620886897950121,0.27417265695236087,-0.41862379231804486,0.22681084881888097,2.110745631821039,0.4351259890829498,-2.182901872478797,-1.813553361584295,-4.486948933142314,1.951561688179609,-1.0982620022291891,-0.8566726966985712,-0.7183901215922107,0.6341062114125261,-0.015024253549573072,-0.530380013353791,3.0439683913080517,-1.4743091480091852,0.8816651690285126,-0.6934208172844326,4.6449958112888785,18.435710637590642,-6.391861200491457,1.942194430416066,0.39370637707706063,0.521885239267337,-1.7367253012196542,0.7136525146985226,-0.5758183305981271,-1.66070382328716,2.328217630748734,-1.2648977944373214,0.555519131430405,0.6082678521508433,-2.6475957064538713,-0.6382368021534274,-2.1640498387273976,-0.31371340302328554,4.143168569636173,0.04796222459122382,-0.47308265770050195,-0.26154954522850443,-0.9237040909095855,-0.23697747589989437,-1.430318929672957,-1.6218614353771514,0.2186581799369938,0.1266185157341498,0.4550664089839782,-11.373642305610128,0.2281247560008003,1.309509498223861,3.1761213103010957,-7.110789521822017,-0.5648580938866509,-0.312189193101485,1.1045478586806217,-0.9121824870922383,-0.6877261714080001,0.23255780237802973,-0.539541208735745,0.33025174674009417,0.32268752860390204,-7.161527871203163,1.5113469320921014,-3.1849176185695,-2.8909618674338056,2.9014359820575404,-2.844915794751966,1.6236945961461122,-0.136060977789668,0.262118286259489,0.00768044581524971,-1.345176455718759,-1.2425942549994322,0.46243965547789795,0.22060502935044987,-0.43194990788961224,5.53242565138223,25.356378284130184,-6.797658108482745,1.0370071722054461,-0.2667208437535456,-1.0599901301402808,-0.06269818413783798,-0.9029259921588495,0.08985808744502682,-0.8159496498359082,0.5154518911960383,-2.6209503563570875,1.295159081775526,0.8011806264674277,2.1188366990211938,-0.5953445135599761,0.06881815482391507,0.9587066509271681,-1.9519545996487837,-0.5167888427782457,0.8042327357926577,-0.22560833647639392,0.714455196966885,-0.590183081331628,-1.2848710731142239,-0.17200092963401584,-1.5261962268665297,-0.2176053532394262,0.21510983504900005,0.021847863623992297,-0.2121920328109627,0.7230550201750428,0.5931075742995072,36.463036397763865,33.55449907499856,36.286184603408834,34.69978784551565,35.6066841831013,35.654116099926824,32.02385719881113,47.777178111909535,38.03887651217873,41.74990321304342,39.5444058802702,39.86244190567539,42.79909415862072,37.01681532898687,47.05479452172987,33.940183967529805,45.31895184865567,35.69889254521874,29.261789547800696,28.392735384194385,0.43316451476981754,0.6085812464323836,2.42353016485107,-6.187103039056379,-1.4571797742269228,-4.228606162994577,-13.559762989099275,0.057848780419184384,-6.945499602434911,12.905603368271962,-1.9246293253701257,15.170684924607034,0.9123472405838504,2.7036724441016826,3.2026555107392167,0.5568312335792559,-1.2421232466896934,-2.5378457528883973,-4.952169416578918,0.2272837784728084,-0.6151145740437002,-7.490808410528731,-3.8297078213520197,1.7466542998409955,13.536906899159094,-11.11517833472265,15.402630964528608,-1.0141690693407284,11.261385850860085,-7.03921469532535,-8.825200077181337,-7.0038222584760685,-13.293070961177165,19.552864709980078,-0.04894460726538652,13.446756795245145,-13.425980076029907,1.0492697387042715,-8.585128881392638,-5.912460912738878,6.328923734525511,-5.855255450222541,1.4442679675477368,-12.959357527143341,11.295842469393904,-0.8974600624313899,-2.1638406333120876,2.802754942659232,-2.412060580080821,-6.318282205243584,11.06968430277421,-0.36748972586809836,6.959532873058886,-2.052302702087875,8.647785205059243,3.8596026021339216,24.759690338441427,-2.0232047619685973,-1.1918174521694598,-3.3925960031977125,-1.2600523402034292,2.275017647124612,-6.611669364941961,-8.320194918072398,-14.940329199148032,-1.766629760551232,0.8849943810171137,8.14204344199384,-2.424879483351109,-3.6117559755858464,-11.950348232081252,-17.44049241039765,0.5128329462870631,-0.8627690262167549,5.455075473148624,-2.857927600914782,-2.1784740540007794,1.9588060994766079,10.19417011914773,3.4356292290296295,4.337510849331543,5.862295305574456,-2.707551534939974,5.1494129471390435,4.925292798821021,20.268065231040392,3.400206622938283,2.692071002604821,-1.8057537373243095,-3.150261162596367,5.754648601957118,-3.1749636472795126,-0.5015700823303506,-12.943495658792427,2.244344817304327,-4.496463416640382,-4.728069391467885,2.939169392947468,-4.7378098790628504,3.6210147147498346,-0.11776163302080178,-3.2683231670040183,4.078294885953776,-0.7917320475769322,0.054222383369340946,-1.250547628405431,3.775180587874911,-2.9221049183122307,0.7363870509864248,-0.20921961925276075,2.437459701221811,31.462923776761457,-1.4239721141509962,-0.0902202730290401,-8.791529907161532,3.232323767500696,-2.5541952947990714,0.36376570270889347,7.348478201857679,4.030498795317065,-1.6889645802901005,2.0172155959971128,-1.8775160574826604,1.6999196313273952,-2.218024042029121,-15.349420715327634,-17.826764986941974,8.791468751974477,-2.411674339229784,2.3930317693435335,-1.8316282355196416,1.8366955196356427,-2.988661946604418,-2.702112497743771,4.289250622596636,0.36878456826604744,-0.6200559962501722,1.7824288266323616,1.0079399246053067,-0.12036038777977484,27.195902795578696,4.3865678833969,0.5574250996492969,0.6279541452663308,1.050952869620039,-2.008085177901067,-4.876696179100671,-13.82671738193975,5.256807692765673,-1.2696969213097533,0.16009775992797023,-1.4235654109012912,2.115729722898911,-0.47680097161899715,-7.190457338765899,-27.684998444133278,8.09296069628443,-4.707325456215385,3.1669528230345465,-2.929839581080574,3.1775734023081634,8.695590719858464,1.6513801106975738,-2.7427579883797795,2.9685474198226536,-1.203548978322004,1.8479563486815669,-1.9587422419628002,-16.067970146096457,-14.556525873162771,13.005674765605344,-3.548482216472234,3.0855199589989444,0.8935214026815852,-1.4164303671214251,-5.577008968888109,-9.443461497038976,0.25157300041090475,-2.6095217363806684,3.4680773478939173,-2.742877877933299,1.2408426851559666,-0.22737830612108087,-4.287218060075919,-25.85889428432394,7.178417722072089,-6.312219326044249,1.6278089733057133,-1.7272104191857498,1.5030620074140768,7.148944908307826,1.1073969482397623,0.127542686138335,-1.1565106762352377,-0.8717013791577496,-0.3525875034281098,0.5128094487049132,0.6782360462192045,0.613613466194029,-1.972594307019799,0.0688094432220216,1.2818961564395006,0.4222360457726395,-0.3867834185279909,0.21912776154925012,0.09179080514575257,-0.35163569106373666,0.3598133862532673,0.1866407592118858,0.37947029379815994,-0.3538346683544017,-0.15762746729737975,-8.425041322546221,-8.587385630176492,11.303038897558276,0.20706254583395928,0.18597980574249778,4.646652155228619,-0.18893501937465282,2.7970608733099596,-1.7706004500739332,1.2191208593064622,0.04317852978418843,-0.26292083908315467,0.6038118749670106,-0.6846492299721305,-1.1603727536906614,-0.6948631620775659,6.61026225074911,-0.298777737917901,0.25953137119705805,-1.7014014154578534,-0.19322373647987662,-0.03453491302298833,-0.04454311026963323,-0.3782870288205773,0.19318778077738383,0.36369051246488565,-0.20802849873586693,0.03377010590262336,0.3704351233326412,-2.897784722962493,15.00792978279654,3.265039176946321,1.3558300091894837,-0.5666002452898098,2.95736531891697,-2.4744224981945484,2.3673768231649452,-1.518266912364225,0.47580038598480456,0.6379195537794298,0.2777558368985849,0.04001435413939541,-0.3097148145228523,-0.7251179203228245,-2.4997617371785448,-1.86510039377416,-2.806074394776133,-0.023438559728191966,0.21598245612083036,-0.14385469195041548,0.4872006499573677,0.6802064916487476,-0.41907501855239804,1.134417585705389,0.0004521994098320506,-0.21362394707513033,0.06844708719798157,-0.558629947938362,-7.195102766254144,-26.563755798226932,11.482417869823,-2.5542895932528835,-0.5232848491847014,1.5110087514381632,-0.29464799882910947,-0.47118523491781644,-0.7049043916564901,-0.24059969342044393,0.23481261100240478,0.4142011145453054,-0.41786413493716945,-1.915794800641895,-0.5831925209866862,2.5387665695913233,-2.971973688579622,-0.9707333487476745,0.7014936286826393,0.30584044908276087,-0.09773083267706015,-0.9625674287213936,0.4978387389690287,-0.1482095294695167,0.48019504528044593,-1.3907904267626345,0.34381761805491395,0.1617268260961557,-1.2712542972610033,-8.646302666045225,-24.345612334461798,9.899633860498835,-5.352365453446123,0.9091573663894534,1.4464393967826688,-4.156197388634197,0.9967997194058493,-1.4056045577545955,-1.480273450588983,-0.24674421405313424,0.376756246298046,-0.5781963171064627,-0.5165563638573742,2.6536032570718024,1.9757598287304847,-1.9163435735404133,-1.846336089061322,-0.6214617044743953,-0.33416775958454836,-0.06841980934924209,-0.7333761401762628,-0.7310927118901636,-0.4847940181927394,1.2587979733218089,0.018808423689598626,0.027487396858085142,-0.1433433303456295,-3.0794472033887597,21.01994744191452,-0.6373177829919692,-1.2015410878025483,1.3476382635051618,-2.679132668014928,0.4335065428666112,-0.18744110522665405,0.37986987689543655,0.0012892402481411436,-0.3218032388438162,0.23958032011879304,0.30772325025777497,-0.25693415293971,-0.3895673147646202,7.11214812305412,-2.135557227195027,-0.7568407356053701,-5.384854502691748,0.4705893810781962,-1.160121505813152,0.6029270949778133,-0.09325311537533734,0.5567105008762506,0.1481454889081028,1.1499454825730788,-0.10215183850042758,0.13151550591094574,0.05242464451066664,-0.4303677436307442,-5.685562550477268,-30.840163557170136,9.945696345076017,-5.5158939637654765,0.7817436046511592,-0.34671466131724,-0.04816489193940049,-0.7631506321687731,-0.6527460276237604,-0.5904723611388615,0.5522271361009783,1.5450215623648527,-1.2985614116414923,-0.8513629975237692,-2.4316704294009632,4.435964969086684,-1.647075461368607,0.7201948857306876,2.2507702542110177,0.46431083667855977,1.6181449475762593,-0.3582527204576271,0.6597863525198475,-0.45560307817691426,-0.6969480691553712,0.8501596907169104,-0.2585271647066422,-0.06015069196016884,0.4683085640696437,0.38953164525018236,-1.162014049630803,0.5062838757757446,-0.0535513245243298
18,-6.680761406869979,-5.262272702622118,-6.803464602490637,-6.111969572522968,-6.882247185554355,-4.742451998136738,-9.435592343953221,4.3528164762118,-4.774548382079107,8.046927544281798,-4.478379647323399,3.9965010799052116,-3.3687276118871066,1.1011532746749075,-0.0352554573760504,-2.1842022058596466,3.6267301825912286,-0.2985496876542719,-9.858141965133573,-15.869945535208293,-0.3546077164650521,-1.279153920338504,-2.216241141776589,1.3137491485664512,8.709024930561423,4.573120449943379,4.631116726654967,4.4143681802780135,-3.841566857963386,2.533200281516241,-12.0431685858741,3.793254234089072,-14.178732917388716,5.847368607552062,-1.775122127600086,8.339778781708205,-8.584874051251793,0.9900624182887381,-3.2613175869199,13.819937118178613,0.46199524432099065,6.376582599819466,2.4474445874282846,-4.008860365213464,-14.211683983530415,-3.6834568220317383,-7.720646260167672,14.640771471365834,2.1730694771532013,-1.5608641897190432,0.6547965612674596,-0.7418084964299114,6.808583629530445,1.023817647124775,1.6062671513273765,-15.703808705503137,-2.180691188731633,-6.799264757297034,12.628790874506159,8.879018504907416,2.394583143938499,3.6311687353261344,-0.898793615731449,4.489453278968096,-5.079113839198751,-0.48528723483365993,-19.760486841183635,22.712483526070475,-1.160141652818615,3.5115935619092964,-4.817128609048263,0.6274284930013909,-3.1839419174921857,3.913867018535387,-5.9170081176687725,13.873046482021836,4.75057680452926,-2.1573859649525167,-1.0373113271027712,2.2420321282970326,-1.8652565227182532,1.1938686472600484,18.320384957007498,-7.1943794138172334,3.3578074464623717,-2.4131169708983546,2.2555350201698703,-7.375557497903832,8.836664943070941,-4.159536483888598,-20.324774300233344,7.402142729514422,-4.915633556373214,5.494429783426122,-3.0805659018271787,3.0629578351669493,-12.16835484167764,2.576313143669995,10.02192392641655,-3.919805966226926,1.6410330118719139,1.9764756095165703,-2.234496826967512,-1.281269828250419,18.195075160776067,1.0037696652038641,1.3535070335664858,-3.744815096994728,6.802965454119273,-5.324243825158027,7.126497582288974,-3.7479386012740585,-15.619082277089557,8.161911823530803,-5.547712011821072,1.7274163162804475,-5.014515921579658,6.262114177520618,-13.92291746673269,-9.044369576739639,5.464845644615074,4.591182892496182,14.0595556772708,-7.194838057942805,0.7160167790415373,2.0933665184505426,0.9083237233248673,0.4948424575547279,-3.728854521820868,-10.610574442022846,6.699990371539635,-3.3872130147533035,-0.15459064664142388,-1.089294485090626,0.7421356236780363,-0.9901178672297918,1.8231781280172605,4.438407153832446,0.5965761374626014,-0.3944840588674649,0.8955206039799319,-2.6909213100678695,-4.0011348762519106,-4.505418584142021,-2.1234658741399612,1.846651060220516,-1.583332489663655,1.6004326826762456,-0.900803489958804,1.0413749466642475,-0.3806437263540661,-4.284351940077482,1.2810364064632869,0.8540354725298637,-0.43657727373148736,-1.2613317947767209,0.9589616184782063,-1.8350381401963332,-7.936794773280966,6.153273877413276,-3.566401063029634,-0.31624293398631625,-0.7308804004763922,0.514952490375352,-2.2866563519913794,1.2130278681397848,4.538148738116291,-2.0277652127773154,0.49050517230785806,0.0607748523322981,-0.3296361427262765,2.551004728967398,7.993379646910127,-12.4906841961501,5.794420311693267,-2.2651405257983406,0.9839217536664389,-1.6232007000311595,0.655332650360662,-1.0737748205839404,-1.8145947192241656,4.681593924581395,0.4546652739052167,-0.5776684748089617,1.1053742216251494,-0.9079206687549572,-2.366756736624783,1.963967434018407,4.3980116207686235,-2.0239550169878835,-0.41476507856798905,0.0446152521576581,-1.1766199686341179,1.1748164694235665,1.2840703919789715,-4.143874653817636,-3.0112277421256217,1.5357197571623913,-1.042812020459944,-0.6116785667929738,0.27583366377173946,-2.084432407082591,-9.950415642203053,6.144912847987445,-3.2009791604915563,-0.4204295858635289,-0.38535381423279147,0.9168874908577886,0.2917648474927032,0.6021705214688466,2.398569526733053,0.6792157531030971,-0.4058372269054731,0.2798776797589122,-2.2775752866667274,1.8676570047963357,10.579639984364448,-3.461640571815399,1.3159567993292722,2.112071376906619,-15.324642844007185,5.385025453190377,0.2738831925251468,-1.1285975619932276,0.5571440612202819,-0.24832824639460502,0.377534140592735,-1.8420576964051076,-4.855830694096482,0.5672207217932975,2.939905767424548,-1.8737082816589217,-1.5154851023614926,1.6006424875136749,-0.7695656827402195,-0.7565526858117131,-0.4039317021181049,-0.29496760813775924,0.23450554740920654,0.13273351181945817,-0.00037136088586722793,0.4753304382929737,-1.2733758797920032,2.2350054105838635,-0.5255904819134842,-1.8751414062349805,2.228761644271031,-0.5428516708121106,0.3109937901434381,0.15982238284735242,0.22483560988414886,0.8068359035281903,-0.24376134372018127,0.4621417633862261,-0.04942503816841459,0.31342888740395664,8.051434058930429,-1.5722931750347564,0.9863245713340587,3.0742222849736707,-1.4080061870895153,0.24397640034192658,-0.07784317754370734,-0.2828599443050244,-0.3085069903211689,0.396173165475785,-0.500508924755758,0.4132956305570138,-0.07336432225437371,-0.27343613142984113,-1.256070656003288,0.26814094810285116,1.924517298461476,-0.3928234123752326,1.3977751503359106,-2.4961615111402455,1.3208583808229757,-0.5438281979611129,-0.019390288224937373,0.02961311088162668,1.410844470946745,0.06891828465234397,0.33673849675748185,-0.09572828732057384,-0.1502796853931316,-1.263664405184173,-3.082221216279865,4.19055870922818,3.270414102167628,-1.9858482216541544,-0.9469010801593362,0.3058959887468067,1.1646865349575957,-0.7797319929783506,-0.5834152060772798,0.46682115909889327,0.4068505211731518,-0.14872857345078033,0.30242619423641776,0.8505064371781358,-1.2656560702033908,0.2882208762057312,0.9712913932663569,1.7020214559356086,-2.8895849217805236,1.1939383608055025,-0.45725702582854855,0.02103689700769293,0.10282057559315233,0.749947617671615,0.41074330510261103,0.11109152738791118,0.6085530289738201,-0.43574410465920876,0.6974883343063399,12.46307263253546,-1.209087884834651,-0.6268525320038361,-0.6357489476314596,1.5217562303899315,-0.5676171520038356,0.09801594617736595,0.31769472249882286,0.4343145504646989,-0.1948019891721326,0.4048491625670955,-0.31879797536904797,0.13510127261761382,-0.12385439070831213,0.2533183404570053,0.6869705055564562,-2.3817260197381045,1.7837569355013028,-2.0772420623592276,2.413338877534827,-0.6403749736023925,0.05794174170122947,-0.14770143909408345,-0.8930626342627312,-0.5848453652896534,0.5032062791665434,0.06260401442799528,0.0009182882289076677,0.10576208571479469,3.459305507539187,-2.9705224968060815,5.142788232240052,-2.932761602900365,1.0915495188323898,-0.032252011599791165,-0.39044119374898584,-0.0029638367405946595,0.4715808355612788,-0.46346444826539374,0.648411498841455,0.6562000196274332,-0.3550075654372592,0.2503446323821785,0.3294185641145599,0.001787470026428181,1.3041257457767308,0.07846225674259237,1.3039773454662618,1.93524463656576,-0.2509480267108002,0.3548965506335317,-0.48940472762549064,-0.15675730627510506,1.3770068009444456,-0.5402479688275408,-1.0056256520339133,-0.013867061885839159,-0.06415116072015586,-2.199578846798197,-10.262551623593723,1.8548205833314584,-3.3194886397864396,1.6883815489933571,-0.37117303464393164,0.2941066888712573,-0.3502038440863334,0.2834225341882258,-0.4374453126370282,-0.16919837102367893,0.25520349847150575,-0.03164103903565116,0.014636001217672896,0.6257484069474782,-0.5093524775138769,-0.030444322168940302,-2.9686201524213893,1.2786002597982005,0.8485940102974991,-0.32684079019960005,0.2980760653268961,-0.3467136009089939,0.16786321876079363,-1.0101146385060162,-0.3987689619429636,0.42532793380759476,-0.22265533377546698,0.06007680816882209,-4.172492770413957,-10.919799023255976,3.5928760033494074,2.6859762440874513,-1.2355236460066485,-2.3077816791041843,0.548664756812134,7.541342540546526,26.845197352579376,29.520394441670334,29.811206082700885,27.6889739439762,29.78835313710295,28.616822487017437,32.41318695561881,1.9875537301840223,2.7169443950481087,-1.9430617255330234,4.629176957747407,-2.366166355240751,1.3036746995289172,-0.5641936901662781,-1.8939778098953837,-0.3890179835584131,1.4915842562748072,4.067995609068096,-7.573063342758127,-5.514776788970409,0.10155939402026451,-0.543076145759835,1.2055526262977168,5.918929455797369,6.767360479357228,0.47922546396424087,-7.34554933821923,-6.063064250692118,-7.119909565423009,-8.469133210723045,2.6515740664777474,0.2271373908576938,7.42517068268158,2.5415260943611733,10.813089949224182,-2.7343422218495754,1.8062898047336478,-12.139573829698115,-2.087045743426772,-6.457819137341517,-0.05537254099256216,-0.41939035564217764,0.4689791537532976,11.34371181645812,15.864324872315253,-10.434162046496375,-4.720682540260165,-19.906378824825744,7.526372033523364,-0.6501117858785821,6.681544861463658,-11.817016258994435,-0.9674114938528315,3.623634780309755,14.877823572164536,14.804717689381304,-8.655453446964373,-5.700245027999533,-22.160677417600734,6.525989763377754,-2.538981275490567,7.092991845761674,-9.005255131802423,-2.2834100036222083,4.2709665340707685,9.820130082250575,13.613221391567759,-15.91762281850115,-11.72208482380606,1.588585090763332,1.7796849701686261,-0.014325907724606962,0.5501480426646529,0.07552352788312686,3.8781391373595424,-7.6492983987306395,7.078816795622665,1.7536856261741938,-2.353493772352748,0.9495852050823578,-2.447239878160876,-2.3946148713899897,-18.939919048560945,-0.9622476813346168,-4.807351100237395,0.7227815205812302,1.6476646396806807,-6.26517492200363,2.242835948599026,-8.376933991691754,7.5471658358735265,-13.500285636580877,2.7627101226077353,1.2400101412150497,4.14836747141663,2.451807399874843,9.474004866170604,10.538397906410784,-3.2841699048062263,4.485435476400697,-2.3760249039752317,2.4224702839902728,-3.375008794474846,-2.759820792460833,-18.925309001425724,11.617053640469154,-3.8331049700549076,-0.12360960227614395,0.3860167459361123,-5.996508309442513,2.348220792555837,-7.841420638459752,14.736608917139046,-13.38695627210723,3.748376871774857,0.8332404599653127,-2.106183814650057,5.203530671415718,6.536594736455631,15.663553051563142,-5.650618792917496,-9.703440274922002,-11.03797162267312,-0.3218933958033007,0.11426139623799635,0.4386065527096853,0.8532859709745172,0.5743199160879014,2.128557694862017,21.88945267783324,-9.954568263179999,-2.0482566590403466,0.9237895810079924,-0.2326204995629561,-1.841845623485093,-2.736173175328541,3.14574135252201,2.8213329795344104,-2.864710878532639,2.628924967740951,-2.151757343693602,0.7777392551123641,10.241153391851483,17.75599392651545,-8.619368564832008,7.0322751841840585,1.085076087749785,1.984851843412583,0.14572779648145107,2.6085813962908078,2.194206739879757,-2.7462756373202666,2.174024132354812,-3.764926776290217,1.1051932132690807,-0.46853271847298067,0.18477021260267615,-3.868844106612919,19.26135841502092,-4.3527790360331515,-3.6803402812419943,-0.7583348424278533,0.7619681604130863,-0.1773134253542235,-0.9364642400289452,2.5500369793146622,0.5853189563646307,-1.4598356723065498,2.6425034120231503,-0.8490254576102214,-0.002735429004314168,-0.8017725120986269,-22.451853957248378,1.127398645370441,2.0560023955454687,-3.1131229405092125,1.7494197351878218,-0.4566377005897243,2.4295423943170102,0.07853724017614774,-2.01201022262829,1.4152659247793062,-2.3185532510574904,2.363885456282699,-2.3886288003603746,1.327315126016819,9.43471317389424,14.337041178259636,-10.508833184334046,2.343110744345161,0.5352726823710459,1.6030359629979352,-2.9233983385139775,0.7498750879587989,1.155124094367986,-2.9861870006558,1.4568525247499176,-0.32223871797780945,1.225709480434456,-0.6036969835050418,0.032687200920667465,-4.767569761960103,19.496149895239743,-4.093452187443091,-3.7745095682014,1.860925561869419,1.1009453521623953,-1.890298728281695,-3.94070204062119,2.8652710425364885,0.5207784879432067,-1.3741648520967025,2.3344191547747464,-1.2635428272288305,-1.0523089987850607,3.6712320515283694,-4.867000726929061,-10.226501370655606,2.0962666440807483,7.9392261313213925,8.42489226988172,-9.275574638601858,0.09597449029642968,-0.5733788627214572,0.08048019029852813,0.10269347340301103,-1.1238745240716523,4.031929365085494,16.17986821041143,-10.380554320212875,6.665971330346792,-2.371299501360769,-0.6664378909980669,-3.154938298090067,0.9988015472560681,-0.2870065542368842,-1.1053777010641905,-0.03429079625399183,-0.17184722310022088,0.8043961373315057,-0.6742095448560738,-0.6221395300831456,-0.8717735220959009,-0.867888202869602,1.0850748028070392,-0.7264164453315978,0.2729671616258632,-0.05075516428104743,0.5117528783547439,-0.0830562701019833,-0.9943895504036604,1.1240173466372139,0.16362181889294886,0.003267645908574834,-0.12890525338044032,-0.36074897526902205,-12.65514496544212,0.2626746902975134,-0.10353814017124283,2.6108891080714507,-5.12055399593065,-0.5141654116420089,0.5718500786083388,0.3425534998502695,0.504138847619617,-0.3917032365567249,0.3568186414877317,0.022689274812177047,0.1949818295028775,-0.2793804124550642,-0.9574631884325628,-0.5935566306368167,-1.707914425948362,0.4356750063253215,0.27884232723711166,-0.4711827746564925,-0.014660908998784356,-0.13044692782936113,-0.49576858245751115,-0.010060562873121187,0.9117957220333368,0.007894980812599465,0.02268309153443463,0.031169151677465513,-0.42471862530526017,3.8666518200017617,22.36566496054076,-6.48065059020228,5.167686312804184,-3.5033295160481543,-0.9036443338802174,0.6673736332339213,-0.13625966785262936,0.8629699368155694,-0.8670019534463934,0.12344459230211621,-1.544450064427852,1.7567333924905841,-0.7990645263420356,0.9824180577317831,-1.1318797705175225,-2.9831022262045095,1.2919341858333808,-0.5770555478103041,0.6109606188444071,-0.6099905504601273,-0.22459134207862036,-1.090306218719113,0.23032503859405154,0.004484823323802078,0.646935396968934,0.07366332012719153,0.10997537769819427,0.39663015938424784,1.0689205069669196,-11.206929032041728,-2.6502538286920534,-0.8473580007460938,1.818464451151473,8.422631126188847,-2.9072332534155194,1.18709483463756,-0.9530896049694845,0.9254786614038378,-0.5634393500214325,0.3157587625026495,-0.726750960820932,0.6362504355163546,-2.407496464983238,1.488773359521296,-1.5106807225088208,1.6160041424767517,-0.46301553869542766,0.22853293427628696,-0.36556552732244724,0.13850041944783054,0.8667386649445397,-0.06649090101785217,-1.1161665382852688,0.4807466121651022,-0.17327757961977808,-0.09373598768919147,0.06647483218339535,-0.3277573072993661,-12.789460332232013,8.566224233081712,-1.963454554028239,1.0439715506909184,4.553549855072429,-2.891819981787909,2.856042570377669,-2.750949884491385,0.9472768289339789,-0.0750736522312164,-0.08396500613857738,-1.9655411597573815,1.3598344156347932,-1.000413141581859,0.923683756703784,-0.34800846715522776,-1.599595724333581,2.000207919631199,-0.6089768057811547,0.5058062586659686,1.282148351445832,0.7558275463093975,-0.6185275394065716,-0.3607496352421687,1.1811166996279103,0.26896241141634414,0.5899075388007291,0.2940663041691098,-0.8896698238958258,-0.7250784840489533,19.43331853707065,-9.838236629846033,3.0912245907482507,3.5112736436556715,-4.070065829552168,-0.5537968321603007,0.9379417674080346,0.18463816922545462,0.15197018994213923,-0.16951449781616645,-0.09158947274591657,0.7813632535774234,-0.4319104506024889,-1.1643997136718447,1.8710008638281233,-1.3823828978821837,2.7712606112351623,0.31935777933302323,-0.3461215398874676,0.27925103651958394,0.6977986681138738,-0.6282188532178238,-0.217468728706639,-0.008723631324630702,-0.2753952140177979,0.25372108855299935,0.10746503517386516,-0.4826795227376958,1.9595876549201545,19.204042534713036,-8.68508874986222,6.859968461577699,-1.8338102862117802,-2.4127189744283064,0.6834628968766839,-14.96459980908533,5.282822169078878,4.461168358606326,6.335541698955718,4.443068851462397,5.88636378697514,4.797336679322024,6.5036114919542785,-0.6117730582391666,3.581837571321347,-4.058559158509891,3.7103997001748774,-4.6856770402573655,2.177451110252851,0.7978112272081068,-1.8773790243289665,0.1702952923595782,1.0673279183458795,-1.6931946318033813,10.306018008940244,18.009817676057114,0.3454765297363081,0.31214938900218014,2.1835860630222523,-3.561045949244364,-10.69761983996504,-11.705137216189009,-14.492620923829476,-8.728641123375308,-4.542212925902561,-0.7454576104064911,15.090744671025236,8.048719139633318,15.454990853479128,1.4260657182732752,3.215248158443201,-11.468221125847982,11.340055493642417,-2.6438475692015926,-5.3426683486354944,-15.538310903496283,-0.5929679776606385,-6.404659726527453,-2.806091411277375,7.81542917859594,18.404387137018723,-21.16884424488787,5.426856430115741,-18.753083037911484,8.786978099819958,3.509625367984673,-2.427059503757985,-2.5016898593536685,-13.251236208616648,11.236032675984433,-1.2285730815133653,16.919128727139142,-17.343068470772455,5.177831033355011,-20.67512742220041,8.323558407742185,6.0747730060440315,-3.3846792819893508,-1.4008921117195126,-8.342590753378369,13.528100000024418,-2.8763846567845373,24.29877344993203,-27.423181071052767,2.9508268894396323,-8.991081054603804,6.78612039163526,-0.4212681791497442,5.35989532815181,-2.6988497907485227,7.570615093997871,-15.617575600158869,-6.31829423319489,2.831291149532259,-12.21816471498622,-3.6799637041277773,7.433443567229404,0.7015721428594983,-25.314130651394272,3.047180998471037,2.47403037046855,1.6788890753747312,16.70766551998821,4.717771261284673,-5.3242379596486895,-0.846645448192166,19.824430974790697,-9.321771540066011,6.135970026309746,14.396099953229085,-9.33397982817135,-1.990552791833937,13.813543700846106,6.954087135730391,-12.276244561548824,2.605795364833255,-12.438457928352154,-14.50982509958268,6.428835903072316,-0.5734873826190788,-24.614400623946953,3.862698230319579,-0.5370310860607134,-1.2888149054013023,13.129464459922648,5.735322036739055,-5.473725994919421,-1.5257157995958044,13.851027480546202,-10.2390871903437,4.237770887672635,6.03169911495802,-1.299366545787385,-5.737370920844702,12.716652553885513,12.477160174141858,-6.82589367122191,-6.491739385935386,-12.90693088502673,7.947880479350602,-0.24960052151422615,-1.7229392058688795,2.6600739026655735,-1.8406390422026342,3.301453008574516,19.366207154529473,-9.34576107071599,2.594254320674061,0.0887285082463041,-3.458729340681292,-0.8672591065793208,-10.46335843404823,1.9229752041540584,-6.249390223848325,5.013152588827794,-1.547317620265539,-1.5384399591758295,-0.6412776401144079,10.131682782218268,12.909333790817971,0.5022209012281742,2.248581193059354,0.9808697913438246,1.7016922927112497,1.26984145293979,5.482306220307181,5.210806348983902,-6.072026836834275,9.615093197801851,-1.521463829818613,-1.0112211389056271,4.388677683617074,-1.8760655119017207,0.693342051499798,18.284157439857395,-9.441002997347214,-0.04301131582821907,-0.7562256817087113,-1.4966047096638795,-0.7861756927929298,-10.025446327059418,-0.7626044239707152,-1.5831917816934344,6.697113627012086,-4.460581629888076,1.2299264210281584,3.9699317878685334,-1.9993334006563241,-13.498453054677636,5.112766331132898,-6.785418450546397,1.6377796578797488,1.708518059472534,-1.5440733197155911,1.4067750999317803,-6.304654278030723,3.838861575451709,7.820078129645226,-0.24768290942860727,-0.17492087127057768,0.21620668770877555,-0.9668705453682201,12.237114845391744,11.682417864584917,-11.483423113010753,4.644640660451939,-0.2757967917545803,-0.9506557284462628,-1.1299604894192468,3.348879067253875,8.60688870039729,-5.498218634973683,4.366621782903879,-4.559918547852266,0.48565209783301055,4.055240776092507,-1.8465016462549402,-1.8079139989494275,12.830982533586143,-7.436081290898424,0.34985649586124035,2.416648014486459,-3.838365641280415,0.07534616475941706,-0.015489741486381669,13.568879503360677,-8.073003424368626,2.947676330443705,-0.023261921886205187,-1.8932574330436112,2.100369093948827,3.14221125002629,-4.750541041810293,0.128089798629626,-0.629235213687068,-0.613694092217774,9.376242459114213,-9.643338467699385,0.6373604725742854,2.636996713927363,-1.2736977994982803,0.8352778536133116,-0.6934208172844326,4.6449958112888785,18.435710637590642,-6.391861200491457,1.942194430416066,0.39370637707706063,0.521885239267337,-1.7367253012196542,0.7136525146985226,-0.5758183305981271,-1.66070382328716,2.328217630748734,-1.2648977944373214,0.555519131430405,0.6082678521508433,-2.6475957064538713,-0.6382368021534274,-2.1640498387273976,-0.31371340302328554,4.143168569636173,0.04796222459122382,-0.47308265770050195,-0.26154954522850443,-0.9237040909095855,-0.23697747589989437,-1.430318929672957,-1.6218614353771514,0.2186581799369938,0.1266185157341498,0.4550664089839782,-11.373642305610128,0.2281247560008003,1.309509498223861,3.1761213103010957,-7.110789521822017,-0.5648580938866509,-0.312189193101485,1.1045478586806217,-0.9121824870922383,-0.6877261714080001,0.23255780237802973,-0.539541208735745,0.33025174674009417,0.32268752860390204,-7.161527871203163,1.5113469320921014,-3.1849176185695,-2.8909618674338056,2.9014359820575404,-2.844915794751966,1.6236945961461122,-0.136060977789668,0.262118286259489,0.00768044581524971,-1.345176455718759,-1.2425942549994322,0.46243965547789795,0.22060502935044987,-0.43194990788961224,5.53242565138223,25.356378284130184,-6.797658108482745,1.0370071722054461,-0.2667208437535456,-1.0599901301402808,-0.06269818413783798,-0.9029259921588495,0.08985808744502682,-0.8159496498359082,0.5154518911960383,-2.6209503563570875,1.295159081775526,0.8011806264674277,2.1188366990211938,-0.5953445135599761,0.06881815482391507,0.9587066509271681,-1.9519545996487837,-0.5167888427782457,0.8042327357926577,-0.22560833647639392,0.714455196966885,-0.590183081331628,-1.2848710731142239,-0.17200092963401584,-1.5261962268665297,-0.2176053532394262,0.21510983504900005,2.801798971389888,6.5432617747890305,-2.8581224002393797,0.43694555415685343,1.0131897760083381,5.006709390820515,-0.8215145041680919,0.40355999280346316,-0.028992549638346334,0.48803346588635466,-1.9167656172937493,1.5006523694750737,-0.29603362618509926,0.22431742910199481,0.6171657758166502,7.455236986206844,-1.991200994247851,5.959162733103938,1.3736889679992779,-0.493370690073746,0.833710592403421,-0.3103724576203192,0.011695017272833952,-0.2614644322888297,1.0349963336199648,2.6919749178854055,-1.0490067117742838,0.19601711562942734,-0.4339416523275239,0.049626199603852415,-19.737840913689457,-0.9515889903609075,-3.3564551995938197,1.1412044033302522,5.669095912833457,-2.7689430664207837,1.694878854430297,-1.629852760113372,0.4682464894448218,-0.877385645663732,0.3700691493173898,-1.6946836682987594,0.8641226576707277,0.3642919029517112,1.9561958653784628,-1.5391863914125552,-1.365353954535238,0.345062586235965,5.048498232125692,-2.3453122308947534,-1.6063206798375775,-0.17876845748030418,0.9018641404230604,-0.18223350169513305,-1.6836525692284783,-1.5109336151745478,0.44653079879055824,0.22602956328020132,-0.3963484000886351,-1.7059551115092952,9.491106643462937,-3.095899348216353,4.785089697200836,6.072831014974163,-3.490931752845037,0.6840051797931329,0.5583921693516561,1.5820733317098725,-0.9187265592268585,0.7288744756737385,-0.6699306610167427,0.07182273305071793,0.18862235620703585,0.14316386680165094,7.165309382652457,0.06444684969159638,-4.5941322877885185,6.616830024511741,-2.332575663476409,-0.6415335203358838,-0.040309108853789424,0.07025899661851671,0.14340844540686123,-0.10965619413882646,2.1273489952588545,-1.2835167021677072,0.8105495886739084,0.05641967634281192,-3.8828718782565907,5.710583808375436,-3.2183258474697536,1.5367742399728161,0.167801722706287,-1.1541391884364005,0.5590104018875384,-2.384669240286033,36.85479143783834,34.20803833246132,34.749179649875074,35.684786155211505,34.656128779520515,34.35630580291811,36.503618610415714,41.67589748677963,43.743146537992914,36.23399851778398,45.03855443125175,33.738847668562265,44.42733674875808,33.078213003505255,46.420879964993105,36.081356530979185,40.25554697461647,32.721271222310016,48.51765584736876,51.04747493809867,0.07480617498986869,0.651027769872487,-0.19532649579873612,-6.584847636083519,-11.884335929267547,13.533545248996678,-2.278596407204689,16.009029686057275,0.4687948416206753,11.17862145716323,-0.6562242969634948,-6.647933266688323,-2.2684122334827723,-14.256952582367063,3.1013833310261507,0.5097632617835114,-2.478733088477894,2.647041558337238,11.438535356093041,4.442952245539679,-0.04588562455359202,-1.3862135376662101,-0.9086012814062011,-7.745317828864439,-3.4365254429229575,11.918005779424718,-1.3564427967561212,14.547229140180056,-9.00040941960661,6.358291449571273,-1.864227268537379,8.771346468742678,-0.46094053584702477,-7.093994688611234,-7.731086101219589,-11.148506237451585,13.03627934420974,-2.0723644367669607,16.576064744728356,-10.797623710342872,4.3673523088238335,-5.095716639439676,4.775770828083492,-2.833149693637169,-4.375181805953948,-4.44392568083732,-13.774918350711099,16.139099684839174,3.9900757131538955,2.3314615306886206,4.677182036063134,-0.0882930344597437,0.7976492284055945,-0.3903581330622644,0.8895401789846711,10.474621473000246,3.340376254006748,4.354771679168901,5.862295305574456,-2.707551534939974,5.1494129471390435,4.925292798821021,20.268065231040392,3.400206622938283,2.692071002604821,-1.8057537373243095,-3.150261162596367,5.754648601957118,-3.1749636472795126,-0.5015700823303506,-12.943495658792427,2.244344817304327,-4.496463416640382,-4.728069391467885,2.945190075735919,-5.236978794377973,-8.17062207320213,-11.47344605015069,-0.962801485812027,2.757448007593711,3.419978775075678,-3.446714854595489,5.415075380263595,6.354726419029555,25.86384914098033,4.681075584989518,3.573990419125484,-1.1020914493606402,-1.940368351171386,5.608490672574222,-1.7266918114564505,3.384239101260957,-10.440582923652839,-1.856374578671596,-2.475831600943609,0.5588754552412122,0.3301039767857138,-5.445044454272457,-10.648800127687199,-14.553672622743479,5.356739079484695,10.4764689378748,12.93820232490413,2.0339010454833235,0.07797129931510258,0.7388013930798685,1.0736971600281267,-0.05043663445939385,-7.341859913009396,-27.659501983131253,8.09296069628443,-4.707325456215385,3.1669528230345465,-2.929839581080574,3.1775734023081634,8.695590719858464,1.6513801106975738,-2.7427579883797795,2.9685474198226536,-1.203548978322004,1.8479563486815669,-1.9587422419628002,-16.067970146096457,-14.556525873162771,13.005674765605344,-3.548482216472234,3.0855199589989444,0.8935214026815852,-1.4164303671214251,-5.577008968888109,-9.443461497038976,0.25157300041090475,-2.6095217363806684,3.4680773478939173,-2.742877877933299,1.2408426851559666,-0.22737830612108087,-4.287218060075919,-25.85889428432394,7.178417722072089,-6.312219326044249,1.6278089733057133,-1.7272104191857498,1.5030620074140768,7.148944908307826,1.1073969482397623,0.127542686138335,-1.1565106762352377,-0.8717013791577496,-0.3525875034281098,0.6840508532391382,4.224098257125226,29.33819327903785,-5.5734906504097825,2.1517834191792735,-1.409334543434365,1.873542281542675,-3.1891064302371843,-0.33065671482924197,1.8035422531369438,5.626727976069866,-2.328626857022753,3.009426289970114,-1.7068230660479644,1.6255269249936422,-1.2842751765258893,-18.29261122098172,-12.852409254430968,8.533424836235715,-2.239745703118066,2.8059802220061054,-0.6413702371405714,0.1978915247519154,-1.8510560033926133,-8.35003879063223,0.6206904377813918,-1.0730216215905786,-0.9633506011211023,-1.3589551630564731,0.8935350520616488,0.8195867272230914,0.46261858188224103,-23.514204202954005,10.481630445688051,-6.541743023814101,4.2633433908585525,-1.4434780059261778,2.2696856590973615,2.303972122426935,-4.969621517434193,0.5659279324035947,2.5682432311564325,-0.6029399229788583,0.5989313047302804,-1.4514094965847293,-4.553219019329738,14.322615782173553,8.278158545489205,-1.9311272492448182,-7.673457936043675,-17.318278712320907,12.092817411129053,0.06579903002136404,-1.1968649539889546,0.21949508691098446,0.18961932857863584,-1.2712542972610033,-8.646302666045225,-24.345612334461798,9.899633860498835,-5.352365453446123,0.9091573663894534,1.4464393967826688,-4.156197388634197,0.9967997194058493,-1.4056045577545955,-1.480273450588983,-0.24674421405313424,0.376756246298046,-0.5781963171064627,-0.5165563638573742,2.6536032570718024,1.9757598287304847,-1.9163435735404133,-1.846336089061322,-0.6214617044743953,-0.33416775958454836,-0.06841980934924209,-0.7333761401762628,-0.7310927118901636,-0.4847940181927394,1.2587979733218089,0.018808423689598626,0.027487396858085142,-0.1433433303456295,-3.0794472033887597,21.01994744191452,-0.6373177829919692,-1.2015410878025483,1.3476382635051618,-2.679132668014928,0.4335065428666112,-0.18744110522665405,0.37986987689543655,0.0012892402481411436,-0.3218032388438162,0.23958032011879304,0.30772325025777497,-0.25693415293971,-0.3895673147646202,7.11214812305412,-2.135557227195027,-0.7568407356053701,-5.384854502691748,0.4705893810781962,-1.160121505813152,0.6029270949778133,-0.09325311537533734,0.5567105008762506,0.1481454889081028,1.1499454825730788,-0.10215183850042758,0.13151550591094574,0.05242464451066664,-0.4303677436307442,-5.685562550477268,-30.840163557170136,9.945696345076017,-5.5158939637654765,0.7817436046511592,-0.34671466131724,-0.04816489193940049,-0.7631506321687731,-0.6527460276237604,-0.5904723611388615,0.5522271361009783,1.5450215623648527,-1.2985614116414923,-0.8513629975237692,-2.4316704294009632,4.435964969086684,-1.647075461368607,0.7201948857306876,2.2507702542110177,0.46431083667855977,1.6181449475762593,-0.3582527204576271,0.6597863525198475,-0.45560307817691426,-0.6969480691553712,0.8501596907169104,-0.2585271647066422,-0.06015069196016884,0.4683085640696437,-3.9316241446589935,6.241862702015594,5.001909728416333,4.545463522497128,-1.7540868822293412,2.7122717523475157,-0.3997285701440503,0.5975008524269728,0.029925600091449074,0.4732040538070223,-0.8869327892489034,0.28821632821693544,-0.14405245532117858,-0.19384236225889867,0.2148530559460206,-7.934529410619726,7.089516679476766,0.7751484783820688,3.7961614201996077,-1.241244571096068,-0.27088362032079333,-0.0857086588063816,-0.3992603397036421,-0.15875415932781628,-0.08443506384824516,-0.6315563672018462,0.11422795179590753,-0.22379797073141516,-0.10920491300663851,-1.6832210695704468,24.581850868924295,-6.484328388779663,3.5281726594074407,-1.3454811080734619,3.88011289782411,-2.7778385631921068,2.511213752871099,-0.9466535349460288,0.5011850888411367,-0.2893996484351695,0.4354454832856055,1.752482784141347,-0.8970380231176245,-0.2199485286255618,-2.2344970570265814,3.2614098362128914,-1.788329771803433,-1.9561621487230498,-1.4635739051343877,-0.10615870317877187,-1.154327457637669,-0.8655827637899712,1.0516892590418003,0.14109725398397144,1.550407411543029,-0.05216160434749047,0.9391691078789699,0.3323774526342737,-0.844347666511637,-2.1449154320658743,-22.388887456212355,7.197182078630009,1.6998248047527098,1.173735293036799,-3.134481434574824,-0.36110181673473124,0.9561894606630771,-0.19642177805564284,-0.7188994679665567,0.3155089602774616,0.2890375412368222,-0.37290610196150076,-0.07196379040740976,0.8019826635978199,-7.367472083200994,5.308940934145883,-5.141211395983703,-2.146008647718823,1.1807815487907873,-1.3323959814859543,-0.41889569585249803,0.4530564446282943,-0.31911125498416976,0.23065923885104805,-0.7642621060757367,0.252205432814401,0.2423986518800998,-0.5321401003814105,2.0370634022123917,-21.858278618559584,6.556967539938146,-5.404490055609456,1.2348628275450078,1.7268830948098417,2.980655638867616,13.974306555007615
19,17.957899353179798,19.58257575527639,21.560081521022525,14.669968658535954,19.861150093444042,20.981715525253705,18.5130430339408,8.509920699379194,-5.209382144678508,2.242934331815728,0.3753188503881354,-0.3214387698120129,3.632917701375516,-4.07344876403293,6.160584106432859,-6.111888886744204,5.618203950322681,-6.539680649891226,9.816880464768692,15.747634645568784,-0.29768400377583876,-7.4446692474489,-2.5192583950126015,-0.6363355430160615,10.307689892837457,1.7352098159780118,-9.1566518883669,4.206385745403576,-14.06105763791425,5.2931349184732595,-12.984241186055787,7.786514949718115,1.8557102153518894,6.649209860128741,1.7055542965033137,-8.386147173677454,7.505229548550343,0.010251730062048735,-10.644464726059049,1.3192395619268162,-0.1285740985670707,7.191750203422979,-0.05402446776222963,9.75816984250602,12.19732554424206,0.2804224624934897,2.24143453182941,-16.275332626701413,-2.5175457388803957,-6.93430169639925,4.323335066226372,-5.922578766904257,1.45899252843826,0.8991851038385461,9.849817092613044,13.09387851425296,-0.13870425922276353,0.6730906204792662,-18.17453689729639,-1.41412024290024,-9.39535781303311,12.329704095873593,4.346529951975237,0.21571940109340104,1.1736399707805607,1.1750606025028607,14.37906894048061,-17.39843609154648,0.9748644016653558,1.5483568856602514,-4.427417876617195,2.55727575432689,13.366025028268522,15.31293238407442,-1.901054605664388,11.19211003993366,-4.367744603448062,1.7475935893304722,1.9764756095165703,-2.234496826967512,-1.281269828250419,18.195075160776067,1.0037696652038641,1.3535070335664858,-3.744815096994728,6.802965454119273,-5.324243825158027,7.126497582288974,-3.7479386012740585,-15.619082277089557,8.161911823530803,-5.547712011821072,1.7274163162804475,-5.014515921579658,6.262753350911491,-13.936096541888825,-10.167312151574883,6.673474580621544,-2.5490228466410407,2.3785387333056014,1.1590308973576378,-3.4999919841010385,-5.172337922891928,17.557059138986116,4.778161089854652,-1.7116777732472308,0.7057261681436877,4.135343519054358,-1.7203625893967218,2.872747822662451,16.672542666196293,-6.7833584763428965,3.7099367911090404,-1.8508988274787432,2.0330223780302896,-5.252444566651488,9.67803702693511,-5.162007670791203,-19.109919979709538,8.388359188421896,-4.426839595097557,0.9057196188812884,16.816740624910366,1.0544335615735623,3.006728089690772,-6.352150251781299,15.116718619530657,-14.15162239246688,5.809034979062736,-2.201111316631907,0.9839217536664389,-1.6232007000311595,0.655332650360662,-1.0737748205839404,-1.8145947192241656,4.681593924581395,0.4546652739052167,-0.5776684748089617,1.1053742216251494,-0.9079206687549572,-2.366756736624783,1.963967434018407,4.3980116207686235,-2.0239550169878835,-0.41476507856798905,0.0446152521576581,-1.1766199686341179,1.1748164694235665,1.2840703919789715,-4.143874653817636,-3.0112277421256217,1.5357197571623913,-1.042812020459944,-0.6116785667929738,0.27583366377173946,-2.084432407082591,-9.950415642203053,6.144912847987445,-3.2009791604915563,-0.4204295858635289,-0.38535381423279147,0.9168874908577886,0.2917648474927032,0.6021705214688466,2.398569526733053,0.6792157531030971,-0.4058372269054731,0.2798776797589122,-2.2775752866667274,1.8676570047963357,10.551646789704314,-3.5546232509768045,1.459613502171987,-0.5650158076979608,1.3798341510325742,-1.6377135485806942,0.022114439267678095,2.335689155093892,-4.477868817690707,-0.8624908239567316,1.3166571385510275,-0.4299431739237635,1.5439613113276167,0.3941701099615167,-0.547789899457639,-7.671141925517242,6.507098956599718,-2.8694254369215284,-0.0632102659930324,0.03556592563158091,0.7584682046904098,-0.18176085087376576,0.8861003274213479,0.007616794174067042,-0.13330900079313118,0.18666183531450742,-0.2687640055283998,-2.2032786406762095,0.9259639891312662,9.108281825758608,-0.8947525337713249,3.1690646225369123,-1.3171317845607866,1.0977324274819418,-0.8561004606186869,0.6777621668424277,1.0006969584819296,-3.60980389017026,-1.5004361935798098,1.592202317655817,-0.3480873177670834,-0.04017748897265634,0.17287593345609167,-3.7403851798286043,-15.73038577401104,7.058949029089715,-1.344870503436841,-0.3985570235981258,-0.35681039293235,0.8778681926506844,-0.9205275834813337,0.4515557369256672,3.9631017751583304,11.062360180224072,-0.9893512062629469,-0.6091289146679867,-0.6357489476314596,1.5217562303899315,-0.5676171520038356,0.09801594617736595,0.31769472249882286,0.4343145504646989,-0.1948019891721326,0.4048491625670955,-0.31879797536904797,0.13510127261761382,-0.12385439070831213,0.2533183404570053,0.6869705055564562,-2.3817260197381045,1.7837569355013028,-2.0772420623592276,2.413338877534827,-0.6403749736023925,0.05794174170122947,-0.14770143909408345,-0.8930626342627312,-0.5848453652896534,0.5032062791665434,0.06260401442799528,0.0009182882289076677,0.10576208571479469,3.459305507539187,-2.9705224968060815,5.142788232240052,-2.932761602900365,1.0915495188323898,-0.032252011599791165,-0.39044119374898584,-0.0029638367405946595,0.4715808355612788,-0.46346444826539374,0.648411498841455,0.6562000196274332,-0.3550075654372592,0.2503446323821785,0.3294185641145599,0.001787470026428181,1.3041257457767308,0.07846225674259237,1.3039773454662618,1.93524463656576,-0.2509480267108002,0.3548965506335317,-0.48940472762549064,-0.15675730627510506,1.3770068009444456,-0.5402479688275408,-1.0056256520339133,-0.013867061885839159,-0.06415116072015586,-2.199578846798197,-10.262551623593723,1.8548205833314584,-3.3194886397864396,1.6883815489933571,-0.37117303464393164,0.2941066888712573,-0.3502038440863334,0.2834225341882258,-0.4374453126370282,-0.16919837102367893,0.25520349847150575,-0.03164103903565116,0.014636001217672896,0.6257484069474782,-0.5093524775138769,-0.030444322168940302,-2.9686201524213893,1.2786002597982005,0.8485940102974991,-0.32684079019960005,0.2980760653268961,-0.3467136009089939,0.16786321876079363,-1.0101146385060162,-0.3987689619429636,0.42532793380759476,-0.22265533377546698,0.06007680816882209,-4.172492770413957,-10.919799023255976,3.5928760033494074,2.6859762440874513,-0.0688979345393268,1.1609648181213825,-0.23100403238233458,-0.39691088190284995,-0.020037021491165395,-0.29430211840839066,-0.5214183040034668,0.7277317342307908,-0.42193888005279734,0.755197558773985,1.7106592004840893,-0.30272781836424595,1.8800977018127316,0.7442831013170824,1.9923359988279574,-1.968626159769475,0.9758105324685941,-0.08095596302196996,0.20247624650175824,-0.8003553240653923,-0.1707808523127354,0.5706751748231105,0.5038618591193785,0.03678228409146124,-0.2941742917885137,-3.141250566748196,-10.811122986454073,4.0475375858562295,4.602993828020705,-3.7713103778165475,-0.7909416695270077,0.7056006032714615,0.4317975496287265,-0.42064901224325046,-0.11265488632479836,-0.1422597331932902,0.3021477511454885,-0.11052418472194737,0.10287507941669082,0.3379644215299795,0.11040981896455672,-0.49980184987733195,-1.958019013569749,3.155520631897003,-1.2309363386575027,0.24006216333245578,-0.03887329651531676,-0.17214163576017572,0.23767775614724046,-0.676549841791393,-1.0141419268050533,0.9314344208999068,0.03511948770650458,-0.3905188517528294,-3.0933525392539853,-9.775339831250331,1.6637440353881436,1.9755839010570162,-1.68159415309222,-0.6518822238442219,0.20327218983526732,0.9396306504328336,-0.24411328333477575,-0.5017484995214553,-0.45945074824571225,0.38079764233822977,-0.18559701940969384,0.021268359574959456,-0.4166204519498364,0.4640910118432386,1.2357175471019888,0.32643566078938985,1.5420233665049285,1.7404805896345406,-0.2737753888061446,0.07974115774222991,-0.05192957117830552,0.1686832563382923,-1.0933944129772604,-1.0838835405164473,0.43840305279105873,0.07725599724375694,-0.34267046649386285,-2.004451714048361,-4.769144785687621,2.8857040215967205,0.38571370025596624,-0.9916812366908605,1.890705210308737,-0.012413659244390574,-0.12778961589782845,0.1537027059164039,-0.33716041676101194,0.27664992121569404,0.17268729261891536,-0.5767725172361924,-33.66507377039111,-41.51191520277804,-38.59532925511309,-34.97338531123383,-37.93041641263299,-40.136421356496776,-40.6837214710047,-7.886435465508551,0.7085436939718011,-3.692077901238627,3.6934605948027626,1.5810033760416777,-0.9131233136808206,2.4863854920168222,-3.407890501255889,2.855154903752624,-1.0593213958272276,-1.0116423880928422,-7.55460958897579,-10.867457588559827,0.9055354644998208,6.879424175334643,5.168396306471218,-9.162399308343357,-14.28412573645609,-8.390939938024989,-3.980802874413148,-2.5087590708006045,7.255084374357846,2.605789998542849,11.595243457990698,2.70911717182975,4.288707742454608,-7.248820241791388,-8.793291906204459,1.915929740170419,-0.023012846626386276,8.782298411138918,6.0262229251769135,-6.8255270731944,-0.7633369036193027,-16.65791950286029,-5.788220987347524,-12.85908178634377,-4.38188461551644,7.033420475052422,16.62934260604513,8.545679398193032,-4.982541538197058,0.0778586537864817,-3.198218017650614,11.463405152131607,-5.345013938582985,-2.0025449862860296,-22.117905418238863,-0.7966608564915155,5.70149174255331,18.822342965418805,11.006514942735496,-7.597041147271525,-3.277329960912266,-14.833877073710445,7.821505343769083,-1.4997583167846975,4.635613141277119,-20.603130039142144,-7.4045442804232815,11.635026516050171,19.68452700490398,-10.21030859762321,3.3700674565909754,-2.6469191968983203,-1.0490602249927359,-15.429761882857107,13.45960993387363,-4.1601249988343145,5.251332431751705,-2.598113257507411,2.4224702839902728,-3.375008794474846,-2.759820792460833,-18.925309001425724,11.617053640469154,-3.8331049700549076,-0.12360960227614395,0.3860167459361123,-5.996508309442513,2.348220792555837,-7.841420638459752,14.736608917139046,-13.38695627210723,3.748376871774857,0.8332404599653127,-2.106183814650057,5.204380875131392,6.3733238854690875,11.894410039433007,-8.19848688348786,6.3727583550908875,-0.7422265214403616,2.884202341530177,0.374238202432,2.146312879342527,-3.957446722010749,4.796888938539993,2.0749040765753515,-1.491440851975347,1.1694942007688807,-3.754378800805007,-1.697088567543618,-17.73180685443759,6.357416730792288,-5.205424749818289,1.3033821475735672,1.011189554289813,-4.902938887847212,3.9916489598094373,-5.898790191655562,14.20301728539989,-8.913204260263862,3.902997589920834,-0.49110840127873845,-5.5450359379588665,1.3289356591721155,-4.986174485532123,-14.384090185669827,-26.559851608190215,2.0099195684353166,2.4680969682106357,-3.290099412663129,1.7494197351878218,-0.4566377005897243,2.4295423943170102,0.07853724017614774,-2.01201022262829,1.4152659247793062,-2.3185532510574904,2.363885456282699,-2.3886288003603746,1.327315126016819,9.43471317389424,14.337041178259636,-10.508833184334046,2.343110744345161,0.5352726823710459,1.6030359629979352,-2.9233983385139775,0.7498750879587989,1.155124094367986,-2.9861870006558,1.4568525247499176,-0.32223871797780945,1.225709480434456,-0.6036969835050418,0.032687200920667465,-4.767569761960103,19.496149895239743,-4.093452187443091,-3.7745095682014,1.860925561869419,1.1009453521623953,-1.890298728281695,-3.94070204062119,2.8652710425364885,0.5207784879432067,-1.3741648520967025,2.3344191547747464,-1.2635428272288305,-1.0523089987850607,3.6712320515283694,-4.86692385719216,-9.970841644686974,7.150439630282653,-2.244968518266763,1.8368493203882208,-2.839835838669769,3.5533075273279353,-1.7910566611524457,-2.628463855280954,1.6943848018026242,-2.4476811260517297,5.028832424069255,-2.0014685769107916,-0.37029528857981237,-5.7324997919158776,17.754636087783226,-9.100985096090898,0.7809588057458674,1.2455015457102498,0.6075327559290836,-3.0774086613775684,-1.3390613737998485,3.281534998765839,-1.347567945293686,-1.9237941887326233,2.5319930880944197,-1.7246037651509931,0.2623785383001282,3.181773395546569,-4.0543702141295705,-5.233571345946541,8.989546072676085,-1.9329935548847361,2.9885227471736355,-2.6845442834107076,3.041319016714203,-0.8259835285985158,-4.587144971496949,2.410806861420687,-0.7754515826259175,2.2993683739595476,-1.3059127523117504,-0.06572216191802553,3.413076523890188,30.27286739137784,-15.771929237348385,6.597815874795685,-2.6312240366876933,1.1061645581964146,0.964908518786024,-4.095145214281172,8.213416905086145,-7.643962782723053,-8.491015647656527,-2.8203727178198625,-0.9393525139508557,1.818464451151473,8.422631126188847,-2.9072332534155194,1.18709483463756,-0.9530896049694845,0.9254786614038378,-0.5634393500214325,0.3157587625026495,-0.726750960820932,0.6362504355163546,-2.407496464983238,1.488773359521296,-1.5106807225088208,1.6160041424767517,-0.46301553869542766,0.22853293427628696,-0.36556552732244724,0.13850041944783054,0.8667386649445397,-0.06649090101785217,-1.1161665382852688,0.4807466121651022,-0.17327757961977808,-0.09373598768919147,0.06647483218339535,-0.3277573072993661,-12.789460332232013,8.566224233081712,-1.963454554028239,1.0439715506909184,4.553549855072429,-2.891819981787909,2.856042570377669,-2.750949884491385,0.9472768289339789,-0.0750736522312164,-0.08396500613857738,-1.9655411597573815,1.3598344156347932,-1.000413141581859,0.923683756703784,-0.34800846715522776,-1.599595724333581,2.000207919631199,-0.6089768057811547,0.5058062586659686,1.282148351445832,0.7558275463093975,-0.6185275394065716,-0.3607496352421687,1.1811166996279103,0.26896241141634414,0.5899075388007291,0.2940663041691098,-0.8896698238958258,-0.7250784840489533,19.43331853707065,-9.838236629846033,3.0912245907482507,3.5112736436556715,-4.070065829552168,-0.5537968321603007,0.9379417674080346,0.18463816922545462,0.15197018994213923,-0.16951449781616645,-0.09158947274591657,0.7813632535774234,-0.4319104506024889,-1.1643997136718447,1.8710008638281233,-1.3823828978821837,2.7712606112351623,0.31935777933302323,-0.3461215398874676,0.27925103651958394,0.6977986681138738,-0.6282188532178238,-0.217468728706639,-0.008723631324630702,-0.2753952140177979,0.25372108855299935,0.10746503517386516,-0.4826795227376958,1.9595876549201545,19.204042534713036,-8.68508874986222,6.859968461577699,-1.7448064451034537,-1.4848031031138824,-2.396399453885192,-0.2884990508489639,0.6494793461028714,-0.6411394756780625,0.10588977882868347,-0.3845556585811535,1.1955051061633684,-1.0088488485465925,1.4788827553413841,-0.760899691234852,-0.7634083808491066,1.7798268934563735,0.022747166563201766,0.04126119421254507,1.0278287765605674,-0.5284765379168993,0.5573029015183498,0.5818050092034801,-0.03984465039164292,-0.9199803216551906,0.034094718203395755,0.16482979746073495,0.5471773067511275,2.406444629919278,19.894142446904812,-2.390642939569304,4.833172182572546,-3.773440203661784,4.030369751121699,-2.090679597038177,0.8304947996325719,0.22834315637466693,-0.5941311101849248,1.2979739849221392,-0.9035223752372094,1.2526000858852187,-0.5416243868295184,-0.5224832231047337,0.6305505630874916,-1.6503695717386087,2.099610175201867,0.002235372197361406,-0.34044191645999283,0.20264449146391006,0.3050564521744753,-0.25335395046450704,-0.3474588997162648,-0.20760830529970742,-1.1511480815901736,0.18874181909054608,-0.10785260395930582,0.5201402961590147,4.670719240685728,20.759495152983146,-9.508108001460874,7.671216757680409,-5.412233914541302,-0.028436152715014994,-0.1950139156157574,-0.36768435252678483,0.6614860287768277,-0.9961825771450729,0.7895148099872543,-0.8007215447163039,0.9068169902206288,-0.5604026850599394,0.28355553404867223,-0.1239459360922231,-0.07451608017180032,1.2798289954291204,-0.17304068104731127,-0.07189978638513637,-0.8843056151266421,0.7853308260824687,-0.93654892434105,1.3065702862253488,-0.7082206172038901,-0.8885009999562324,0.08346069779437232,-0.20374217796024646,0.24425350012833602,1.5351585797472007,4.990397505835057,-12.884468561657075,4.779993205811497,-5.960081243650365,8.779358189434285,-4.32916703254682,2.455651268020781,-3.031995059151474,0.31810127597789684,2.749274305414491,-1.466044324645963,1.612088004959893,-27.87859993120045,-35.93235344141108,-33.45694989732709,-28.25612009362655,-32.285402190488675,-35.47709271149365,-32.992563378947374,-6.292670904994882,2.3018692494715873,-4.039087895342839,3.9312250967496682,-2.542355169171377,1.1410315855609285,2.974241555326943,-5.162660190463678,7.382947495087581,-0.6351171945124745,-0.6699782992704111,8.086263347091705,7.0182968897378695,0.9453019916296425,8.407951313471882,5.5628268512128445,-8.54872328583966,-19.103507623774917,-5.55406958252413,6.870916747861891,4.071178286466633,16.061920302431083,3.621890842765255,11.86538155513612,-7.786574554559827,-4.423912179916566,-19.360526600108734,-10.178850148461217,1.628830289883043,-0.4191253009518817,13.863368710425265,18.72241616969653,0.5957712931468861,-1.0813508771874127,-20.26307445887724,-7.043693832301785,-12.851884107112248,-2.2108779788859296,12.253629754139528,0.4137099434612639,17.07881700972331,-19.75109873925303,8.782025973868873,-6.768001812202144,13.997068272254007,-9.074347833251073,0.03602496717631175,-10.529632411899732,-3.910003158751636,11.53238889897057,-2.6602539098858813,18.227287351710544,-18.194141442430563,11.250906277251218,-11.315429724007428,6.7232390692002015,4.134011852265336,-4.0312557088867695,-0.9167900530601247,-5.733844326905241,5.468870286311131,4.770791609687153,-3.7645338806973165,1.9707063265377198,-3.267501923701961,-1.4591648993484894,-20.53255991445514,14.74333132311494,-14.415063727336724,3.425238619845198,-12.623668990259528,-14.50982509958268,6.428835903072316,-0.5734873826190788,-24.614400623946953,3.862698230319579,-0.5370310860607134,-1.2888149054013023,13.129464459922648,5.735322036739055,-5.473725994919421,-1.5257157995958044,13.851027480546202,-10.2390871903437,4.237770887672635,6.03169911495802,-1.299366545787385,-5.736236660489131,12.758373028696944,12.810748249222849,-11.50017307195494,5.671229696428142,-0.14783212432581938,-14.265403177385469,6.801238061178006,8.283954493146785,-15.090822244920101,-3.1718686469219106,1.707086914060227,-1.9612766929148424,4.78162303497561,3.882868046275178,-1.1705326490452714,-14.748852243519412,3.1493576955496896,0.16679171782296592,2.4024235584733775,15.727447988377342,1.1403444786353651,-9.232787633681117,-1.8098872788910114,16.968024140386717,-5.1065933882223,1.908908232682003,-0.954073172674589,-13.70245530084376,5.011060774029598,-4.989474875571989,-8.01636556546034,-17.659243761384182,5.728578861812099,-6.347161981051376,1.4808858709602926,1.708518059472534,-1.5440733197155911,1.4067750999317803,-6.304654278030723,3.838861575451709,7.820078129645226,-0.24768290942860727,-0.17492087127057768,0.21620668770877555,-0.9668705453682201,12.237114845391744,11.682417864584917,-11.483423113010753,4.644640660451939,-0.2757967917545803,-0.9506557284462628,-1.1299604894192468,3.348879067253875,8.60688870039729,-5.498218634973683,4.366621782903879,-4.559918547852266,0.48565209783301055,4.055240776092507,-1.8465016462549402,-1.8079139989494275,12.830982533586143,-7.436081290898424,0.34985649586124035,2.416648014486459,-3.838365641280415,0.07534616475941706,-0.015489741486381669,13.568879503360677,-8.073003424368626,2.947676330443705,-0.023261921886205187,-1.8932574330436112,2.100369093948827,3.14221125002629,-4.707057592865616,0.9102051939059244,1.2471720118286374,-0.2551865359187436,5.006069630449444,1.0985901989882239,2.804291303280775,6.684773488814002,-9.804440003574289,4.309156628598083,-1.5170574585458305,0.6932575662691864,4.209807211925615,-4.288872115967704,-2.5081461490669974,9.785757943103645,-10.11577574480058,2.1227547852484365,-0.012546857660598553,-1.846535916625724,-0.06758993738608904,1.1954525076496443,9.467179482586898,-16.23099808486317,6.3045586918306356,-1.6078666231714482,-0.8849361025927771,2.482114457634562,0.06758494878959523,-5.031401014658961,5.576163510854874,4.481714541635136,-0.8206526715176065,1.591308797611851,-0.579231899988668,4.007132352557818,2.1987646603005557,-5.605943642013194,3.3516868973635536,-0.5601608051360629,1.4603521914243158,3.528097458282478,-4.114408778726994,0.3347227514370313,19.579070713200064,-19.566816207814096,10.702279328721838,-4.279051911291379,0.7369994787352783,1.9151645904483507,-5.254252554512493,11.441590807721195,-2.96932041413813,8.376350753335243,-2.8757470210212444,0.34228961895940857,1.0131897760083381,5.006709390820515,-0.8215145041680919,0.40355999280346316,-0.028992549638346334,0.48803346588635466,-1.9167656172937493,1.5006523694750737,-0.29603362618509926,0.22431742910199481,0.6171657758166502,7.455236986206844,-1.991200994247851,5.959162733103938,1.3736889679992779,-0.493370690073746,0.833710592403421,-0.3103724576203192,0.011695017272833952,-0.2614644322888297,1.0349963336199648,2.6919749178854055,-1.0490067117742838,0.19601711562942734,-0.4339416523275239,0.049626199603852415,-19.737840913689457,-0.9515889903609075,-3.3564551995938197,1.1412044033302522,5.669095912833457,-2.7689430664207837,1.694878854430297,-1.629852760113372,0.4682464894448218,-0.877385645663732,0.3700691493173898,-1.6946836682987594,0.8641226576707277,0.3642919029517112,1.9561958653784628,-1.5391863914125552,-1.365353954535238,0.345062586235965,5.048498232125692,-2.3453122308947534,-1.6063206798375775,-0.17876845748030418,0.9018641404230604,-0.18223350169513305,-1.6836525692284783,-1.5109336151745478,0.44653079879055824,0.22602956328020132,-0.3963484000886351,-1.7059551115092952,9.491106643462937,-3.095899348216353,4.785089697200836,6.072831014974163,-3.490931752845037,0.6840051797931329,0.5583921693516561,1.5820733317098725,-0.9187265592268585,0.7288744756737385,-0.6699306610167427,0.07182273305071793,0.18862235620703585,0.14316386680165094,7.165309382652457,0.06444684969159638,-4.5941322877885185,6.616830024511741,-2.332575663476409,-0.6415335203358838,-0.040309108853789424,0.07025899661851671,0.14340844540686123,-0.10965619413882646,2.1273489952588545,-1.2835167021677072,0.8105495886739084,0.05641967634281192,-3.8828718782565907,5.710583808375436,-3.2183258474697536,1.5367742399728161,-1.1220602842379657,-1.2320427782303256,-0.957598330056941,0.1646015753834308,0.3304641255126383,-0.9422394279256981,-0.1413798793364757,-1.349311234057328,0.3747591009940897,0.852475952826551,5.097242908650697,-1.4852106411956219,-2.8826134570057618,-0.8938841355181263,0.45563264625490363,-0.644405175394176,-1.5265809301210072,-0.8893192257023095,0.5865227278731772,0.5805298693436086,-0.3698026895234268,1.0721191691020546,-1.4373893674045561,0.4472657961082571,-0.3750359857319819,-0.10458479560405386,12.931920305119233,-3.051879052351258,-0.8262736130733851,-2.6743987089478147,2.466384746242331,-1.3069622017977323,-0.5937956321498594,0.47836609806406033,-1.5474826120303766,-0.9795128499229754,-0.18986648157574212,0.1635700619644851,0.24042041254626068,0.9999698276034195,4.223758933846782,-1.761886501790336,3.507527897121122,1.073207524325567,-3.787678861479834,0.43650548786662785,-0.41068058850161593,0.6726537395729482,-0.7556920768254844,-3.0748631545717124,3.353633327583462,-1.2814890586709684,1.1184895483362063,-0.171639122301052,1.3777397013757147,4.631387530344796,-3.274173465982891,0.1612508359202697,-6.726544445258542,-0.9804304149745251,-0.2511260210769868,-0.7192515032277075,0.8270031365751607,-1.797960436910235,-0.5693300940932934,-0.28824187632510884,0.17695735837153068,-0.2125684595386011,-2.786284184755992,2.4666443026844704,-2.4477277430305366,2.7613999509117972,2.33677134168658,-1.283682825914785,1.6289577007852427,-1.5642850882449242,0.5183969435490914,-0.6746409675697216,-1.0516094049945757,1.6290009349918175,-0.9920813685965719,0.8215192209870708,-0.3251937481931733,2.658143085960285,18.10962480916123,-10.860641739695728,1.0011864490374216,-7.61777531428583,8.539760928101568,-3.878699448828323,2.065693360840203,-1.6199638700504315,-0.19040716895749843,1.8877429061032063,-1.1691829516124392,0.8527030118762828,77.04821299666312,83.60783943842878,81.71305255157425,77.37252068192242,81.22396563436867,81.07877451343992,87.66892860957056,38.23612245325436,46.59952266800402,34.77217657357343,43.25856548428191,32.010301195987445,42.187724549344146,38.067161518632105,40.21618666565936,40.55789990734364,32.123556951933466,48.098359073341214,41.77654741951682,46.02101989544069,-1.030881004757351,-8.695986164067191,-5.689613345525204,11.134952653281944,11.461722754414474,11.666934104891329,2.0442143551127807,0.9954421206903051,-1.7355151714595458,-9.034049881887974,-0.04524363586562935,-16.5144189301952,6.959007819209439,-1.0023457517045888,22.003270433372975,-0.15080573405668896,-2.987701960577136,-22.93991957447206,4.966827358064281,-4.49258643826966,0.36586957178237534,15.857471981541499,3.1655355774709237,12.631091603381225,-4.30685478074084,-2.0461482156543003,-9.345891440437555,-5.653050639755861,7.99732500028429,-2.799657786280046,4.435390735765182,-8.682955403592075,11.580248708956608,-1.7385272321257061,13.910479263316269,-4.149523168526122,-10.022380077220271,-8.102542379960145,-8.134649249548785,8.923084420875462,-3.849729106012374,6.6159409024713876,-10.351562950503968,6.273805923057668,-0.536855008903206,11.08897453682072,1.7092465113660518,-1.1723515717642288,-16.632868993990307,6.384529640998618,-6.009208696917055,3.093369041355491,7.416765386096667,18.723580037794452,-15.521649253565446,0.15552949455530682,2.138040193666836,3.5888493798330323,-3.446714854595489,5.415075380263595,6.354726419029555,25.86384914098033,4.681075584989518,3.573990419125484,-1.1020914493606402,-1.940368351171386,5.608490672574222,-1.7266918114564505,3.384239101260957,-10.440582923652839,-1.856374578671596,-2.475831600943609,0.5588754552412122,0.3301039767857138,-5.444683114130839,-10.683237886724449,-15.788159421426668,0.11714475776648488,0.08194489769648085,0.44307627229930974,-1.9701460184495871,2.2497479820616966,-0.9687849015739936,10.289147005671618,3.0366718075137498,1.8393993516887908,0.46744309226677677,-2.7876438931377567,5.690084084301229,3.4424508551655193,13.58608274221544,3.8021240633706763,1.8728945701436783,-1.3675100571630625,-4.3696253028513325,7.025755959840971,-5.717145996278965,0.05494792565914414,-17.75036307452391,-1.1170042241527562,-0.27988049743620236,7.277674899782551,11.58442811430594,1.9895106978268096,6.615988002031741,17.238593398438702,35.18809498918273,-6.86548174134292,1.9412999665911097,-1.2848836302237454,1.873542281542675,-3.1891064302371843,-0.33065671482924197,1.8035422531369438,5.626727976069866,-2.328626857022753,3.009426289970114,-1.7068230660479644,1.6255269249936422,-1.2842751765258893,-18.29261122098172,-12.852409254430968,8.533424836235715,-2.239745703118066,2.8059802220061054,-0.6413702371405714,0.1978915247519154,-1.8510560033926133,-8.35003879063223,0.6206904377813918,-1.0730216215905786,-0.9633506011211023,-1.3589551630564731,0.8935350520616488,0.8195867272230914,0.46261858188224103,-23.514204202954005,10.481630445688051,-6.541743023814101,4.2633433908585525,-1.4434780059261778,2.2696856590973615,2.303972122426935,-4.969621517434193,0.5659279324035947,2.5682432311564325,-0.6029399229788583,0.5989313047302804,-1.4514094965847293,-4.553219019329738,14.380721903580419,8.977227837358049,1.9934107874394202,-2.7210778684449766,2.5090957868833343,-3.4095450970458607,-1.5584627458818,-6.753926669112297,-1.6730716103583405,0.9413521778061325,1.1057053029365678,-1.9623444341996652,1.6918163047468322,-0.46075059634050425,-1.4040616796831147,-18.959812880486584,6.0054030268348235,-3.375306047398355,1.9684078479452827,-0.506286069621838,1.924819756268419,-0.289472203707658,-8.973459443373297,-0.6679649178320648,3.2981840617758085,-1.4748165198484862,1.4107230454129087,-0.625770550399739,-1.184201410255412,15.298898550196665,5.583780299694757,0.9277083918657535,0.8943678252875809,0.4690326359896688,-0.2170509420166042,-4.234049246378171,-5.098183002364185,1.712929232999718,-3.3495003781425456,0.9738459867271078,-1.3055851778035932,1.4580632882789955,-1.282766358289827,-9.312240008636689,-35.88755504657175,13.755887383340518,-6.074408963798798,2.7843252764399846,-1.4739508011390265,0.6983281452310883,0.4268272079445519,-1.994245320913185,8.563398506867168,2.2930129492862625,5.577012181430763,4.565353864774136,-1.7540868822293412,2.7122717523475157,-0.3997285701440503,0.5975008524269728,0.029925600091449074,0.4732040538070223,-0.8869327892489034,0.28821632821693544,-0.14405245532117858,-0.19384236225889867,0.2148530559460206,-7.934529410619726,7.089516679476766,0.7751484783820688,3.7961614201996077,-1.241244571096068,-0.27088362032079333,-0.0857086588063816,-0.3992603397036421,-0.15875415932781628,-0.08443506384824516,-0.6315563672018462,0.11422795179590753,-0.22379797073141516,-0.10920491300663851,-1.6832210695704468,24.581850868924295,-6.484328388779663,3.5281726594074407,-1.3454811080734619,3.88011289782411,-2.7778385631921068,2.511213752871099,-0.9466535349460288,0.5011850888411367,-0.2893996484351695,0.4354454832856055,1.752482784141347,-0.8970380231176245,-0.2199485286255618,-2.2344970570265814,3.2614098362128914,-1.788329771803433,-1.9561621487230498,-1.4635739051343877,-0.10615870317877187,-1.154327457637669,-0.8655827637899712,1.0516892590418003,0.14109725398397144,1.550407411543029,-0.05216160434749047,0.9391691078789699,0.3323774526342737,-0.844347666511637,-2.1449154320658743,-22.388887456212355,7.197182078630009,1.6998248047527098,1.173735293036799,-3.134481434574824,-0.36110181673473124,0.9561894606630771,-0.19642177805564284,-0.7188994679665567,0.3155089602774616,0.2890375412368222,-0.37290610196150076,-0.07196379040740976,0.8019826635978199,-7.367472083200994,5.308940934145883,-5.141211395983703,-2.146008647718823,1.1807815487907873,-1.3323959814859543,-0.41889569585249803,0.4530564446282943,-0.31911125498416976,0.23065923885104805,-0.7642621060757367,0.252205432814401,0.2423986518800998,-0.5321401003814105,2.0370634022123917,-21.858278618559584,6.556967539938146,-5.404490055609456,-0.8385365103589213,-1.9333193639648285,-1.964059566139755,-0.032577425527254046,-1.2636380797433167,-0.22739791560835468,0.20902145424062613,0.6872636205557381,-0.696934749396206,-0.6699796953004484,-5.461524636815881,2.2438364769190553,-3.245739567408726,0.16668551038910995,0.9947731269859357,0.2114706073915144,-0.8075550719888966,-0.7201805882530736,0.05937015188298251,1.5932296748997803,1.1383444321008584,-1.390871907907004,0.23164084742673785,-0.07049487340937835,0.30285961111080634,-0.5722674247397003,-25.918426694980344,5.10997313029607,-3.8578720713253096,0.4575364645140864,5.212690156382288,-2.697761240856658,0.2587151668995502,-0.5016395149008919,-0.7125688191549897,0.7607011597421188,-0.14347418746042787,-0.49938913578776817,-0.045946883491609976,-0.5280421716879925,-4.354383561140513,5.831702128175577,-1.155748811153615,4.767213956274739,0.6785969659889379,-0.3230562805709231,-0.46969560285913964,0.7473448697682847,-0.6279252432583965,-1.04703902985901,-1.4359002076618645,0.23212318925682515,0.02082738386025358,0.19522762057221568,-2.8208385175268864,-22.73143497807841,6.0068333460760455,-4.650535852445779,0.47373582688762134,1.4539958287841692,-0.8286163973133908,-0.5735070244318007,-0.2164250094894213,-0.7887520372760397,0.20447312552036315,0.7136870436661553,-0.6458265987010691,0.31643617534873647,2.6697815030750665,-3.2605300939944777,1.814460040508547,-0.012970076073133704,1.3714566207684307,0.2941087654875642,0.6711503051911285,-1.3004621843409339,0.5494043129700552,-0.23284843156380208,1.362853814965905,-1.866483561438554,0.3317533891942113,-0.18077848629891094,0.23891765547912747,-4.5853934728160795,-16.223224418615118,12.737314964504936,-6.1940141466681915,1.5072609122290856,-1.3365355851739944,-1.1341614128541906,1.2758648359204339,0.11118961914712994,-0.38064957504848823,-0.04841922162462285,-0.6991798394356037,1.4055156958357822
20,-7.9426742717039645,-11.500412802791574,-10.652775648429664,-8.758649352151487,-10.441248966841481,-11.527023003792962,-8.896146482244937,-0.20447424402748116,2.287044891256304,-3.021686658155799,3.901110129815124,-5.919378033588947,5.481125583822891,-4.976820037338829,6.140349569154913,-3.61517313704803,3.0533360074806746,-2.9296771858099535,8.909866017985369,11.785759891295688,0.19543243612601943,1.9616947699211704,0.9249496987326644,-6.353836111148196,-16.118673180560243,2.880521561804442,-12.349470815122034,8.231079803680528,-1.7249518014708851,9.276656310234845,4.940648842361068,2.3064483319811857,4.10971178268027,-11.744087315409775,3.3440415180252736,-1.2511973253798683,-0.23659289074376386,1.2797369055608745,7.937141168259997,-2.795326035468401,-0.39439451999324904,-5.6691538743788605,-2.8158168514097555,-7.4149937412200035,-7.468954403891944,-3.0780130654248374,14.566728032757045,7.563417743805731,4.565998433100155,2.2965078650473663,-13.822843632886556,1.5968029476582053,-4.968249584364281,5.422923816847838,-9.85108592125379,-2.3499753525813336,-1.5607428429654515,9.0637133021024,12.707502301590635,5.375233856441318,0.737684740969582,-16.750093843465834,-2.4179570212659947,-7.858549728951835,12.85728812603378,-0.2989874352406646,-5.756095772908877,6.318424063235442,-2.459414959374971,-11.294751613855139,11.336844529419063,-0.7129032627097655,1.5759618466836238,-4.5916434490315385,2.1176554638154483,-1.1203424769013643,2.1586784256500215,1.1577198576639733,-3.4999919841010385,-5.172337922891928,17.557059138986116,4.778161089854652,-1.7116777732472308,0.7057261681436877,4.135343519054358,-1.7203625893967218,2.872747822662451,16.672542666196293,-6.7833584763428965,3.7099367911090404,-1.8508988274787432,2.0330223780302896,-5.252444566651488,9.67803702693511,-5.16194898278682,-19.11798686450221,8.231575445207131,-7.605963965355211,5.648945315012804,-2.7739741131145856,4.469755895426667,-16.761657907812932,-11.937541908479961,8.940779869106118,-5.164311702471211,1.9732296271239214,1.5593195941106939,1.7647698963154916,-1.472685340283271,21.943334570703808,0.2703299444519698,-0.6618289413813248,0.2457085249939196,1.3245711681170627,-2.8609022967414557,5.297150055378116,16.476490472948257,-8.050737755809077,4.36701975828469,-3.158636174659514,1.6757948050237863,0.15564604098888296,-2.3469466345330603,6.84820662511854,-0.6158220514374404,0.2615284660586964,-0.0889136991346927,0.28604580576693756,1.122397029875472,-1.6131972917473887,0.022114439267678095,2.335689155093892,-4.477868817690707,-0.8624908239567316,1.3166571385510275,-0.4299431739237635,1.5439613113276167,0.3941701099615167,-0.547789899457639,-7.671141925517242,6.507098956599718,-2.8694254369215284,-0.0632102659930324,0.03556592563158091,0.7584682046904098,-0.18176085087376576,0.8861003274213479,0.007616794174067042,-0.13330900079313118,0.18666183531450742,-0.2687640055283998,-2.2032786406762095,0.9259639891312662,9.108281825758608,-0.8947525337713249,3.1690646225369123,-1.3171317845607866,1.0977324274819418,-0.8561004606186869,0.6777621668424277,1.0006969584819296,-3.60980389017026,-1.5004361935798098,1.592202317655817,-0.3480873177670834,-0.04017748897265634,0.17287593345609167,-3.7403851798286043,-15.73038577401104,7.058949029089715,-1.3479845812110138,-0.4126230066080601,-0.13146005607232564,0.9137867035548914,-0.18027766433212655,-0.027739035626897723,2.1924848551729523,-1.9800679680289182,0.2828941100952826,1.8077716462852609,-2.4181205344093923,1.9045515369095993,16.705894278434364,-3.9701934081740293,1.4717519857164574,-0.47723963948336356,-0.16981858771653108,-1.0314393941843982,1.395289509993742,0.7859534726133154,-3.355060220420793,-0.6959846568125434,1.9886861680133363,0.4368065836295823,1.1152588020376786,-1.244067452686828,-5.228104623901092,-1.406057093751968,3.4599969462938773,-0.4378403519511358,-1.3473025514876986,0.7264485431424088,0.5934504716975368,0.005032323573178842,0.26005558750147345,5.487970639026308,-2.7979483836164576,1.22245002246127,-0.43001969421670394,-0.9927275004168928,2.373168639153782,12.096623606915356,-7.936947324300048,4.232409776620277,-1.5717050684095866,1.469327939052131,-1.0449976525822746,0.7916738244168876,-0.03537366829710762,-0.5322744183807667,0.7865120283406488,-1.4898183492738495,0.11309807276282818,1.1461582756720452,-0.3270269417466863,-0.3724041512660666,-0.020037021491165395,-0.29430211840839066,-0.5214183040034668,0.7277317342307908,-0.42193888005279734,0.755197558773985,1.7106592004840893,-0.30272781836424595,1.8800977018127316,0.7442831013170824,1.9923359988279574,-1.968626159769475,0.9758105324685941,-0.08095596302196996,0.20247624650175824,-0.8003553240653923,-0.1707808523127354,0.5706751748231105,0.5038618591193785,0.03678228409146124,-0.2941742917885137,-3.141250566748196,-10.811122986454073,4.0475375858562295,4.602993828020705,-3.7713103778165475,-0.7909416695270077,0.7056006032714615,0.4317975496287265,-0.42064901224325046,-0.11265488632479836,-0.1422597331932902,0.3021477511454885,-0.11052418472194737,0.10287507941669082,0.3379644215299795,0.11040981896455672,-0.49980184987733195,-1.958019013569749,3.155520631897003,-1.2309363386575027,0.24006216333245578,-0.03887329651531676,-0.17214163576017572,0.23767775614724046,-0.676549841791393,-1.0141419268050533,0.9314344208999068,0.03511948770650458,-0.3905188517528294,-3.0933525392539853,-9.775339831250331,1.6637440353881436,1.9755839010570162,-1.68159415309222,-0.6518822238442219,0.20327218983526732,0.9396306504328336,-0.24411328333477575,-0.5017484995214553,-0.45945074824571225,0.38079764233822977,-0.18559701940969384,0.021268359574959456,-0.4166204519498364,0.4640910118432386,1.2357175471019888,0.32643566078938985,1.5420233665049285,1.7404805896345406,-0.2737753888061446,0.07974115774222991,-0.05192957117830552,0.1686832563382923,-1.0933944129772604,-1.0838835405164473,0.43840305279105873,0.07725599724375694,-0.34267046649386285,-2.004451714048361,-4.769144785687621,2.8857040215967205,0.38571370025596624,-0.9916812366908605,1.890705210308737,-0.012413659244390574,-0.12778961589782845,0.1537027059164039,-0.2050870557077383,0.6858409982715258,0.39137087288168565,-0.23111016377703442,0.44575897418378235,1.8610205730686031,-1.9716492090940967,1.0644362700220156,-2.52061808248489,-0.2637610335720393,-2.8078400212987886,0.8132595474867522,-0.3964474320855636,-0.21495936052290465,-0.5079882310354641,-1.341038235619354,-0.641089885592687,1.150913674744358,-0.18091423824826888,-0.15236833831191815,-1.8608585377949471,0.605265341065995,-1.0234280125805841,0.6144901129943873,0.3729732335421932,-0.09521026820671091,0.5887604063688422,-0.2831680803180246,-0.6066762948376567,0.25675394302373167,0.42881479822672225,0.6494986621112926,-0.31162361134181044,0.13495831902621264,-1.1722862318583134,1.564345320488939,-0.6571671647484021,-1.3833053859067772,1.1011675440280653,-3.1990216122478654,1.5632145853126986,-0.7226894335346987,0.0352531933447256,1.1434722246268925,0.056700655829835654,1.71633750039849,-0.9478794570679563,-0.3094847838221372,-0.08529731498772833,0.527176624084781,12.888760506679006,-0.2979102731424551,0.410509964941619,-1.171586523388327,1.752118888634042,0.07644212854557772,0.076801660271962,-0.326934741152112,-0.2881436629783248,-0.46380653442442216,0.30685775123994236,-0.13378102112683507,0.2375342032475681,2.154672184764931,-2.001495395514,0.6825106783815855,-3.161819145684041,-0.12794112889274611,-3.2819121758636283,1.2221951752529878,-0.8122623566811871,0.17985786420040098,0.16345952436905745,-0.057223017782220414,0.06310514136546454,-0.15343403770098654,0.8157903313756908,-0.28717260931483457,-0.5570788938722244,0.16263684896896022,3.0921905720239264,1.2358351484362313,-2.2476917281951403,0.015474257934999604,0.43331869455759014,-0.3636669150842623,0.5180218926854623,0.309301611519438,-0.42950041253623217,-0.01158653764606428,-0.09040564544535877,0.25461333662478697,0.09739559344295542,-0.4424437015272544,0.13676219948001514,0.2560591752988484,15.622294823874322,18.346703985257612,17.75592030579517,15.809807049532655,17.478677758007496,17.68762458614578,18.90598037369439,3.0176333693622355,-0.9413643688951686,0.7687764697098879,-0.34677998265091436,-0.08958907131319577,-4.5851795486309275,-1.235231303932959,-3.851028352868917,1.2405322955633862,-1.4527024013218472,-3.120700391848774,-1.4919962905000146,-3.3919736063724035,-0.30308710642748776,-2.929693043711633,-1.7470539532455183,3.6352466936315078,4.806461304130045,0.9056001236408138,10.927875328914336,1.0165738225584513,9.11772161511445,1.230605609590012,-9.92410503153393,-5.2006125107678,-9.641379011889113,1.2995484098360943,-0.6964207675409068,3.900396042707244,-4.435450520004726,1.0430534035913417,1.004216201522176,9.006222278787856,0.31021148926454745,6.408261863306797,2.0918644254233936,4.16121653391654,-1.4520691594482684,-9.54406860732192,-24.014999191841945,5.8162800452301475,1.3402086370960034,13.64204782612535,1.421093275169847,-4.122162216559323,0.003471203803670525,2.4598336956708153,20.982457321716396,-9.47669171565579,-5.341412615188219,-33.490776394386224,1.3153477454289946,4.5346172543122405,15.564825755148325,7.839363153291756,-7.894914878484244,-4.070636717883421,-15.608407226825703,13.489905810618627,-5.995597308251598,4.270904181779349,-10.142961645327055,16.189493476734803,4.409120075444436,1.166437280432606,1.5246659206290007,7.124469561021068,-4.365425722435416,5.493673881134601,-0.9390716346561029,2.9851401768100234,0.374238202432,2.146312879342527,-3.957446722010749,4.796888938539993,2.0749040765753515,-1.491440851975347,1.1694942007688807,-3.754378800805007,-1.697088567543618,-17.73180685443759,6.357416730792288,-5.205424749818289,1.3033821475735672,1.011189554289813,-4.902938887847212,3.9916489598094373,-5.900144993300109,14.077259552624794,-10.868575919823444,3.3422608637792286,1.7542878603582561,0.5208328889475395,6.667898759318087,11.456179108969462,12.692278666146652,-12.107101297700494,8.228498023451856,-2.482424837567589,1.8236132890844754,-0.25300652572723736,-0.5173060146781671,-11.698501676936989,7.192199109254344,-0.14863860180288452,-1.0278923636699224,-1.0667183059945682,-5.310267113258985,-3.250612393406445,-28.29910598800529,10.120332139423752,-9.623504284720616,1.6848218079781137,0.20119316190701292,0.5148170171974681,4.842017462366995,-3.3910758945590778,1.6074300476843963,1.3731275255500694,6.5093678839286175,-2.306632033612056,1.6496131566193055,-2.759406826146025,3.5533075273279353,-1.7910566611524457,-2.628463855280954,1.6943848018026242,-2.4476811260517297,5.028832424069255,-2.0014685769107916,-0.37029528857981237,-5.7324997919158776,17.754636087783226,-9.100985096090898,0.7809588057458674,1.2455015457102498,0.6075327559290836,-3.0774086613775684,-1.3390613737998485,3.281534998765839,-1.347567945293686,-1.9237941887326233,2.5319930880944197,-1.7246037651509931,0.2623785383001282,3.181773395546569,-4.0543702141295705,-5.233571345946541,8.989546072676085,-1.9329935548847361,2.9885227471736355,-2.6845442834107076,3.041319016714203,-0.8259835285985158,-4.587144971496949,2.410806861420687,-0.7754515826259175,2.2993683739595476,-1.3059127523117504,-0.06572216191802553,3.413076523890188,30.27286739137784,-15.771929237348385,6.5848738221539165,-3.168950487934941,2.2053076965008995,-1.1960919863567891,-1.886618496102583,3.6857754046481057,0.2623796458734364,-1.4001232949746323,1.3373957563867798,0.503226212885804,-0.17298481436279292,0.7689688666655007,-24.79814885063774,-6.519950910780592,6.70593898168725,-1.618766805601016,2.029606525850625,-1.3347706184255093,4.314618031625586,-2.682272717398181,-4.217705179736215,2.1206882124765825,-2.353513781407891,1.5858411041090896,-0.7071810400645229,0.750059715289215,7.865300846467081,22.399180574351742,-9.926572596254898,2.2824905078818176,-0.1997960677422671,1.8144371157096193,-2.3768465787139714,-0.8425997308742404,0.5473410449601995,1.8966799637901715,-2.4173783535931035,2.838316700748301,-1.040837750798093,0.24880791142262093,-0.0868355905595607,-27.66814056983891,-6.16069868716781,5.649555270871862,-5.364139691862544,2.4229847429215003,-0.4764674270800717,1.5794755847527304,-0.10156130791649788,-1.4097273720742594,-0.6972849132010227,0.3187192807858891,1.0746947560518691,-2.1844564137546985,-2.4507555110637216,-0.23374005733722233,0.6494793461028714,-0.6411394756780625,0.10588977882868347,-0.3845556585811535,1.1955051061633684,-1.0088488485465925,1.4788827553413841,-0.760899691234852,-0.7634083808491066,1.7798268934563735,0.022747166563201766,0.04126119421254507,1.0278287765605674,-0.5284765379168993,0.5573029015183498,0.5818050092034801,-0.03984465039164292,-0.9199803216551906,0.034094718203395755,0.16482979746073495,0.5471773067511275,2.406444629919278,19.894142446904812,-2.390642939569304,4.833172182572546,-3.773440203661784,4.030369751121699,-2.090679597038177,0.8304947996325719,0.22834315637466693,-0.5941311101849248,1.2979739849221392,-0.9035223752372094,1.2526000858852187,-0.5416243868295184,-0.5224832231047337,0.6305505630874916,-1.6503695717386087,2.099610175201867,0.002235372197361406,-0.34044191645999283,0.20264449146391006,0.3050564521744753,-0.25335395046450704,-0.3474588997162648,-0.20760830529970742,-1.1511480815901736,0.18874181909054608,-0.10785260395930582,0.5201402961590147,4.670719240685728,20.759495152983146,-9.508108001460874,7.671216757680409,-5.412233914541302,-0.028436152715014994,-0.1950139156157574,-0.36768435252678483,0.6614860287768277,-0.9961825771450729,0.7895148099872543,-0.8007215447163039,0.9068169902206288,-0.5604026850599394,0.28355553404867223,-0.1239459360922231,-0.07451608017180032,1.2798289954291204,-0.17304068104731127,-0.07189978638513637,-0.8843056151266421,0.7853308260824687,-0.93654892434105,1.3065702862253488,-0.7082206172038901,-0.8885009999562324,0.08346069779437232,-0.20374217796024646,0.24425350012833602,1.5351585797472007,4.990397505835057,-12.884468561657075,4.779993205811497,-5.960081243650365,8.779358189434285,-4.32916703254682,2.455651268020781,-3.031995059151474,0.40672407655598275,-0.2295597972570539,-1.6354831313323865,1.0468986458290586,-0.09011347699535278,1.025165064503918,0.02349149157399072,2.1188430798575766,-1.9285735474726646,-0.7120687613046663,-0.3253975577322982,0.4325113426229649,-0.15823846217037907,-0.34090228218080365,-0.6977825879167616,0.29191641611135366,-0.11546040120065564,-0.13018043111206937,-0.15804422162625492,0.6786739314199819,4.169065575111412,4.114834994166092,-14.70121411669699,3.4897619293028947,4.133829974327477,0.8995329897930654,-2.018702284314119,2.05295868392222,-0.009194256218012384,-0.2118450300762192,-0.5795441043424254,-0.9794761422266666,0.8989083470808688,-0.4267615231849611,-0.8471630155772432,0.5062794142142342,-1.39744685404073,-1.6403947389722446,-0.21145157605008152,0.2658462428397904,-0.29205885611458327,-0.2378561557474346,0.06660881478713479,0.1860689387870956,0.7781961279339836,0.3983303397680542,0.6668701878565775,-0.332514155229518,0.34625893760741977,0.591696196921439,-11.800689930540841,-4.117152833864028,-2.0409859109199435,0.2839654251770532,7.491129456982667,-5.043260457911524,2.423137996223753,-0.1768409183590335,-0.5095919791933431,0.59565488343534,-0.10171979516431794,0.8474728578972328,-0.3336893965856741,0.6942455935412354,1.025092645039294,-1.0984695897976562,-1.2481963088566757,-1.1904908579011697,0.6748187487427383,-0.179829875740108,0.11212129373918307,-0.28861272351042017,0.1306623606526758,-0.3230310930671355,-0.3107371699309051,-0.021145683959825533,0.00976117041819036,-0.32559992653527914,1.7593410418942839,4.581406362718444,-11.766622527947408,3.032088602633059,-2.0019296464731466,7.565505682288874,-3.7023650835078525,2.639808508111933,-2.3384483807436887,1.0293471693086458,-0.04940809567786648,0.24331574018758464,0.23451035335192644,-0.060834568078446116,0.2232976939119243,-0.4634332061405343,0.2670567043387493,-0.5777613100509754,19.34362292757782,22.36537259362301,21.558704355874518,20.138405806495168,21.747025674896804,21.412645732455736,22.941914100764837,2.2121475651249405,-1.176914081679819,2.7197540795630264,1.6055056384093769,2.2107122763016873,-3.85996814355065,4.782855870115822,-3.675027856127812,2.2355218612682575,0.10493254259221724,7.156215386846354,-17.987280434349156,-22.028854991832148,-0.28497109881004845,-2.305850161337298,-1.32160025242927,9.45076366479295,19.015642115314556,8.365998165147166,12.594052540681352,-10.80989485006366,3.251344173804358,-12.787339632080881,-12.48670017431955,-11.079361367097873,-4.616069496937039,13.321530566706413,11.594115424064928,6.08646790955659,-7.1992690400347294,-16.202561903213102,-7.489293705557255,6.388114558915148,0.36418715877921776,6.1829903738303456,2.248078393502339,3.476063025889397,-8.284268782154177,2.344087939829085,-16.1761609283646,3.873076548013695,6.284682948003123,-5.707522390861948,10.084171319153413,-15.868132770279395,11.34190221398914,-8.440672554953089,15.127873648411702,-6.675192614694159,-2.4866359899344137,-17.987196494768423,-4.841570491897466,11.657645103623505,-1.7939590921909154,15.664003349593367,-16.568328445607705,2.8328872158270637,-16.610813327635903,7.260312878720206,-4.868233764093696,6.446541821798057,-9.23658714776894,20.62014271321433,-5.385040070727883,0.9603364341613587,-0.04964812277377218,5.862253209631198,-5.53082178426572,3.7423164430621947,0.10619234983824474,-14.24343520306254,6.801238061178006,8.283954493146785,-15.090822244920101,-3.1718686469219106,1.707086914060227,-1.9612766929148424,4.78162303497561,3.882868046275178,-1.1705326490452714,-14.748852243519412,3.1493576955496896,0.16679171782296592,2.4024235584733775,15.727447988377342,1.1403444786353651,-9.232787633681117,-1.8100884810461322,16.960127752862036,-5.367846286575372,1.606019994406859,18.71114584647284,-8.277120893566225,-5.366037697645998,16.35452002892408,14.469628359629853,-13.785508859648395,4.2640552044757,-6.213085852246818,-14.034497389853865,2.301074663252205,5.040041914403079,-18.328606835509266,1.402778789587568,2.814087917423861,-12.095163601172176,-6.58775652767904,8.319829655535779,-4.736806237696029,-25.468590036643295,8.70652866001619,-0.6489455866013538,-0.7303535330623309,0.93928427089695,0.7849987230283193,-2.6256817891368462,-4.188973281256534,1.1150983497848115,0.4220083126808795,3.1106738545036157,-1.2758821874195743,5.274704432979995,1.0856633556372555,2.804291303280775,6.684773488814002,-9.804440003574289,4.309156628598083,-1.5170574585458305,0.6932575662691864,4.209807211925615,-4.288872115967704,-2.5081461490669974,9.785757943103645,-10.11577574480058,2.1227547852484365,-0.012546857660598553,-1.846535916625724,-0.06758993738608904,1.1954525076496443,9.467179482586898,-16.23099808486317,6.3045586918306356,-1.6078666231714482,-0.8849361025927771,2.482114457634562,0.06758494878959523,-5.031401014658961,5.576163510854874,4.481714541635136,-0.8206526715176065,1.591308797611851,-0.579231899988668,4.007132352557818,2.1987646603005557,-5.605943642013194,3.3516868973635536,-0.5601608051360629,1.4603521914243158,3.528097458282478,-4.114408778726994,0.3347227514370313,19.579070713200064,-19.566816207814096,10.703973693648024,-4.322143248633135,0.5148585685499512,-0.2913698020851562,-8.458712787873617,-2.999159522982834,-4.493661690431132,5.17472190331971,-3.51263698259893,-2.450050937575622,1.201479180237286,1.5559568010622,-18.174209629473538,-0.8320890133124705,1.995533240332533,-1.6721495192980778,1.6409500357574516,-0.15627585276750194,5.640516772629865,3.4876199309200393,-7.607108187829099,3.054862206525091,-1.158489977287817,0.06426265014883324,0.06473424753565467,-1.28851109406884,5.41649563578891,11.088939779564397,-7.667976658810918,4.619971370807672,-2.3375330151723492,-0.9048166506165732,0.6840565343805911,-4.177308642159853,-2.854737417594744,-2.533365757806201,5.043063414742102,-4.097318939627655,0.6760618293863114,2.943219297879992,0.11404038307695837,-15.833592471921234,-0.8040495762421753,-3.9148888526880152,0.3782018032533195,2.8141950851543216,-0.2421822036445516,0.12735172395159453,0.01605719465406347,0.10827032016445326,-0.6112838971876626,-3.09347744344405,0.41527274306054396,-1.777941250551106,-0.7590142023997878,0.137126935789721,0.3304641255126383,-0.9422394279256981,-0.1413798793364757,-1.349311234057328,0.3747591009940897,0.852475952826551,5.097242908650697,-1.4852106411956219,-2.8826134570057618,-0.8938841355181263,0.45563264625490363,-0.644405175394176,-1.5265809301210072,-0.8893192257023095,0.5865227278731772,0.5805298693436086,-0.3698026895234268,1.0721191691020546,-1.4373893674045561,0.4472657961082571,-0.3750359857319819,-0.10458479560405386,12.931920305119233,-3.051879052351258,-0.8262736130733851,-2.6743987089478147,2.466384746242331,-1.3069622017977323,-0.5937956321498594,0.47836609806406033,-1.5474826120303766,-0.9795128499229754,-0.18986648157574212,0.1635700619644851,0.24042041254626068,0.9999698276034195,4.223758933846782,-1.761886501790336,3.507527897121122,1.073207524325567,-3.787678861479834,0.43650548786662785,-0.41068058850161593,0.6726537395729482,-0.7556920768254844,-3.0748631545717124,3.353633327583462,-1.2814890586709684,1.1184895483362063,-0.171639122301052,1.3777397013757147,4.631387530344796,-3.274173465982891,0.1612508359202697,-6.726544445258542,-0.9804304149745251,-0.2511260210769868,-0.7192515032277075,0.8270031365751607,-1.797960436910235,-0.5693300940932934,-0.28824187632510884,0.17695735837153068,-0.2125684595386011,-2.786284184755992,2.4666443026844704,-2.4477277430305366,2.7613999509117972,2.33677134168658,-1.283682825914785,1.6289577007852427,-1.5642850882449242,0.5183969435490914,-0.6746409675697216,-1.0516094049945757,1.6290009349918175,-0.9920813685965719,0.8215192209870708,-0.3251937481931733,2.658143085960285,18.10962480916123,-10.860641739695728,1.0011864490374216,-7.61777531428583,8.539760928101568,-3.878699448828323,2.065693360840203,-1.6199638700504315,-0.31341039320610986,1.1451563511573293,-1.4605417996228798,0.6598339825188618,1.6551226970860609,6.321294911253385,-2.5531296856225203,0.9408458482378473,3.2852880439077197,1.8690736400145722,-1.0345635343824438,0.3931853776405851,-0.062045678077030014,1.1245697859102148,0.33635578429433655,1.341551705101168,0.43368458196950854,-0.20207406441716508,-0.03346587941647866,-0.07148020454115295,5.358870612448096,19.868829279383117,-6.590153907650699,2.7345816964176217,0.49491435167120296,1.7716382386177558,-0.7392273487672465,0.7540774987636042,0.5244766180359575,-0.49389711189532826,0.8481791170002857,-1.2421565748828953,0.808059911664284,-0.31180995360606184,-4.194834028277568,6.291993693854401,-3.141122554084843,-1.0768998560695917,1.437055388210848,-1.5260690597994853,1.3796480406272082,-0.23644782136573556,0.6052241780675107,-1.3182775214437819,-0.7486198513925058,-0.23468299257065542,-1.3386143133233823,0.5049169749182595,-0.5077343977684489,2.318975245016279,4.205891550824882,-2.765023248589152,0.9164042440190305,1.7595016803561403,8.908517893374631,-3.6811794582023496,1.717754984124616,-0.98919346759428,-1.2323193235327,-1.1855859904113415,0.8637629844382425,-0.5020509259000046,1.589440576775543,5.12766985269437,0.2171305067908937,-0.9635284867702192,1.416060728469882,0.36143613686513143,-0.6747620493910659,0.2559768232167854,-0.05839550029246525,0.6616587560724895,-0.5538907172364659,-0.015391023353460365,1.1376773548419596,-0.8013940430679523,0.14207359669894706,-0.2661111285170499,3.770515902020076,21.090907158744365,-7.109471230405581,2.1046823663128307,0.27911316764961475,8.137995928818993,-2.1290555524077557,1.3289196866292308,-1.4997808314262782,0.5445374750713361,-1.0869875894524332,1.1298428928819353,-0.999395512083133,0.6145552065610203,-0.09904743359719295,-0.3749526158010776,0.7395736030068603,-1.0317665937718732,32.11742024356898,34.90932881315815,33.310706854021426,32.10201468354566,32.742434902766675,34.51295040159946,33.46587370786643,31.91920381302564,44.99185605032145,35.82158691527856,38.02865388122709,41.360662277736424,43.26279734186557,48.41665073619547,37.1589060799699,45.76908258079088,30.072771059296223,50.59853655212142,30.412968277942436,28.39361806678949,-0.5243713585154293,-3.596185376726637,-3.338604214383971,-1.5589470794916773,-8.387347847200289,-10.78249076157907,-0.005386647761235389,-9.824868131655208,6.316262079048142,-11.515073654470843,24.283604549674465,-1.6373062156518732,16.5606682855109,-3.522070671919653,-2.8739982970527924,-0.6483787816202182,3.4986204581321485,-1.9894671141448808,5.155496347783101,-19.455511084018898,0.43126053682118964,9.071817355763589,2.760733595661278,4.07962266531813,8.206628454638773,7.755733981157574,12.998844918631285,-7.9729174594725265,4.012556731940104,-5.751423702803958,2.9224322792415336,3.846850512769992,-5.715386978180953,0.8788384341508684,-16.087693340618884,14.130379132708482,4.163203371688677,21.317744866244066,-6.587422190363798,-4.570361025172741,-8.199392793085295,-4.00741471028115,9.730374134578753,1.4513536382612002,15.690486754155188,-15.881336813630663,9.635245076450675,-7.152273251567393,12.279907246086587,-17.756187616862455,-0.44621024904122386,1.3695613863741491,0.21689158268882427,8.419777895168203,-8.865015761747893,2.678117340140488,0.1251255142010289,-1.992396286413985,2.2497479820616966,-0.9687849015739936,10.289147005671618,3.0366718075137498,1.8393993516887908,0.46744309226677677,-2.7876438931377567,5.690084084301229,3.4424508551655193,13.58608274221544,3.8021240633706763,1.8728945701436783,-1.3675100571630625,-4.3696253028513325,7.025755959840971,-5.717145996278965,0.05483973014271176,-17.72683918083768,-0.7114859584678492,-4.247031649166797,-5.671218232101759,1.0496696409503918,-5.815011954398954,-15.022635268068653,-20.89404915844223,3.467307332406748,0.7381640831509264,4.856541684679503,-2.6511503341921068,-1.1106543520448169,6.348824130622886,16.155604491813012,4.899842804133522,4.7628305548547205,4.415273928328765,-2.8908666387858943,4.7860172216480095,5.570996980675551,27.532753909872184,-0.48370906200717273,3.198519434388054,-1.3727370603454363,-0.6458791810198878,0.9703115713548519,-0.6466665072695343,-6.3534128158067595,1.7522629690194735,1.3496697835148814,5.558154124150669,-3.0693868741713253,2.489023369093258,-3.421240467465834,-1.5584627458818,-6.753926669112297,-1.6730716103583405,0.9413521778061325,1.1057053029365678,-1.9623444341996652,1.6918163047468322,-0.46075059634050425,-1.4040616796831147,-18.959812880486584,6.0054030268348235,-3.375306047398355,1.9684078479452827,-0.506286069621838,1.924819756268419,-0.289472203707658,-8.973459443373297,-0.6679649178320648,3.2981840617758085,-1.4748165198484862,1.4107230454129087,-0.625770550399739,-1.184201410255412,15.298898550196665,5.583780299694757,0.9277083918657535,0.8943678252875809,0.4690326359896688,-0.2170509420166042,-4.234049246378171,-5.098183002364185,1.712929232999718,-3.3495003781425456,0.9738459867271078,-1.3055851778035932,1.4580632882789955,-1.282766358289827,-9.312240008636689,-35.88755504657175,13.755887383340518,-6.082215541807202,2.6725230990220656,-2.4644886842807874,1.8718677938392325,5.68106826191855,1.6323714444759052,-1.2946268292248622,1.5748022452850245,-1.48191960234439,0.6984400578562012,0.2799165849977345,2.3393367675131382,35.99770709217851,2.3472363599332318,4.079580153312667,-3.8439258954856017,0.8311902400752512,-2.031317659904096,-4.419747297495849,-3.492954860190077,1.8393731058857004,-1.320159753392894,1.511279699777568,-1.607765971224003,1.714383845780931,-1.4778641286037226,-14.531394228100764,-20.80302743628012,10.194437957082464,-6.363047688408071,4.068268119700353,-0.7011184296772552,1.2458848228497443,0.2950785989892799,1.248418248156452,-0.718080882155669,0.4196553442820551,-2.3705709016307157,0.9241629176969695,0.38290928205618163,0.9480650086001271,33.96866828312654,4.368933275827394,0.3541560489026059,-3.881236602968125,2.9875818163329093,-2.4559058704013412,0.8086051384715007,-0.43203795258582584,0.12548100890692523,1.5933310081243695,-2.3513500654804185,0.8616069949840712,-2.7494535812972485,-1.7438213495892598,-0.06142540803001155,-1.2636380797433167,-0.22739791560835468,0.20902145424062613,0.6872636205557381,-0.696934749396206,-0.6699796953004484,-5.461524636815881,2.2438364769190553,-3.245739567408726,0.16668551038910995,0.9947731269859357,0.2114706073915144,-0.8075550719888966,-0.7201805882530736,0.05937015188298251,1.5932296748997803,1.1383444321008584,-1.390871907907004,0.23164084742673785,-0.07049487340937835,0.30285961111080634,-0.5722674247397003,-25.918426694980344,5.10997313029607,-3.8578720713253096,0.4575364645140864,5.212690156382288,-2.697761240856658,0.2587151668995502,-0.5016395149008919,-0.7125688191549897,0.7607011597421188,-0.14347418746042787,-0.49938913578776817,-0.045946883491609976,-0.5280421716879925,-4.354383561140513,5.831702128175577,-1.155748811153615,4.767213956274739,0.6785969659889379,-0.3230562805709231,-0.46969560285913964,0.7473448697682847,-0.6279252432583965,-1.04703902985901,-1.4359002076618645,0.23212318925682515,0.02082738386025358,0.19522762057221568,-2.8208385175268864,-22.73143497807841,6.0068333460760455,-4.650535852445779,0.47373582688762134,1.4539958287841692,-0.8286163973133908,-0.5735070244318007,-0.2164250094894213,-0.7887520372760397,0.20447312552036315,0.7136870436661553,-0.6458265987010691,0.31643617534873647,2.6697815030750665,-3.2605300939944777,1.814460040508547,-0.012970076073133704,1.3714566207684307,0.2941087654875642,0.6711503051911285,-1.3004621843409339,0.5494043129700552,-0.23284843156380208,1.362853814965905,-1.866483561438554,0.3317533891942113,-0.18077848629891094,0.23891765547912747,-4.5853934728160795,-16.223224418615118,12.737314964504936,-6.1940141466681915,1.5072609122290856,-1.3365355851739944,-1.1341614128541906,1.2758648359204339,0.11118961914712994,-0.06160866454632865,0.8548661082803839,1.4009010112529336,-0.9004471071274844,-1.7152973465183219,-6.791285819111668,4.581901166863607,-0.9279257812172212,2.2062021950850945,0.3963077407643709,-0.6334296977700962,1.0162348045176806,-0.3375123049187893,1.050902008830421,-0.02927019822765347,0.9800771406333764,-0.41565558702323846,-0.10787550568746185,-0.185274713372074,0.5597672379972162,-5.731964148737169,-15.161076081180756,15.480940223228613,-3.597754793350135,-0.333098549832019,3.3592400114952303,-2.3031654519472577,1.1490018346637456,-1.4366284567484764,0.2771756701215532,0.24764722921813503,0.3167764039454196,-0.6524924387331525,0.32499102401576613,4.356299103560817,-4.417828863445157,1.0171668599008463,-1.732627403718316,1.388694167607617,-1.1298226570935581,1.3204777613829446,-0.15411241326561909,0.4507122283292603,-1.2591863621597317,0.8537979099931002,0.2861491495707958,0.5722572859518317,0.042675863571116454,-0.00298091625328558,-3.3391241079114753,9.171071800387226,5.4552296016719755,4.918500762743581,-1.3914744733442213,2.1402994177686274,-3.0071416636799713,1.5435403337856604,-0.5831310054373745,-0.1811910027774934,-0.575896265459793,0.046009035486797994,-0.34800089236036924,-1.3294550230430269,-5.31242950742099,3.3895133590301256,-1.9508450370926136,1.5909448593352937,1.6546453325574209,-0.6309431187099548,1.1371905205575685,-0.26609349644166946,0.5328527841188052,-0.47686773294386037,-0.20792844333323884,-0.7799606533585154,0.05099121704383898,-0.27959286477091816,-0.2987623990653785,-8.416022441121099,-14.599560555501013,12.401719865311126,-3.096255430341676,0.7213952140304354,5.739745059626209,-2.7065810473782888,2.16205228340277,-1.2778093073431265,0.8482248140585189,-0.2513430685766243,-0.46004790356558806,0.6192289595725717,-0.4601030962705182,0.04723192414883287,0.3630848244061309,-0.715018826302241,0.9209402843341774
21,16.944232080907486,19.85937632403402,18.283420323605974,17.874836359189256,18.39185176911384,18.1329333946219,23.04792222476585,-2.3840018402010124,6.764781010079265,-5.781106716366565,5.686729674357808,-2.9431727765246927,1.5130631677169752,-0.06116157989486187,-0.19772095735847006,2.436486318746212,-4.195488792989701,4.6183238385065675,-5.212118424214788,-5.21310946032158,-0.32526287047840313,-1.644382087940115,-1.8654148663746724,3.292190491117532,-3.089372449995592,6.486487737610088,2.674801105848955,6.247579603535773,4.5277759274599685,-9.406044958937601,3.4414970071407422,-12.549511146245655,3.787422636334691,-10.303091965198222,10.307628492821907,2.9221690895628996,-4.254282189360963,-9.584472492349175,12.283530719434685,-3.403086496153147,0.5134616061411527,6.9228153649137125,3.234232572782703,2.5522751623166187,0.010780304042615756,1.5573277139036967,-16.482273797475955,-6.826846385038695,-7.275681439291933,13.52772920641903,8.7643735900888,3.3232934498265814,1.2237555328146923,-12.247167016760905,6.773407838900576,-6.527239574701175,4.6382468756060895,-10.208598903640386,-1.062920745268389,-2.348629262730708,9.039799388516574,11.812897733071685,4.404566107988309,2.6631634942913456,-16.334591259133976,-3.622244105581815,-7.034196916205235,10.331712516004663,2.5439494973572394,14.944214955006784,-2.988597606340471,0.7116725434945357,-3.3006617384365247,4.3775957756399615,-5.12740321835301,4.820540509115443,-2.7297179427013796,4.505194589357969,-16.761657907812932,-11.937541908479961,8.940779869106118,-5.164311702471211,1.9732296271239214,1.5593195941106939,1.7647698963154916,-1.472685340283271,21.943334570703808,0.2703299444519698,-0.6618289413813248,0.2457085249939196,1.3245711681170627,-2.8609022967414557,5.297150055378116,16.476490472948257,-8.049655595384127,4.4050516513918785,-3.8059523552501284,-1.0571585224959879,-5.137485119893928,7.301201526860848,-7.505289390345053,-19.010068976365293,11.200675913363172,-7.185238997983846,2.706950519391629,-3.6816692278880234,5.904144370659971,-15.079006063824085,-6.188943829429936,7.553179230790696,-4.906438706876832,3.3404337475569514,0.7480254380641973,0.7339965807693271,-11.418611401106958,6.5010675312266555,6.223465546800445,-1.6227449814919468,1.7952606989638424,3.575387586763583,1.11406720233321,-6.674754311546735,1.4773400655259568,-2.7998022217962864,0.5896493524825156,0.7749472761634766,-0.026395781769809227,0.833334077591788,-0.21610071885447113,-0.0024432829533950554,2.1924848551729523,-1.9800679680289182,0.2828941100952826,1.8077716462852609,-2.4181205344093923,1.9045515369095993,16.705894278434364,-3.9701934081740293,1.4717519857164574,-0.47723963948336356,-0.16981858771653108,-1.0314393941843982,1.395289509993742,0.7859534726133154,-3.355060220420793,-0.6959846568125434,1.9886861680133363,0.4368065836295823,1.1152588020376786,-1.244067452686828,-5.228104623901092,-1.406057093751968,3.4599969462938773,-0.4378403519511358,-1.3473025514876986,0.7264485431424088,0.5934504716975368,0.005032323573178842,0.26005558750147345,5.487970639026308,-2.7979483836164576,1.22245002246127,-0.43001969421670394,-0.9927275004168928,2.373168639153782,12.096623606915356,-7.936947324300048,4.232409776620277,-1.5717050684095866,1.469327939052131,-1.001427382770839,1.5590531262485714,1.2271920181193745,-6.777143932405793,0.5877149398504221,1.655123238202515,-0.03273780649220706,0.9841200183037038,-0.7724706251991046,-1.9578551183393627,-9.280981543551892,3.0024885279144646,0.6596788862649863,-1.9397395637389614,-0.22957411100714223,0.8813832929609657,-0.5869319348839743,1.1513719380146923,4.108510567670011,-2.242526504574442,0.8215785870242234,0.43002484465741025,-1.231845651122548,1.327541588156722,9.635937711892051,-5.4728694353571505,5.101335191991128,-1.7760334318622388,0.29595497466196974,-1.0967637833812536,-0.691183326723872,0.5266253701989849,-1.8885747399511705,-0.8048041611350956,1.9058839266726486,-0.837645235587376,-1.1221898060725477,2.3147139716034233,6.999568562104971,-12.009278695272283,6.353221069114888,-3.073413544371874,0.4404895533428255,-1.201520393398533,1.559434196988456,1.2089499496598382,-3.816985454207174,-0.23348633007071565,1.6152936382473146,-1.5039020403823165,4.225471264295468,-2.05637529776182,0.23414636309029443,0.5372518365079604,0.3701394441940926,-0.21348108727117146,0.44575897418378235,1.8610205730686031,-1.9716492090940967,1.0644362700220156,-2.52061808248489,-0.2637610335720393,-2.8078400212987886,0.8132595474867522,-0.3964474320855636,-0.21495936052290465,-0.5079882310354641,-1.341038235619354,-0.641089885592687,1.150913674744358,-0.18091423824826888,-0.15236833831191815,-1.8608585377949471,0.605265341065995,-1.0234280125805841,0.6144901129943873,0.3729732335421932,-0.09521026820671091,0.5887604063688422,-0.2831680803180246,-0.6066762948376567,0.25675394302373167,0.42881479822672225,0.6494986621112926,-0.31162361134181044,0.13495831902621264,-1.1722862318583134,1.564345320488939,-0.6571671647484021,-1.3833053859067772,1.1011675440280653,-3.1990216122478654,1.5632145853126986,-0.7226894335346987,0.0352531933447256,1.1434722246268925,0.056700655829835654,1.71633750039849,-0.9478794570679563,-0.3094847838221372,-0.08529731498772833,0.527176624084781,12.888760506679006,-0.2979102731424551,0.410509964941619,-1.171586523388327,1.752118888634042,0.07644212854557772,0.076801660271962,-0.326934741152112,-0.2881436629783248,-0.46380653442442216,0.30685775123994236,-0.13378102112683507,0.2375342032475681,2.154672184764931,-2.001495395514,0.6825106783815855,-3.161819145684041,-0.12794112889274611,-3.2819121758636283,1.2221951752529878,-0.8122623566811871,0.17985786420040098,0.16345952436905745,-0.057223017782220414,0.06310514136546454,-0.15343403770098654,0.8157903313756908,-0.28717260931483457,-0.5570788938722244,0.16263684896896022,3.0921905720239264,1.2358351484362313,-2.2476917281951403,0.015474257934999604,0.43331869455759014,-0.3636669150842623,0.5180218926854623,0.309301611519438,-0.42950041253623217,-0.01158653764606428,-0.09040564544535877,0.25461333662478697,-1.0997448337720235,0.44834875005170954,2.0745451526994416,1.4720338197404434,2.5778792966229407,-4.504027713498396,1.3292743097059645,-0.338314949079563,-0.23716771377596732,-0.09786080504969925,-0.653699926510277,-0.9923054532498482,-0.9737166077509681,-0.06919909891598769,-0.20132220413554783,-4.633993838091033,-12.226156135764658,1.168087476954379,-4.2823666775664275,-0.6507203738780784,1.7637526667642163,-0.8348284725528059,1.0388476180971957,-0.25714997503034015,0.17880669378079217,0.6680104263781724,0.19306841733007907,-0.02747884050208633,-0.2743357390027239,-0.46706770576387474,-0.38570253440968966,0.19789537026785775,0.3335983575201856,-0.02576907920385774,-2.1319743584035544,0.6519376931078527,-0.8166103382826096,0.23577436072339938,0.05716310351452504,0.42727264372993357,0.28968609522076194,0.18921523669808693,0.6420464752293645,-0.38578450532123115,-0.7905462606857312,-4.647985592847663,2.6666905254755715,2.9141043135965856,-1.4592568528232157,-0.6709007192180112,0.6788267544819185,0.48226323784730457,0.09353889962009153,0.5761705003314653,-0.23597529515160084,0.5422545338615375,-0.336231921949371,-0.4075421592465407,1.0590108623428056,-0.33054304885633834,0.003194179533153954,1.2962608265877762,-0.7015848386964064,-3.6321527248965126,1.2359268127143272,-0.3370503915225532,0.7375194217471455,0.04032794134132793,-1.5307691676599668,0.09875820351822348,-0.4383384061245639,-0.19615930214668778,-0.246399045568529,7.083669194448788,-4.127948316358445,-1.3482185317431525,-0.016878604518060898,1.566901230914239,0.11174256328824234,0.12938942459852715,-0.6727795621440281,1.2733244135861466,-0.7616943315982211,-0.6330218028984583,0.10187082365367817,-0.10642582909630922,-0.8455102161121018,0.3059092500114721,1.155128383790144,-0.4378507171059841,0.5680344734564705,-1.7294273290680422,1.0572087757203243,0.7724856045605388,-1.3145547519090794,1.526761422135679,-1.2160730298435691,0.6677440446718985,-0.3111956789222364,-1.0720045226501613,-0.5443093175386572,1.085312080229896,-2.268073344683966,0.7388890533146834,-5.784675701016453,2.1323765957489127,-2.0550775738822904,-1.6790510216080263,-2.4337024238021754,0.9344473494926263,-0.31355018934887025,-1.260037427004777,0.5297653694589952,-0.2071346128077114,-0.8369874557025306,-0.6885094523609178,-0.244083176680824,-1.6845919669027791,-1.5277898823313096,2.9531690484899586,11.877858272136404,4.621718162761086,-2.5774046478666315,-6.226366436859313,-13.024303996365552,-5.160674642102736,-3.933971932886685,6.613669825445078,3.169811402028604,11.242350470145647,-2.231671227679427,-2.178773548840929,2.8777921010158134,-0.21957824725126007,-11.595305511903621,-2.7438246806224575,0.2746837906789053,4.917426773116461,1.9809148153769591,3.185793728348503,4.283545550565596,19.973525748251003,23.303537345281285,-10.652288552549848,-4.56422358002036,-20.50916343976858,7.232049688102381,1.875156878286331,14.31808517355775,-0.7313491225987058,-7.024858441213633,-0.7654020191234763,-1.595285254208959,14.9887441575233,-8.491792756993739,-2.958029433273582,-26.08360801937341,-0.011569714259173736,5.506296280324206,18.848098852397847,13.78840089988688,-8.192517720548246,3.3144706753675446,-2.5032351991732638,5.52125781364091,-15.79476471746058,-20.4069575545029,0.5880276395378065,-1.3162716897417879,3.5772668199048754,-2.9566647744587744,3.1704923922352073,0.35550598724789023,6.673745959900368,11.456179108969462,12.692278666146652,-12.107101297700494,8.228498023451856,-2.482424837567589,1.8236132890844754,-0.25300652572723736,-0.5173060146781671,-11.698501676936989,7.192199109254344,-0.14863860180288452,-1.0278923636699224,-1.0667183059945682,-5.310267113258985,-3.250612393406445,-28.29910598800529,10.121234451337951,-9.58829197011723,1.4990241353571547,0.24816340838452655,-6.189870728101105,2.5136790898858057,-10.748989380271373,12.203459203367117,-8.168474239776051,3.0630509684790175,2.2768165528000206,0.6667112435126978,6.011836160956475,8.528076552691322,12.599770660915114,-5.816068924015558,4.70223157875887,0.17371123736765143,3.1526560857422985,3.7756183677000195,5.345140513454822,5.115657746852397,-0.17919546622947327,6.7149046982550225,-1.4245723864610926,1.2780491388154476,-0.5105587138858737,-1.0942749566345864,1.4311339869008861,-6.705097100752989,0.4986900700296443,-0.13209143073688095,0.8464960348689234,-0.47249500982271425,-2.113063405511181,3.711640991597023,0.2623796458734364,-1.4001232949746323,1.3373957563867798,0.503226212885804,-0.17298481436279292,0.7689688666655007,-24.79814885063774,-6.519950910780592,6.70593898168725,-1.618766805601016,2.029606525850625,-1.3347706184255093,4.314618031625586,-2.682272717398181,-4.217705179736215,2.1206882124765825,-2.353513781407891,1.5858411041090896,-0.7071810400645229,0.750059715289215,7.865300846467081,22.399180574351742,-9.926572596254898,2.2824905078818176,-0.1997960677422671,1.8144371157096193,-2.3768465787139714,-0.8425997308742404,0.5473410449601995,1.8966799637901715,-2.4173783535931035,2.838316700748301,-1.040837750798093,0.24880791142262093,-0.0868355905595607,-27.66814056983891,-6.16069868716781,5.649555270871862,-5.364139691862544,2.4229847429215003,-0.44342157373719027,2.1859408947028642,1.0827720370941218,-3.1404178038264474,2.774679950173594,-1.0240938922133038,0.6747202032880073,-0.5163385500883004,-1.130073309655012,-7.914406443934891,17.59520397847414,-8.554915630356078,5.856626488601672,-3.3081074872843996,1.4767725226880712,-1.7826608411691116,-1.4653924273143804,3.4427517269991657,1.6434742243724345,-1.48592087522513,1.7861502078964393,-0.9594874074639204,-0.10222342764490348,3.275923469823122,-14.854649090000486,-6.303023014490191,10.609361958669671,-1.6998158086740056,1.900280588295083,-4.855363672612918,0.8992801976539428,2.0337690315969743,-0.9495578115244817,1.8315610474722592,-1.4308276794769652,0.7370572769746027,-1.2930462091313712,-1.6695748122535925,-22.704721289642517,7.518613610852195,1.7040411098511805,-3.1812762339580978,2.533372231135271,-1.6813842587256782,2.6684166200411394,-1.016763271454865,-4.536554501073142,0.8652953387290969,0.0622008952536553,-0.3251773529415099,4.508173746852586,0.196486750681175,0.19519413334018393,-0.0882552315408659,-1.7646824963271273,1.0754976141426977,-0.09011347699535278,1.025165064503918,0.02349149157399072,2.1188430798575766,-1.9285735474726646,-0.7120687613046663,-0.3253975577322982,0.4325113426229649,-0.15823846217037907,-0.34090228218080365,-0.6977825879167616,0.29191641611135366,-0.11546040120065564,-0.13018043111206937,-0.15804422162625492,0.6786739314199819,4.169065575111412,4.114834994166092,-14.70121411669699,3.4897619293028947,4.133829974327477,0.8995329897930654,-2.018702284314119,2.05295868392222,-0.009194256218012384,-0.2118450300762192,-0.5795441043424254,-0.9794761422266666,0.8989083470808688,-0.4267615231849611,-0.8471630155772432,0.5062794142142342,-1.39744685404073,-1.6403947389722446,-0.21145157605008152,0.2658462428397904,-0.29205885611458327,-0.2378561557474346,0.06660881478713479,0.1860689387870956,0.7781961279339836,0.3983303397680542,0.6668701878565775,-0.332514155229518,0.34625893760741977,0.591696196921439,-11.800689930540841,-4.117152833864028,-2.0409859109199435,0.2839654251770532,7.491129456982667,-5.043260457911524,2.423137996223753,-0.1768409183590335,-0.5095919791933431,0.59565488343534,-0.10171979516431794,0.8474728578972328,-0.3336893965856741,0.6942455935412354,1.025092645039294,-1.0984695897976562,-1.2481963088566757,-1.1904908579011697,0.6748187487427383,-0.179829875740108,0.11212129373918307,-0.28861272351042017,0.1306623606526758,-0.3230310930671355,-0.3107371699309051,-0.021145683959825533,0.00976117041819036,-0.32559992653527914,1.7593410418942839,4.581406362718444,-11.766622527947408,3.032088602633059,-2.0019296464731466,7.565505682288874,-3.7023650835078525,2.639808508111933,-2.3384483807436887,1.0293471693086458,-0.04940809567786648,0.24331574018758464,0.23451035335192644,-0.060834568078446116,-0.7322208443547,-0.2712149023407734,-0.46501820188151,1.0565991986849244,0.5712808795138253,-0.0788120995809245,0.4815739351929435,0.8712708470659732,-1.0402489011327503,0.4588902864942678,0.4897202951720347,-0.8758088510367245,0.269674379411768,-0.5009184261286176,0.23531791244180136,-2.84888887674591,20.240571477536978,-4.85090524036687,-0.4922723282417606,-2.560847106704704,2.2409255224962132,-3.5198577868650007,1.0030808586310598,-2.50670240330059,0.522888335754691,-0.1195289656266802,0.23895540372105717,0.49702387199141684,0.3234668174576993,-0.4824234175351086,-1.099463606685923,-0.3535150361368615,0.9008720695649238,-0.7544746496917571,0.26671896689882485,-0.49618233981511556,-0.9329202343413207,0.09192633186808627,-0.08876154845898751,0.5312986260823075,0.2701529921398202,0.253645504500778,-0.0037635481702564533,0.17669000783194574,0.9440016153494847,15.968452902960612,-9.632428177539266,5.283270419891505,-2.678404051398887,-5.014059207763214,-0.32459214933619257,2.1451532365959785,0.5398892998483608,0.4062984049868674,-0.1591826825684625,-0.14192766134387308,0.31631864695795436,-0.5050578089744041,0.2476039744005838,1.3100361179634752,-1.3524331943346288,0.8958730393159644,-0.7100167019859143,-1.1482053934028913,0.03951642415768333,0.7138107956507768,0.8908593405009071,0.8619209146828352,-0.49721900188490675,0.34922893255363363,-0.33805784989986454,0.22530695370143541,-1.1549523698625583,-17.560233429803784,5.008350743204076,-5.688446541787767,1.918863364780496,5.356184994107957,-5.542426801463938,1.9915823409460107,-0.5124411431165528,0.9789045280098975,-0.029063326588139246,-0.6803506858299134,-0.008915293329352113,0.10064004996283048,-0.19366366533891294,-0.0826845411100405,1.9960137554260964,2.3181318451859565,-1.0763797300368072,0.1742359366626571,0.19511356449704736,-0.1782663662248932,0.09385903190821303,-1.3784379504405084,-11.829844355694553,-7.5902686160367026,-9.89948798942462,-11.941391085598754,-10.980004621806664,-6.2998511307049005,-15.223875357606046,2.3314802403042334,-3.267200899866271,2.412787004542466,-0.6681395547710822,5.41075194893371,-3.6482938164089544,-0.1417280175184592,-0.864347670561588,-1.642202643050341,1.6141925065047233,-1.342074337942554,-8.992610017039466,-11.598799098000196,-0.49884724226591437,-3.7161690837131154,-3.7476562640261664,-2.0927752692689685,2.939671607634891,-10.732417450643764,-7.459069533954792,-8.500042928734103,-8.01604384023116,2.3044781498797535,5.246754447299632,16.65970771416542,5.488450022392214,10.486384339188568,-8.124421252444389,-0.8936090626242593,2.9324075634433653,5.011550602478972,-11.986093692351966,-6.723890572592325,0.8911425638936395,12.681461301016006,5.7621684614254916,3.349974598477796,7.555875490470731,2.848414784498072,23.72917158110345,-15.311457702490111,4.721920066783825,-16.346368973678654,4.491258363168816,9.391801976324961,1.5815066307064343,12.68779209460172,-14.945466492805275,14.571891023874757,-8.952527771895612,18.015285908002816,-11.917931728693178,-2.0426835730189907,-14.691281022042759,-8.22776476515567,11.151853946546451,-2.003801849911031,21.706386627298688,-19.976263885564435,0.31436650265065813,2.6675875052295335,15.97045266872842,-22.139306841581117,-0.7783230997811608,1.3601709149472556,-5.424038699442603,8.553221129043926,-5.620298238401297,20.679389583366156,-8.477432410953824,-5.392146318151177,16.35452002892408,14.469628359629853,-13.785508859648395,4.2640552044757,-6.213085852246818,-14.034497389853865,2.301074663252205,5.040041914403079,-18.328606835509266,1.402778789587568,2.814087917423861,-12.095163601172176,-6.58775652767904,8.319829655535779,-4.736806237696029,-25.468590036643295,8.711852027896043,-0.26658621456502685,1.5597307178356017,14.633630112451842,4.836549058670196,-6.3105044864276145,-5.632878281505906,15.73757740543628,-7.529928578908579,5.449409563342079,8.092702767462198,-9.574366148682161,-3.0980259437020354,18.83614065571893,14.226371369362376,-10.401095407854434,2.7089725546894496,2.824013643145892,-12.049200096003638,0.6872186962164004,16.097859627546637,-0.5764983711720081,-7.5170366810970375,3.0182462511783172,-9.305175011641037,-11.046737233038131,2.7673148417418703,9.000022894356757,11.703186247657246,-4.840339952064379,0.915402396838555,-0.486425728993162,-0.8990665632345949,0.4606047470195635,-8.639361261922954,-2.997430934888753,-4.493661690431132,5.17472190331971,-3.51263698259893,-2.450050937575622,1.201479180237286,1.5559568010622,-18.174209629473538,-0.8320890133124705,1.995533240332533,-1.6721495192980778,1.6409500357574516,-0.15627585276750194,5.640516772629865,3.4876199309200393,-7.607108187829099,3.054862206525091,-1.158489977287817,0.06426265014883324,0.06473424753565467,-1.28851109406884,5.41649563578891,11.088939779564397,-7.667976658810918,4.619971370807672,-2.3375330151723492,-0.9048166506165732,0.6840565343805911,-4.177308642159853,-2.854737417594744,-2.533365757806201,5.043063414742102,-4.097318939627655,0.6760618293863114,2.943219297879992,0.11404038307695837,-15.833592471921234,-0.8040495762421753,-3.9148888526880152,0.3782018032533195,2.8141950851543216,-0.05602042969588697,3.615859741421041,1.5458725465013246,-10.32018122330142,6.122671570043456,-1.8898319179855683,-0.47324001725538695,1.803224922177366,-4.655166777038004,-11.200852588782013,8.946204653707149,-6.647979744514112,4.943684647122042,-1.7358560340428568,-1.2310710040482034,-0.8895327337286404,-5.997880533854364,9.61041373933179,-11.806908291451641,6.173974627045892,-2.7187433076292162,-1.2866491969865106,4.2214575804577645,0.5400005266142291,-15.091457324083597,0.8216908412269853,4.08222888092073,-1.0323366321395246,1.595169334268967,-0.9089157183172055,0.4995423194518521,5.764256290326364,-8.518873670197713,5.506832810504902,-3.6398826299326883,0.16911460640330897,5.522063251832548,-5.557468400441733,-22.77263492800273,10.56942712511436,-4.870283664480693,1.3623808413774674,2.6363936201194322,-0.19160030835890532,5.825384924130758,5.603438787989412,-7.861238200855157,2.9723366999399876,-1.1647411039119024,1.3398645030711107,1.5035833630536004,-2.030816753270686,0.12381557800541783,1.0954281264393657,-1.496264464183264,0.6644096687342453,1.6551226970860609,6.321294911253385,-2.5531296856225203,0.9408458482378473,3.2852880439077197,1.8690736400145722,-1.0345635343824438,0.3931853776405851,-0.062045678077030014,1.1245697859102148,0.33635578429433655,1.341551705101168,0.43368458196950854,-0.20207406441716508,-0.03346587941647866,-0.07148020454115295,5.358870612448096,19.868829279383117,-6.590153907650699,2.7345816964176217,0.49491435167120296,1.7716382386177558,-0.7392273487672465,0.7540774987636042,0.5244766180359575,-0.49389711189532826,0.8481791170002857,-1.2421565748828953,0.808059911664284,-0.31180995360606184,-4.194834028277568,6.291993693854401,-3.141122554084843,-1.0768998560695917,1.437055388210848,-1.5260690597994853,1.3796480406272082,-0.23644782136573556,0.6052241780675107,-1.3182775214437819,-0.7486198513925058,-0.23468299257065542,-1.3386143133233823,0.5049169749182595,-0.5077343977684489,2.318975245016279,4.205891550824882,-2.765023248589152,0.9164042440190305,1.7595016803561403,8.908517893374631,-3.6811794582023496,1.717754984124616,-0.98919346759428,-1.2323193235327,-1.1855859904113415,0.8637629844382425,-0.5020509259000046,1.589440576775543,5.12766985269437,0.2171305067908937,-0.9635284867702192,1.416060728469882,0.36143613686513143,-0.6747620493910659,0.2559768232167854,-0.05839550029246525,0.6616587560724895,-0.5538907172364659,-0.015391023353460365,1.1376773548419596,-0.8013940430679523,0.14207359669894706,-0.2661111285170499,3.770515902020076,21.090907158744365,-7.109471230405581,2.1046823663128307,0.27911316764961475,8.137995928818993,-2.1290555524077557,1.3289196866292308,-1.4997808314262782,0.5445374750713361,-1.0869875894524332,1.1298428928819353,-0.999395512083133,0.6145552065610203,-5.289619209777337,2.662771515750887,-0.2887771170227982,-2.5259064777664757,1.520839044368034,-2.361959084517703,-0.3334462865561929,-0.6151917560092577,0.42053377111228496,0.17537031477508389,0.12885268575722755,3.7130995145112635,-1.2025869408546006,0.17346367360968612,-0.018399015064699247,-11.620157497569357,3.6838125485641413,2.242985614399107,0.1115775226161902,-4.862241908684601,3.329599933749949,-2.9436278136494853,0.836512397227115,-1.3318088102360002,0.7156573791022545,-0.2943628555016582,-0.2585527427806339,0.4801044451100497,-0.42051269380794193,-5.47820055398121,-3.1587341854569915,-4.477693407288349,2.8044847410396367,3.819480564712967,-2.478071189329566,0.6345391780114025,0.29315097795575695,0.2400152333068597,-0.10464362504474202,-1.4025345612186537,0.3150512401358077,-1.3551121228768523,0.6754831238952499,-0.20171560107257064,2.8025774232254483,21.737009302608865,-6.956242818519079,3.138062980602218,-0.04263983665867897,-4.142389102300658,0.4299601015130146,0.02730696721503947,0.024496384436235603,0.08357419030518852,0.2557125440097513,-0.33232514585291983,0.5303153033666107,-1.4735308611394353,1.0478554041397188,5.997298073976374,-1.925326426490003,0.3553225508618362,-0.5332604895603282,-0.12989265691126572,-0.29054580972634136,-0.4887449593448665,-0.7493180345905706,-1.585690087379151,1.179049572033946,0.08408223552991867,0.15460877163551398,0.9027691089949804,-0.3341545106132792,-22.22153904763581,-0.7545353726383196,-1.9027294999973252,0.7945670551420353,4.259641095518498,-3.5807740256667966,1.7193326789877594,0.291960946412762,0.9808453247365292,-0.7558975271799586,0.3026248221149906,-0.09458749657276001,0.5176151954797718,-7.17960478858152,2.6140086561589637,-4.4723020856988205,-2.3090694845412605,1.867143705204516,-0.5913893926065869,-0.3660562432559169,0.6848218905647194,-1.1756443802652055,3.6832352231238366,31.26887262753892,31.402788322787693,30.542101361800196,32.41169086943608,30.972817030104828,31.031570608183355,29.97838936028825,39.142079340473366,44.70204603517456,41.824092962359565,32.435458974585224,47.799491418585134,34.91047995639422,48.005915669023885,35.20955991998173,46.664712080796065,38.354811702571794,44.72758598696419,30.306041309366332,22.712552598189287,-0.08953580876070381,1.058324137769357,-0.18676312016273855,0.4489092768107853,-4.060369866496974,-13.45193435477341,14.90200411894227,-2.9558281024933097,22.855174925634433,-0.4943007304425525,1.373623339343404,-3.335012387845223,-10.389666292924176,4.298268924116249,-9.373662564296533,8.131363737245968,-6.12071743725928,5.948852387536745,0.2112947276720385,7.303640852305671,0.09513330547503666,0.11945933446839638,0.2547575512134132,-2.7823574484188027,-7.867766779772746,-10.183328416852579,-17.33380417703747,16.278202637201968,0.18074470839746143,13.741636820918158,-12.049835993369486,1.6666896927643022,-12.837065801014461,-0.35097879181236,7.056504285475931,-3.483842581576604,6.7173807299575525,-9.538678823285434,15.634200293964193,0.22516500212549906,15.912516063234587,-6.204394702823562,-7.808021777900865,-11.068120718801898,-9.0768403181293,15.527631964885991,-4.82686882348942,2.4296580366464373,-11.975385236263293,9.616622547856736,12.475573276392424,-0.21342956820002856,-2.187711414521219,-1.5885505502641954,-3.9810395055186505,-5.180666204487658,0.8213602236985327,-5.797932774465776,-15.022635268068653,-20.89404915844223,3.467307332406748,0.7381640831509264,4.856541684679503,-2.6511503341921068,-1.1106543520448169,6.348824130622886,16.155604491813012,4.899842804133522,4.7628305548547205,4.415273928328765,-2.8908666387858943,4.7860172216480095,5.570996980675551,27.532753909872184,-0.48952974864215976,2.916054135374487,-2.7440818700404694,-4.397157432640885,7.23309575355622,-1.2093546277783558,5.792429235154527,-14.957427136631434,1.238155162898928,-4.485091473283215,-1.0378060482228941,-0.774054257353269,-5.13873898250579,-11.382645046105177,-19.907102186218133,2.0919309028909776,0.6694012555738302,1.4376442519344628,-1.412127465145173,-2.3148369238700948,-6.91545914554444,-7.955114599375093,3.872213447755406,2.6734550463216697,6.6295810224298855,0.015612657148578277,0.21956916420245537,-0.5488660048323688,-9.62635237620623,0.6235627349258386,-0.2956952532937389,0.9971383276095848,-1.6530623324506302,1.7594533485391857,5.615631176946733,1.6493006764784697,-1.2946268292248622,1.5748022452850245,-1.48191960234439,0.6984400578562012,0.2799165849977345,2.3393367675131382,35.99770709217851,2.3472363599332318,4.079580153312667,-3.8439258954856017,0.8311902400752512,-2.031317659904096,-4.419747297495849,-3.492954860190077,1.8393731058857004,-1.320159753392894,1.511279699777568,-1.607765971224003,1.714383845780931,-1.4778641286037226,-14.531394228100764,-20.80302743628012,10.194437957082464,-6.363047688408071,4.068268119700353,-0.7011184296772552,1.2458848228497443,0.2950785989892799,1.248418248156452,-0.718080882155669,0.4196553442820551,-2.3705709016307157,0.9241629176969695,0.38290928205618163,0.9480650086001271,33.96866828312654,4.368933275827394,0.3541560489026059,-3.881236602968125,2.9875818163329093,-2.6449660840196274,-2.8584589623974015,-6.443991407367314,3.2617757969020937,-2.26110528082746,1.5673831571042822,-1.2206819926254662,1.9581853080608271,1.0164783179210044,9.426821096843195,-20.628046447049414,11.116190038473533,-2.253206415093897,0.833954669919457,-0.9609793785002948,2.576710963553274,6.009232744024297,-5.333460077326716,0.21918021267782195,1.9748627478876328,-1.4859506942624012,1.311339976994427,-0.723372363900765,-0.13787550359677234,21.91093008049026,5.871955392351605,2.0071555217022454,-1.4588317891823566,1.0435626879136082,0.02284250631203332,1.1190950791132102,-0.985434896308414,-0.7707469533014094,-1.133471967123366,0.09123732908799301,-1.2780571193403296,0.7966424921008133,5.668558699887436,27.76539051092746,-11.031013519015769,6.712294498644038,-4.4253426234096676,2.352882144317594,-3.235733564590413,-4.2344239207062815,-7.9775873725600945,3.068855474908313,-0.2879100353951346,-0.18817355260145122,-0.32020157313561026,0.15603528297876992,5.770247593103815,-0.09491411424426732,0.850006159367821,1.3593056434328534,-0.8859550866245557,-1.7152973465183219,-6.791285819111668,4.581901166863607,-0.9279257812172212,2.2062021950850945,0.3963077407643709,-0.6334296977700962,1.0162348045176806,-0.3375123049187893,1.050902008830421,-0.02927019822765347,0.9800771406333764,-0.41565558702323846,-0.10787550568746185,-0.185274713372074,0.5597672379972162,-5.731964148737169,-15.161076081180756,15.480940223228613,-3.597754793350135,-0.333098549832019,3.3592400114952303,-2.3031654519472577,1.1490018346637456,-1.4366284567484764,0.2771756701215532,0.24764722921813503,0.3167764039454196,-0.6524924387331525,0.32499102401576613,4.356299103560817,-4.417828863445157,1.0171668599008463,-1.732627403718316,1.388694167607617,-1.1298226570935581,1.3204777613829446,-0.15411241326561909,0.4507122283292603,-1.2591863621597317,0.8537979099931002,0.2861491495707958,0.5722572859518317,0.042675863571116454,-0.00298091625328558,-3.3391241079114753,9.171071800387226,5.4552296016719755,4.918500762743581,-1.3914744733442213,2.1402994177686274,-3.0071416636799713,1.5435403337856604,-0.5831310054373745,-0.1811910027774934,-0.575896265459793,0.046009035486797994,-0.34800089236036924,-1.3294550230430269,-5.31242950742099,3.3895133590301256,-1.9508450370926136,1.5909448593352937,1.6546453325574209,-0.6309431187099548,1.1371905205575685,-0.26609349644166946,0.5328527841188052,-0.47686773294386037,-0.20792844333323884,-0.7799606533585154,0.05099121704383898,-0.27959286477091816,-0.2987623990653785,-8.416022441121099,-14.599560555501013,12.401719865311126,-3.096255430341676,0.7213952140304354,5.739745059626209,-2.7065810473782888,2.16205228340277,-1.2778093073431265,0.8482248140585189,-0.2513430685766243,-0.46004790356558806,0.6192289595725717,-0.4601030962705182,5.314069029420683,-2.768184282259568,3.5598040217937816,-0.45589691097807955,-0.12171149381727715,-0.21849104389490936,0.04264995656548183,-1.1983885876692075,0.7726852021197079,0.5208587653702458,0.3064679578327632,-1.2115426069502555,0.5238668304592001,-0.4450483095800078,0.26703631907555336,8.752438704289041,-20.71407437654965,2.8839209269255868,0.26766707643975685,-2.2962682718228598,-0.476310524034998,-2.636635952148449,0.8521924942707445,-0.6492541686115356,0.6317481148954052,0.8750413891797435,0.21315628042033485,-0.6374685717330921,0.1975493546631869,5.2725023916741,1.6374065973847935,0.8271646743462987,-0.7271978618480639,1.3284753917372072,0.053452300598709285,0.4934489035518613,0.6902339627438208,0.05136589554721595,0.026243415974644285,1.0107422136085502,-0.27298583249743535,0.3572851247257361,-0.19924475000587144,0.19102889188508715,-7.121196835066732,-25.505275961069195,10.064227353303954,-4.341071966225745,-0.18783760428206822,-3.6161210146621334,-0.7651917938435013,1.2085592237959764,0.04112368822607479,0.2465930556532135,-0.08126202027953658,1.0536212253727815,-0.7968878025016224,1.6436581198156517,-1.079442764430515,0.13894346696209942,0.014150110142905872,1.927289600824452,-0.7990276178716306,-0.6604021783799787,0.1731908257290432,-0.9964554668619349,-0.6945453228457228,-0.9642199551453738,0.012219161632896273,0.3728261444525723,0.11311415924557561,0.5553251699280735,-0.791818017563233,28.940110368313366,-3.669153089272439,5.241560365305121,-2.2737819143192293,2.5120564717305998,-4.921867765626058,1.6856854922300084,0.1113028106710163,0.7299071631842045,-0.18088281609929463,-1.107967350349389,0.5578568308568045,-0.7493743590060252,7.062578043596582,-3.0483365852632245,0.011253205059768213,-4.015993245458395,1.9786171799029337,-1.3698701014479209,0.2721412224812043,0.8171566092060429,-1.0767327442344348,3.7111059204039236
22,0.8210951135119977,2.529942731341267,2.2718883616472754,0.9443088215067612,2.1359477137312517,2.18945462366182,2.2509366177606283,-5.834732464593047,4.740802526197267,-2.175504860649473,-0.18802112419576628,2.336419589022638,-4.346944918269766,4.243868360456963,-7.51154493928495,6.272034307927385,-6.560973297942018,6.456933961713755,-7.74863241282017,-9.344114755588153,-0.2872416037002027,-2.5760879355329163,-1.323505825238996,4.256544530099502,7.603102663775621,-2.1320024234516395,3.8262167753784806,-12.390094625434811,4.142391873140353,-12.082349231043356,8.994708020936478,0.25844419055779566,7.996418474122866,3.0969638063543075,-2.020959023002061,-0.41601959904758035,2.3209069080128026,-2.343032675835154,-0.44375653596995446,-11.186124383894693,-0.02076792346670386,3.5758135206762547,0.17117089498800508,5.455907620148298,0.8754664921467229,1.524347709645995,8.367233911354612,-1.9227242113657987,2.0596072404672334,-15.630715515982022,-5.972777302633885,-7.552580487277996,11.633120055334212,9.86182591460874,2.9479089846978357,1.054570150205342,-16.827623196038275,-0.3208927190374249,-8.944575909453311,9.265621580359737,0.025082920542089902,-1.8945804227078131,1.2371378683563299,6.27896856531988,9.750977339769042,2.014250111067421,11.648900791820502,-13.038504740310904,-2.983583592135324,-9.981000819948251,-5.327836673206728,0.850446740926251,3.3953214120744266,5.168042305223131,-4.251501608719597,-4.196208653041818,7.225364221600322,-7.525703698834664,-19.010068976365293,11.200675913363172,-7.185238997983846,2.706950519391629,-3.6816692278880234,5.904144370659971,-15.079006063824085,-6.188943829429936,7.553179230790696,-4.906438706876832,3.3404337475569514,0.7480254380641973,0.7339965807693271,-11.418611401106958,6.5010675312266555,6.223465546800445,-1.6238629927883,1.7230779417572715,3.0097575361159143,-0.0948711181922668,-1.9477743530327238,20.320162032742886,-1.2025403477458978,2.5413837317159924,-2.1301165304121783,3.5332476919385134,-3.787358803166078,4.665301862559583,9.510792868365193,-11.987242853426473,4.635945247391623,-4.598787116853567,1.8439326425191696,-4.471971950721861,6.6026420746696965,-12.258297010741218,-11.600523038341706,8.542599665442749,-4.549881859290055,2.694310218153584,-0.7838222702414424,3.457100161701569,-2.797629858680671,0.9632903479494637,-2.2998862949199186,0.4551973904393436,1.041716236692111,-1.656329792345533,3.146889880283312,-7.143551789010713,0.6666492827680538,1.6348174310745835,-0.03273780649220706,0.9841200183037038,-0.7724706251991046,-1.9578551183393627,-9.280981543551892,3.0024885279144646,0.6596788862649863,-1.9397395637389614,-0.22957411100714223,0.8813832929609657,-0.5869319348839743,1.1513719380146923,4.108510567670011,-2.242526504574442,0.8215785870242234,0.43002484465741025,-1.231845651122548,1.327541588156722,9.635937711892051,-5.4728694353571505,5.101335191991128,-1.7760334318622388,0.29595497466196974,-1.0967637833812536,-0.691183326723872,0.5266253701989849,-1.8885747399511705,-0.8048041611350956,1.9058839266726486,-0.837645235587376,-1.1221898060725477,2.3147139716034233,6.999568562104971,-12.009278695272283,6.353221069114888,-3.073413544371874,0.4404895533428255,-1.201520393398533,1.559434196988456,1.2089499496598382,-3.8353804057655174,-0.7556643661460268,1.6357107037054048,-0.2709316895162828,1.804089830944202,-1.369989412382026,-5.248741555878388,-3.116864143821835,3.805932321703539,-0.6531950510399435,-0.7102435922684804,-0.513712793731887,0.7849124180239707,-0.34112110750654995,3.0591363925872326,1.7924325591193297,-3.097506323051636,0.9997717853602234,0.11424521207894386,-1.9177245491677226,2.2096392429618117,8.48937970569702,-8.540789911013736,4.329896988835763,-2.498046423406154,0.39225524314170157,-1.8376384805657926,1.8219948183379695,1.3314516954757223,-1.957419773203634,7.001960735620477,-0.35638718807592706,0.5846836039859141,-0.2817521794561092,-1.9406133116211095,2.182027625149813,11.895466576644994,-2.302614104567689,1.408567037558342,-1.4255997980577921,1.0770198880632493,-0.5622795392006342,-0.4753556856269135,2.2945562728842153,-1.3018987937373088,-5.501682168140346,1.8283592350189193,-0.2485433213812136,-0.754050645033811,0.4520876770033883,0.4080730920639041,4.466052304181009,0.4714773684611711,-0.12120620162614822,2.256913037137268,1.4416208706083744,2.5778792966229407,-4.504027713498396,1.3292743097059645,-0.338314949079563,-0.23716771377596732,-0.09786080504969925,-0.653699926510277,-0.9923054532498482,-0.9737166077509681,-0.06919909891598769,-0.20132220413554783,-4.633993838091033,-12.226156135764658,1.168087476954379,-4.2823666775664275,-0.6507203738780784,1.7637526667642163,-0.8348284725528059,1.0388476180971957,-0.25714997503034015,0.17880669378079217,0.6680104263781724,0.19306841733007907,-0.02747884050208633,-0.2743357390027239,-0.46706770576387474,-0.38570253440968966,0.19789537026785775,0.3335983575201856,-0.02576907920385774,-2.1319743584035544,0.6519376931078527,-0.8166103382826096,0.23577436072339938,0.05716310351452504,0.42727264372993357,0.28968609522076194,0.18921523669808693,0.6420464752293645,-0.38578450532123115,-0.7905462606857312,-4.647985592847663,2.6666905254755715,2.9141043135965856,-1.4592568528232157,-0.6709007192180112,0.6788267544819185,0.48226323784730457,0.09353889962009153,0.5761705003314653,-0.23597529515160084,0.5422545338615375,-0.336231921949371,-0.4075421592465407,1.0590108623428056,-0.33054304885633834,0.003194179533153954,1.2962608265877762,-0.7015848386964064,-3.6321527248965126,1.2359268127143272,-0.3370503915225532,0.7375194217471455,0.04032794134132793,-1.5307691676599668,0.09875820351822348,-0.4383384061245639,-0.19615930214668778,-0.246399045568529,7.083669194448788,-4.127948316358445,-1.3482185317431525,-0.016878604518060898,1.566901230914239,0.11174256328824234,0.12938942459852715,-0.6727795621440281,1.2733244135861466,-0.7616943315982211,-0.6330218028984583,0.10187082365367817,-0.10642582909630922,-0.8455102161121018,0.3059092500114721,1.155128383790144,-0.4378507171059841,0.5680344734564705,-1.7294273290680422,1.4486327841825448,-0.7625692466477865,-0.09443721700245153,0.12315465253311328,0.3122408509824382,0.5622972916371268,-0.49042451668816794,0.4559835101190665,-0.27709864051356753,0.8944650877708981,13.44041594265415,0.0916771589260722,0.7524939317598066,-0.6543521450820277,1.4247871911341679,-0.4052997095240395,0.06505991361362906,1.3647609264090739,0.6854499314982707,-0.04518993313141348,0.1984956274602757,-0.07663106430245463,-0.014173827329896662,-0.03738589389594987,1.0114154841186869,-0.20304246777456733,0.3896668275945833,0.5955217374762631,-2.8793864441369674,1.724179279061133,-0.3872075225282056,-0.1295894475900362,0.12511732916376359,0.2932981863244314,0.022428605944446626,-1.4803180042727966,0.3169121054159054,-0.19890865753131232,0.5146235372015615,9.033104754448306,0.5389297527576931,1.1458279484393548,-1.6564399283013167,1.1134272973607768,-0.137108319047073,0.027216868198441116,0.23023009322909704,0.5825555706162496,-0.48726803344192027,0.5452519847976841,-0.3491343019814169,0.1731569654533566,-1.685627721056111,0.7722769676979706,0.5814659475820642,-2.1240715321873336,2.359135920596625,-0.961029311430501,1.9160117788339728,-0.9768266066193485,0.23807774906951562,-0.09551235759793884,-0.07039569349051217,0.9849329075186297,-0.5245000525874757,0.6789487464215357,-0.21112095212397308,0.21375592868600285,-5.844282090556412,-10.88637845964057,5.364848271045699,0.31802284997472496,-0.03698469857353508,-1.026390342139428,-0.10054462565780613,-0.590310934494351,0.9917517012480545,-0.42808864227856597,-0.2454485024944091,0.2512613167372832,-0.31481722210038043,0.17952808401914452,1.2063309527911432,-0.5263405332598136,-2.207628531888656,1.6556159667470989,-0.9656008227568605,2.8651447163698256,-1.2798682096036083,0.3254998847786845,-0.21354654556214556,-0.4976963478539352,-0.14922366560270173,0.7510275661573521,0.1453927493956433,-0.1434118008592604,-6.79483172788694,-8.110787747090907,-7.063428707234523,-7.667067953142118,-7.533086461153044,-7.169935676605365,-9.018251192856804,1.8446496796891818,-2.656881185747155,1.5824281855719953,-1.770033139705371,0.02588518740235962,0.5221020203410252,-1.2268249627830619,-0.17098475693878168,-2.306185506233851,2.7230951699119537,-5.97736341961778,12.038061198879904,14.930885855356808,0.08427132353898517,-0.34224975277036,0.3951111874402459,-5.394982539123879,-8.637809765867917,-7.735269534326804,-7.468880099170589,3.2630927184980676,1.6348667198702742,11.36851231604712,3.456985649996899,2.8514361158677257,-3.2669363471316526,-5.861142360294714,-7.5206803935739375,-4.495268638220765,4.972891723055491,10.779567576919108,2.5599382972892264,2.975604803160762,-0.3758669824760271,-2.9829511658732457,-2.258798371356495,0.9466838221722795,6.769795180916999,-12.987273645449218,-1.3192031386131657,5.653483479651061,13.850901442387183,18.631959818310563,-8.196769384138213,-6.8825315833026455,-25.848906190947876,3.7246263363115744,5.944458513524163,18.00707126779051,11.059670686431161,-7.025520751485124,-2.4243674402412294,-13.691763853462554,11.828579632079979,-4.775384502984496,-2.3245820264632044,-22.5599985119609,1.453942747498859,3.306366921945848,7.350507631685497,-10.613571145659495,0.9501442705423964,0.6945593528212984,23.483378597319536,0.023185233789670058,4.694334532550219,0.10817810510306523,1.1123536405476453,-6.209235843043861,2.5202255576988484,-10.76068466745666,12.203459203367117,-8.168474239776051,3.0630509684790175,2.2768165528000206,0.6667112435126978,6.011836160956475,8.528076552691322,12.599770660915114,-5.816068924015558,4.70223157875887,0.17371123736765143,3.1526560857422985,3.7756183677000195,5.345140513454822,5.115657746852397,-0.17919546622947327,6.7153315683451655,-1.31777376168969,3.276266786143826,-0.09295260689004457,0.3115798756229988,-11.447376085994064,8.401384950976638,0.18302998458247985,-0.2390609121921127,1.047828334368514,-6.380994647795508,-2.2151653419313506,-24.615301812408212,7.107714105311446,-9.495112033531335,1.710012550067221,1.3972508762837612,-2.0021691529858203,6.502892179702657,8.057257622842629,14.938674210805518,-9.128226883683311,5.039943164348746,1.3706521172205315,2.730730963610054,2.01418047732396,-2.1529334889856457,0.42841572795464933,-4.251470867992359,-0.6276789774082225,0.28334636039555267,-1.2722082867473257,2.887728183900084,-3.6358542748799296,2.896847145584978,-1.0432954840582882,0.6747202032880073,-0.5163385500883004,-1.130073309655012,-7.914406443934891,17.59520397847414,-8.554915630356078,5.856626488601672,-3.3081074872843996,1.4767725226880712,-1.7826608411691116,-1.4653924273143804,3.4427517269991657,1.6434742243724345,-1.48592087522513,1.7861502078964393,-0.9594874074639204,-0.10222342764490348,3.275923469823122,-14.854649090000486,-6.303023014490191,10.609361958669671,-1.6998158086740056,1.900280588295083,-4.855363672612918,0.8992801976539428,2.0337690315969743,-0.9495578115244817,1.8315610474722592,-1.4308276794769652,0.7370572769746027,-1.2930462091313712,-1.6695748122535925,-22.704721289642517,7.518613610852195,1.7040411098511805,-3.1812762339580978,2.533372231135271,-1.6813842587256782,2.6684166200411394,-1.016763271454865,-4.518346376810311,1.1783802832005634,-1.6379107182404897,2.0441877170117126,-0.8666785092337632,0.10303791885286141,6.678635284590687,26.20817673824784,-10.072431387401657,3.163849531505355,0.8438150056190065,0.888630320644449,-2.8914244533725966,0.23169605898757595,3.4865409393620137,-0.45160017941781916,-1.4500943614520736,1.3250868089631036,-1.6255293797914052,0.010333017690162186,-0.09268482672667955,-22.96733013160646,-4.697184830996716,1.9781948446141102,-2.8424602412388116,0.0434105303127998,-0.9091366495230827,1.7392868895064324,-0.8601121456914905,-2.6129928804113476,1.5674546663947735,-2.9007381813774833,3.003710247083298,-1.9563738196393468,0.2391947290270321,5.167597182769073,-0.8366649960867771,-9.700036151736189,9.059795676903912,-0.7927479883866059,1.1042819680625804,-3.681193087141166,2.4728830885568853,4.039679285497405,-1.5923996171067063,0.9876296981210467,0.702623329565644,-1.052892374399837,-0.4905582976261142,1.315331981368275,0.14199149823949128,-2.0921703763549786,0.27708899750944327,-0.6974601494456152,-0.30387320428036046,1.0289521360755098,0.5712808795138253,-0.0788120995809245,0.4815739351929435,0.8712708470659732,-1.0402489011327503,0.4588902864942678,0.4897202951720347,-0.8758088510367245,0.269674379411768,-0.5009184261286176,0.23531791244180136,-2.84888887674591,20.240571477536978,-4.85090524036687,-0.4922723282417606,-2.560847106704704,2.2409255224962132,-3.5198577868650007,1.0030808586310598,-2.50670240330059,0.522888335754691,-0.1195289656266802,0.23895540372105717,0.49702387199141684,0.3234668174576993,-0.4824234175351086,-1.099463606685923,-0.3535150361368615,0.9008720695649238,-0.7544746496917571,0.26671896689882485,-0.49618233981511556,-0.9329202343413207,0.09192633186808627,-0.08876154845898751,0.5312986260823075,0.2701529921398202,0.253645504500778,-0.0037635481702564533,0.17669000783194574,0.9440016153494847,15.968452902960612,-9.632428177539266,5.283270419891505,-2.678404051398887,-5.014059207763214,-0.32459214933619257,2.1451532365959785,0.5398892998483608,0.4062984049868674,-0.1591826825684625,-0.14192766134387308,0.31631864695795436,-0.5050578089744041,0.2476039744005838,1.3100361179634752,-1.3524331943346288,0.8958730393159644,-0.7100167019859143,-1.1482053934028913,0.03951642415768333,0.7138107956507768,0.8908593405009071,0.8619209146828352,-0.49721900188490675,0.34922893255363363,-0.33805784989986454,0.22530695370143541,-1.1549523698625583,-17.560233429803784,5.008350743204076,-5.688446541787767,1.918863364780496,5.356184994107957,-5.542426801463938,1.9915823409460107,-0.5124411431165528,0.9789045280098975,-0.029063326588139246,-0.6803506858299134,-0.008915293329352113,0.10064004996283048,-0.19366366533891294,-0.0826845411100405,1.9960137554260964,2.3181318451859565,-1.0763797300368072,0.1742359366626571,-0.3495832363884145,-0.25749135626870456,-0.23922049888591881,-0.04224602593083173,-0.42432877262280605,0.29960015840753146,-0.1977462692420703,-0.01343035666346317,0.44187561680308735,1.5752191773778166,-6.913474705583031,-6.202283352279915,-0.970074391667024,-0.5759441461229001,1.958905118683363,-0.5028230078935885,2.4516913529196644,-1.778440471530819,1.4807201402125105,-0.028870087540574706,-0.2984575964491815,-0.11368744959992169,0.1369597756025691,-0.5187539586476854,0.8728606217069089,0.19920652008716594,0.20789420440591289,-0.42666508716384194,-0.6770860221008455,-0.17271631020182723,-0.26366752565881063,-0.08652490451879183,-0.2093516957563934,-0.2450735300559161,-0.17361094001235883,0.29564051779147094,-0.022485715529792515,0.13994166442661923,2.694251899579738,-0.4403723847865235,-7.917064176285201,1.3533397065018056,-0.9095274864805444,4.387525779960905,-3.328627712491852,2.5876170211573704,-2.9305976864037544,1.1980432363077091,-1.3755218306927801,0.5894420917759516,-0.757572000640101,0.8267482092361245,-1.973903763201301,0.04093396992420489,0.7818420503187666,-0.32628032287371167,-0.26226141667573144,0.14163346185228895,-0.08211172834907424,0.21500320611321752,0.15246873487763563,-0.9009051501290297,0.4101357032526453,0.17156831948254622,0.16393395093615842,0.08876793979173707,-0.030812089088031475,-0.29122495164795986,-2.308377162349605,18.48602070039861,-7.738355471455602,7.135124947742706,-4.138685346327625,-0.7420320949930237,2.733940477636392,-2.689797966896699,1.1777777737065962,-0.6783802309873052,-0.23255168040260285,-0.3205939051338443,0.7559753320771738,-0.5048629742509231,-0.3189962001001021,0.839935540715386,-1.4475291254561518,1.4994924870831903,-0.7493800889836968,-0.08009453631142702,0.3780095748111989,0.5940286796160809,-0.789548538708621,-0.20018151437572826,-0.2761442341558503,0.8607018888502628,0.2055733324933544,-0.6066376909261715,-9.387192322530128,-20.94391365766964,-12.34179563333319,-16.0534217020516,-13.050771211812693,-18.33556173538721,-14.96874168811721,1.0036920820157293,-3.785831256480414,1.4669150045246404,-1.224041103041575,-0.6705353252653432,-0.4868252654715062,-2.3231959297864986,2.6292950028268818,-2.7956692540029002,3.1908566992925005,-4.585031529860999,7.935388996873715,6.678380646822433,1.2665007918402325,1.744950601960308,6.236553269081753,-12.826503229325779,-11.668915080872905,-3.380310089098465,2.1005591403492505,17.018608741109652,7.48620632437774,13.368939698353948,-8.728800824205505,-5.146981682015141,-14.219387225115998,-8.812525725193352,-2.590151401470997,4.675426850052256,-5.87264745446774,7.021910694933161,8.401123886314108,14.867129477987625,-2.0328950271134225,-23.176375121497482,-12.753799557362333,-9.187285475808366,-0.7585706434807682,-3.8886108833924227,-9.021373294538588,16.646590901877655,-2.163673222310964,23.558616200782357,-11.50168045841495,3.7995463079010476,-18.235278887601794,0.13144703880889097,11.882683465327966,-0.5291826933785475,23.21588255053858,-19.711641211276252,10.356469008085693,-19.57739122755731,10.9920868636951,0.683711572412412,-2.800108627461627,-11.797805819109481,-7.80421540089276,13.015995649843399,-14.778126886597585,13.589069344836084,-10.594612268365006,8.184749294156804,14.317955756287313,-1.0488364880104977,22.59981732108726,-6.233428444495215,22.64996819875854,2.882701302886849,-5.996175336994695,-5.6624604005797785,15.73757740543628,-7.529928578908579,5.449409563342079,8.092702767462198,-9.574366148682161,-3.0980259437020354,18.83614065571893,14.226371369362376,-10.401095407854434,2.7089725546894496,2.824013643145892,-12.049200096003638,0.6872186962164004,16.097859627546637,-0.5764983711720081,-7.5170366810970375,3.0165314473521767,-9.477330816741013,-13.159736600740242,5.540545400065017,7.5120745968176195,-16.387348293214018,-0.74089443438019,0.8031585761434797,-3.4962681692491038,2.1827703607993154,6.469751845831069,-3.3764069189494945,-25.753571768375075,8.681428028728659,-3.4065376412728723,3.1584906929840746,21.31173401967613,-0.9021903281334956,-7.384564110055192,12.955581486391267,21.368347803949412,-11.610520045122609,2.7133246616311273,-1.2288676081204315,-15.970712907587096,1.6816905109396911,1.910227184366102,-1.4541864947556706,14.331178372167017,1.902297283688069,-0.05603753048303488,-6.626928745328973,9.684643800369324,-13.084332035942584,6.850097333420212,-1.9795561798647232,-0.47324001725538695,1.803224922177366,-4.655166777038004,-11.200852588782013,8.946204653707149,-6.647979744514112,4.943684647122042,-1.7358560340428568,-1.2310710040482034,-0.8895327337286404,-5.997880533854364,9.61041373933179,-11.806908291451641,6.173974627045892,-2.7187433076292162,-1.2866491969865106,4.2214575804577645,0.5400005266142291,-15.091457324083597,0.8216908412269853,4.08222888092073,-1.0323366321395246,1.595169334268967,-0.9089157183172055,0.4995423194518521,5.764256290326364,-8.518873670197713,5.506832810504902,-3.6398826299326883,0.16911460640330897,5.522063251832548,-5.557468400441733,-22.77263492800273,10.56942712511436,-4.870283664480693,1.3623808413774674,2.6363936201194322,-0.19160030835890532,5.825384924130758,5.603438787989412,-7.91256496415612,1.936442867289064,-0.3899667830101087,0.034846325343827436,-1.9498923341386005,-2.177805780062702,1.9118618925788295,19.566867354481488,-10.990796297358104,4.430000579418973,0.35158161454919207,-2.146571701497589,0.5608824062552646,0.6172020288761332,11.679701651719574,-8.664001786020792,4.565509712644541,-2.9756941844090123,-0.27914870374214684,2.0887036465533755,0.2946699384051962,-17.050192572163336,0.5752897938770012,-4.5266359857497624,-0.0691601955303751,-0.0005068391841978603,-1.4123906784210059,5.583312997043813,4.404327361987799,-1.9096992485555688,6.735651300539617,1.5823202316517793,-2.390381763814394,-1.2416505229977923,-1.2579291732782003,10.574587979180855,8.0972712479388,-4.166414338154966,5.59847454901911,-0.19422614114891126,-0.29684171891353944,0.8374864340185184,3.6047306523514475,12.627072697064474,-9.449109855252294,4.139612741768633,-3.5058217082568355,1.8524264271811994,0.7858304664082278,-2.094548527022988,0.8796969654670088,1.9639905433610438,0.9392366431450808,0.24286312719233255,0.5812735830613066,-2.666608454430509,1.520839044368034,-2.361959084517703,-0.3334462865561929,-0.6151917560092577,0.42053377111228496,0.17537031477508389,0.12885268575722755,3.7130995145112635,-1.2025869408546006,0.17346367360968612,-0.018399015064699247,-11.620157497569357,3.6838125485641413,2.242985614399107,0.1115775226161902,-4.862241908684601,3.329599933749949,-2.9436278136494853,0.836512397227115,-1.3318088102360002,0.7156573791022545,-0.2943628555016582,-0.2585527427806339,0.4801044451100497,-0.42051269380794193,-5.47820055398121,-3.1587341854569915,-4.477693407288349,2.8044847410396367,3.819480564712967,-2.478071189329566,0.6345391780114025,0.29315097795575695,0.2400152333068597,-0.10464362504474202,-1.4025345612186537,0.3150512401358077,-1.3551121228768523,0.6754831238952499,-0.20171560107257064,2.8025774232254483,21.737009302608865,-6.956242818519079,3.138062980602218,-0.04263983665867897,-4.142389102300658,0.4299601015130146,0.02730696721503947,0.024496384436235603,0.08357419030518852,0.2557125440097513,-0.33232514585291983,0.5303153033666107,-1.4735308611394353,1.0478554041397188,5.997298073976374,-1.925326426490003,0.3553225508618362,-0.5332604895603282,-0.12989265691126572,-0.29054580972634136,-0.4887449593448665,-0.7493180345905706,-1.585690087379151,1.179049572033946,0.08408223552991867,0.15460877163551398,0.9027691089949804,-0.3341545106132792,-22.22153904763581,-0.7545353726383196,-1.9027294999973252,0.7945670551420353,4.259641095518498,-3.5807740256667966,1.7193326789877594,0.291960946412762,0.9808453247365292,-0.7558975271799586,0.3026248221149906,-0.09458749657276001,0.5176151954797718,-7.17960478858152,2.6140086561589637,-4.4723020856988205,-2.3090694845412605,1.867143705204516,-0.5913893926065869,1.054802031490948,-0.25678749476224483,0.518434333200969,-0.376023253532465,-0.4377276818841818,-0.15150992993725493,-1.885140065722769,1.2821012631314972,-0.2952512285375341,5.322075020119764,21.04938341460171,-6.9063098751114715,2.541552694119945,1.5592647574033613,4.219036580615981,-1.9735363921778546,1.7350698359647065,-1.139773417439943,0.6085590056855081,-1.249898494544719,0.1757559676656104,-0.07049623770363359,0.5307842394088702,0.9479881337928294,4.4109332712524925,-1.0351370564688425,-1.1193320911761404,2.87488715615929,-2.8187237180323805,1.0917278733946345,-0.043773571241577935,0.3361856629081244,-0.22619876858254936,-0.049902210956657166,2.819737724862006,-0.6700882733098837,-0.1460602257795593,0.015318309152262148,5.635533895425814,22.259569273239475,-7.554314706819436,2.9212943200574273,0.6782937638646851,6.361097139868588,-2.9565956587000226,0.8614428925120012,-1.8443476651555346,1.0622437861404936,-1.4489382778499889,1.1672813122374162,-0.2962872901001804,0.08627482202502088,-7.587734484796925,2.8928550550263528,-2.0787755967506616,5.101274090448587,3.394268004912457,-0.3613421563253301,0.5040054789541349,-0.7506729895584617,0.013589872654686067,0.3712076610457037,-0.831908121520624,-1.9893130599838362,-1.000537807483444,-0.044724550498455654,0.5626132018272577,-0.015407864740670388,-16.53791031029382,-0.3996368425588216,-3.6452822074951285,1.6757041197324454,-5.1467224953702395,-2.4572825070798623,1.614606211135507,-1.375097129642198,0.4322276036934523,-0.7496388964718952,0.8634368730734708,-0.9497089652320522,0.4303386386008019,0.695717247397362,-1.1670233571961153,-3.4613421014528396,2.76127638060778,-4.940886618531208,2.0681152066613464,0.8364871153212344,-1.384793341572956,0.26224104154813194,0.388371482319355,0.43346199095896104,0.4553952326374276,-1.318897504312864,0.06451308349939405,0.24348230754975353,41.19937797639499,46.02084427846758,42.54173123953777,43.736672450450065,42.65480991173118,46.18138582852083,39.45834248081275,48.23684240776696,34.71636315220836,48.67477583871286,35.39199578556253,46.8636812526138,37.142910910130105,43.11113243380257,41.1806833118579,37.89805625213722,43.24421539225498,40.55766355300545,31.962482888256933,30.191591630951987,-0.4697480134830988,-0.6419980630562806,-2.4705414090551208,6.094289867876206,17.14709418969507,3.165552175597163,8.931151896070649,-3.41927632740865,-12.11872926460183,-3.0155343345085757,-16.678084613752247,13.612859761709814,-4.858066184579714,18.574268201761424,1.9922243388990453,0.900265499547327,-0.9845651841445225,-5.680597657299538,-16.604033670919094,4.8633050651324075,1.0509851109045332,10.754700819707997,6.318552770430145,1.860721257441689,-3.7242941543700185,3.164543975329627,-4.017036808482949,-8.001759132234367,-5.808879668633653,-12.300735255768393,14.146343994296702,6.448596498058696,14.97854686453504,-8.97958861406339,-7.406029084506391,-9.685157617575944,-8.530865087061825,10.625609572093063,0.5492746165766331,13.974897210232351,-12.099515867743701,10.885322377616658,-0.7161934177357261,15.624266311586087,-4.383724489105569,-4.878419822504237,-1.2139387833848974,2.725743013483223,3.589726588477235,4.18456440467248,-20.21909691858021,0.43474287148617297,-11.313266475089895,2.9285672187621343,-8.065530549888805,8.093072827840965,-1.5235287287879629,5.86111829967214,-14.957427136631434,1.238155162898928,-4.485091473283215,-1.0378060482228941,-0.774054257353269,-5.13873898250579,-11.382645046105177,-19.907102186218133,2.0919309028909776,0.6694012555738302,1.4376442519344628,-1.412127465145173,-2.3148369238700948,-6.91545914554444,-7.955114599375093,3.872213447755406,2.6722941813269925,6.4791197441274075,-2.1641478466674533,0.10701298607168216,4.42169408002281,18.291852580919937,9.881022169021383,2.519210676945716,0.4759237673143598,-5.519345278944533,7.652102743062186,4.1038586868378735,24.29792004759739,-1.3123069480201834,1.4231578833967629,-4.027504247278917,-4.386741267951423,3.2756507695566146,-7.23224716131392,-13.115796514850176,-22.15047371327418,2.122864516896238,-0.31521348034460184,2.3927701402045747,-3.2447636421455743,-3.751641264697122,1.0983528310415722,3.272611909356128,3.5987747919258903,-5.210947668026198,-0.7015248779998933,-1.2574061837123627,-11.232913271315176,4.852966994665238,-2.7986100404611145,1.662452448613235,-1.2206819926254662,1.9581853080608271,1.0164783179210044,9.426821096843195,-20.628046447049414,11.116190038473533,-2.253206415093897,0.833954669919457,-0.9609793785002948,2.576710963553274,6.009232744024297,-5.333460077326716,0.21918021267782195,1.9748627478876328,-1.4859506942624012,1.311339976994427,-0.723372363900765,-0.13787550359677234,21.91093008049026,5.871955392351605,2.0071555217022454,-1.4588317891823566,1.0435626879136082,0.02284250631203332,1.1190950791132102,-0.985434896308414,-0.7707469533014094,-1.133471967123366,0.09123732908799301,-1.2780571193403296,0.7966424921008133,5.668558699887436,27.76539051092746,-11.031013519015769,6.712294498644038,-4.4253426234096676,2.352882144317594,-3.235733564590413,-4.2344239207062815,-7.9775873725600945,3.0402205255427264,-0.9270415032767206,1.574436613243335,-0.8108965459955331,2.152331016813105,-2.129818233737347,-13.831782054239149,-29.957904837587687,11.845170550646388,-2.517991707686225,3.096566574544038,-0.8443980006885787,1.127755762864821,0.15847537281647758,-4.289570172053964,1.3939362880576327,0.4694370958731474,-1.5964651991608476,0.019134896942946324,0.3330823795596051,2.3785988416449366,31.992694027228453,-0.31197687057115087,-0.6545067981837384,-2.883154799812904,0.5357118171516986,-3.330308700350651,-3.781280459262384,-6.438864518699888,6.726497202501513,-0.4349014811848484,2.2978412022855643,-3.0251608206635674,2.114510551165431,-1.9496536521438943,-12.528583339003838,2.7585349852928234,14.76147072548752,0.9024355010355105,1.311033577902347,0.19327965722364487,-0.6382968158416957,-2.972024663353584,-9.489994513643023,1.430858200640356,-0.3446001768201364,-0.7240241374125297,-0.7731367232196851,-0.06833724129928348,1.8182335782167558,-1.192382108195068,1.6315009110110075,-2.0825358379007253,-0.2412915699745147,2.7185976250333423,-0.3147483011651147,-0.12171149381727715,-0.21849104389490936,0.04264995656548183,-1.1983885876692075,0.7726852021197079,0.5208587653702458,0.3064679578327632,-1.2115426069502555,0.5238668304592001,-0.4450483095800078,0.26703631907555336,8.752438704289041,-20.71407437654965,2.8839209269255868,0.26766707643975685,-2.2962682718228598,-0.476310524034998,-2.636635952148449,0.8521924942707445,-0.6492541686115356,0.6317481148954052,0.8750413891797435,0.21315628042033485,-0.6374685717330921,0.1975493546631869,5.2725023916741,1.6374065973847935,0.8271646743462987,-0.7271978618480639,1.3284753917372072,0.053452300598709285,0.4934489035518613,0.6902339627438208,0.05136589554721595,0.026243415974644285,1.0107422136085502,-0.27298583249743535,0.3572851247257361,-0.19924475000587144,0.19102889188508715,-7.121196835066732,-25.505275961069195,10.064227353303954,-4.341071966225745,-0.18783760428206822,-3.6161210146621334,-0.7651917938435013,1.2085592237959764,0.04112368822607479,0.2465930556532135,-0.08126202027953658,1.0536212253727815,-0.7968878025016224,1.6436581198156517,-1.079442764430515,0.13894346696209942,0.014150110142905872,1.927289600824452,-0.7990276178716306,-0.6604021783799787,0.1731908257290432,-0.9964554668619349,-0.6945453228457228,-0.9642199551453738,0.012219161632896273,0.3728261444525723,0.11311415924557561,0.5553251699280735,-0.791818017563233,28.940110368313366,-3.669153089272439,5.241560365305121,-2.2737819143192293,2.5120564717305998,-4.921867765626058,1.6856854922300084,0.1113028106710163,0.7299071631842045,-0.18088281609929463,-1.107967350349389,0.5578568308568045,-0.7493743590060252,7.062578043596582,-3.0483365852632245,0.011253205059768213,-4.015993245458395,1.9786171799029337,-1.3698701014479209,1.0330755017456696,-0.03101071743701638,0.47297319097716933,-0.22615987806244353,-0.6057538507923409,0.014200584714413163,0.09895246189646426,0.10981038744906325,0.26809957061653955,-5.495367621964579,-7.1043307977914285,11.24992802897364,1.4561206139748026,0.21106083429616837,3.2998313360073754,-1.4168074996727817,2.4898247589522042,-0.45690896064204123,0.9353517521835275,0.5779439307900069,-0.08930321627719705,0.14936358680481276,-0.48756729971818047,-0.7819222664356902,-4.794797019694053,5.496435017522343,-3.749932226111209,0.5085905139400497,-1.0585871840736383,0.4334757732585143,-0.02938962748636138,0.3069646133469367,-0.028210807726937598,-0.43967807452977337,-0.3261948640923834,0.6224635079860776,-0.22023415312760933,0.13724850432517743,-6.952971709093502,-12.846012316591386,12.021391637137043,-0.09729714776035354,-0.10223776506507379,2.35441012736723,-2.640691399648735,1.688548764173902,-1.862206710809015,0.8019397435289635,-1.0882004111029973,0.6035408010061615,-0.12067902819266176,-0.20539133165019902,7.809112499066346,-2.9214253484243335,2.092583535289172,0.9396885965576165,0.0665133765348645,-0.3792861512706356,0.20205453276079133,0.2856760011296527,-0.5490554082551892,0.5343989552116012,0.2328343404674947,0.3777510355095185,0.1400118982311545,-0.10447488627352554,0.21176989224982157,-0.7414201316202923,15.785246489920182,-17.973433273761117,8.372167798364918,-5.737693749383773,-1.7762495802486493,-1.1509799733287964,2.3423005653533377,-2.1466762320703316,0.9977644049208896,-0.6060966663582454,-0.45450244078764346,1.1727295089267342,-0.8033374857057144,-0.4938336893211031,0.490657448536227,6.225066328867359,-0.8153908393335801,-2.4593280357564504,-0.8185907759700028,-1.3742985540832962,0.19833426098322338,-0.5647960336389158,0.5421769473744816,-0.23379093676522406,-0.3794886468675074,0.7643366145262874,-0.5441244680797399,0.44342302110713344
23,-25.80987175967326,-26.563410169999266,-27.013203264310913,-25.47199403881119,-27.218317476846636,-25.216832465707494,-31.357922642453634,-2.798813084751577,-4.303053467793432,3.9134326712629233,-5.4478456874026655,5.349038530351365,-5.734934558248545,7.135595525895052,-8.18351188635872,2.5181985025285254,-2.347732362288356,1.3134345055038765,-6.2665569277281925,-11.030852362261138,-0.03863787406166525,0.9354746241027593,-0.24686728232147143,-5.5585540710062435,-5.502653405546121,-10.291769819456878,7.631447907830352,-6.186056267002067,10.402860405849163,3.2496022800057047,4.194866712096268,1.3921442502671868,-7.278429195926707,3.612961416214126,-11.767077696115082,3.029173024743929,-0.4912160037107849,9.005790424801518,-1.2852748703195858,3.9653280334208167,-0.051291636205793384,-1.1289144443444288,-0.6036647686982224,-1.2043619340442857,11.013963486211415,8.263661077470445,2.728637379134597,3.4167372414011337,-9.228034516202893,4.756704433072112,-3.5075452252902584,1.4107652523150964,-12.348818401301786,-3.9132027239714215,-4.830275842069834,10.036189119107663,10.259998473807965,4.587121831833144,3.694154074872096,-13.748738028837176,-1.2008668085155665,-6.411548742882516,5.093949062212932,-0.29118315721202714,-0.763538525612631,-0.4626122701155532,0.2862663086896588,-1.0209273160987078,3.0588464641431545,-2.275170113920586,0.5012373942316198,-0.286590126956391,-0.8460500379456088,-1.9020518600158633,-1.7794639959475562,-1.3335366537194093,20.399778830570746,-1.2762181958696033,2.5413837317159924,-2.1301165304121783,3.5332476919385134,-3.787358803166078,4.665301862559583,9.510792868365193,-11.987242853426473,4.635945247391623,-4.598787116853567,1.8439326425191696,-4.471971950721861,6.6026420746696965,-12.258297010741218,-11.600523038341706,8.542599665442749,-4.549881859290055,2.693620646579038,-0.856180079614433,2.708234517617833,-8.938266700755658,12.626523517604433,7.0770938709112645,-4.982815407964824,2.310761153607484,2.2413689080095813,0.18854833643016067,-1.0127704272449676,15.805753867496309,-3.163451980607403,2.4293259447042432,-4.203205236264217,2.862711270298981,-7.561244458899664,7.992142411942878,1.3268186614006108,-12.314669289216841,4.168710841904125,-3.910998844263604,1.7320658394567539,-6.757624638147313,7.2553589938935215,-7.17522958728176,1.14444358506841,5.16837035510442,-5.5625429007844405,6.37152769834405,-0.3469566575721176,0.27542116414409434,-1.2905094828790085,0.6824733066692571,1.7494191082618609,-1.4098767940352457,-5.248741555878388,-3.116864143821835,3.805932321703539,-0.6531950510399435,-0.7102435922684804,-0.513712793731887,0.7849124180239707,-0.34112110750654995,3.0591363925872326,1.7924325591193297,-3.097506323051636,0.9997717853602234,0.11424521207894386,-1.9177245491677226,2.2096392429618117,8.48937970569702,-8.540789911013736,4.329896988835763,-2.498046423406154,0.39225524314170157,-1.8376384805657926,1.8219948183379695,1.3314516954757223,-1.957419773203634,7.001960735620477,-0.35638718807592706,0.5846836039859141,-0.2817521794561092,-1.9406133116211095,2.182027625149813,11.895466576644994,-2.302614104567689,1.408567037558342,-1.4255997980577921,1.0770198880632493,-0.5622795392006342,-0.4753556856269135,2.2945562728842153,-1.3018987937373088,-5.501682168140346,1.7948302772712448,-0.7961438509930044,-0.7090551865304512,0.5535352021520579,-1.7815117892446855,-11.367270521832438,7.019272444411525,-2.7944256159164897,-0.6680877774189669,0.07553389477914416,0.45518937451670566,0.28294862749544886,-1.4731404163173836,1.0571416405326188,2.0113711051799,-0.7681718466824098,0.7136364462077276,-1.129347799299779,0.7085462736962337,9.149760260861838,0.5310141174082073,-0.09636675986182759,-0.21915488729430868,1.2284091667849852,-0.6260362946858368,-0.5220579674859006,1.128254282277988,-2.8331329639750913,-4.1249469267971,1.8964597337448883,-0.07319725631247072,-1.1825762497375298,1.4122034623828916,-1.507845761667584,-10.140158594395157,5.893407865717539,-3.5388346674892976,1.2059993295536744,-1.2756091675985015,0.7529610863385886,-0.4261614980110522,-0.5704486310027836,4.338515588846058,1.322712972246272,-0.07999769559640278,0.14473522399055885,-2.625642341468599,1.7441412255638085,-1.2871644431520397,0.7069935559777777,1.7017868129525138,-1.1013842749880551,-0.22912132909135188,-0.05590326431488909,-0.19926777266460274,0.10896059234699644,0.3122408509824382,0.5622972916371268,-0.49042451668816794,0.4559835101190665,-0.27709864051356753,0.8944650877708981,13.44041594265415,0.0916771589260722,0.7524939317598066,-0.6543521450820277,1.4247871911341679,-0.4052997095240395,0.06505991361362906,1.3647609264090739,0.6854499314982707,-0.04518993313141348,0.1984956274602757,-0.07663106430245463,-0.014173827329896662,-0.03738589389594987,1.0114154841186869,-0.20304246777456733,0.3896668275945833,0.5955217374762631,-2.8793864441369674,1.724179279061133,-0.3872075225282056,-0.1295894475900362,0.12511732916376359,0.2932981863244314,0.022428605944446626,-1.4803180042727966,0.3169121054159054,-0.19890865753131232,0.5146235372015615,9.033104754448306,0.5389297527576931,1.1458279484393548,-1.6564399283013167,1.1134272973607768,-0.137108319047073,0.027216868198441116,0.23023009322909704,0.5825555706162496,-0.48726803344192027,0.5452519847976841,-0.3491343019814169,0.1731569654533566,-1.685627721056111,0.7722769676979706,0.5814659475820642,-2.1240715321873336,2.359135920596625,-0.961029311430501,1.9160117788339728,-0.9768266066193485,0.23807774906951562,-0.09551235759793884,-0.07039569349051217,0.9849329075186297,-0.5245000525874757,0.6789487464215357,-0.21112095212397308,0.21375592868600285,-5.844282090556412,-10.88637845964057,5.364848271045699,0.31802284997472496,-0.03698469857353508,-1.026390342139428,-0.10054462565780613,-0.590310934494351,0.9917517012480545,-0.42808864227856597,-0.2454485024944091,0.2512613167372832,-0.31481722210038043,0.17952808401914452,1.2063309527911432,-0.5263405332598136,-2.207628531888656,1.6556159667470989,-0.9656008227568605,2.8651447163698256,-1.2798682096036083,0.3254998847786845,-0.21354654556214556,-0.4976963478539352,0.8262914760321793,0.6172804661268587,-0.7134849096423048,0.22060164393164672,-0.2655159217585218,-3.8745491558351257,-9.755338344988418,1.3591623524014413,1.4226541304544915,-0.19431365827739477,-1.4302470317114857,0.7000880992159645,-0.07259688171698611,0.5377859539587927,-0.012216689470374485,-0.39537908677967354,0.27455488561329433,0.03442171509969332,-0.014829570395519114,1.2586381141679208,-0.9014366760362578,-0.7988770348196126,1.4005397389061827,-2.0465520692092625,2.2859935461963863,-0.672493177348793,-0.08244606584722523,0.2721773673841181,0.4337057801315091,0.8714481915089307,-0.5524715106409117,0.8054307626852757,-0.24420127000849298,-0.10930350533038274,-2.15712548008782,-6.358939514119185,0.6117244843142375,-0.5783006829660832,1.2680910628156674,-0.4218409875058448,0.14640363636369527,-0.5582520212604013,0.2888023536264552,-0.3796153624575188,-0.040202074051608624,0.5283125372475029,-0.44348796701574295,0.2503501084234311,1.321332987228793,-2.190431469536912,0.08207731960012804,1.0256374346473334,0.018976069405216213,0.7054576979396376,-0.23004896958823023,0.04452463209673875,0.1258645638063807,0.6860070168399297,1.4346593664262157,-0.3487062953360509,0.7043762933055774,-0.2896480329086185,0.1102309444696221,-4.158644987738988,-9.701769091748837,6.217925920608409,0.1263750754856195,1.8511939837005373,-0.8300114763336086,0.3231432283481234,0.8601568889116514,0.06687903091490008,0.034577673387844836,-0.04338030568085953,0.162942682930644,0.017112631898930898,0.14590757639997315,0.23272891522465305,-0.7234098820560363,-1.5687879679352232,1.6092582730294767,1.8457556089538718,2.1507238177137773,-0.9754081201852155,0.15603707344642448,-0.6264690836345179,0.49074815178768455,-0.02620045491558211,-0.7557430610432933,0.7965560160649056,-0.09072421988738141,-0.17057203054891035,-0.26707781295581146,0.46639436410359625,-0.08748692432875455,-0.2551997302368107,-5.201661870639714,-8.46206422676187,-7.795435745014396,-5.5224736875265155,-7.007751200466288,-8.85349477524497,-6.299526937990084,-1.0396499210743333,-0.010215487792577083,-2.7930801748260947,2.2017162705868256,-3.0605598089280024,1.4354875169686394,-3.0397577725923393,4.342502389849943,-0.5672328196125712,2.5229215511721224,-2.400015737336781,6.873597245121813,8.122851407054776,0.2077925650924022,2.401954513848341,1.2041907911118295,1.3211119826122872,2.9079899788654107,10.979175764725412,5.972152965800472,9.089314887511682,0.6164624884828022,-4.732090711263775,-7.570356383559623,-5.901109707669969,-3.2811093435982315,-3.3791311084212987,5.282632989958081,1.7963556480923597,-3.842512728358192,-2.341060086106957,2.8276829543797866,5.301513439599833,-0.2903377324974057,-5.269595144808714,-2.2159964039512645,-9.779953831398851,-23.60632823623402,5.358875458383558,0.34637341308593367,13.164897958104875,-1.5737726875056466,-4.951026371522887,4.461842599045038,11.349808716467,16.203694600437487,-8.610781920043788,-5.134709454923954,-28.275283238017494,4.937843576403689,4.1428437816709,13.073549904248539,3.294128108006274,-7.307712819740348,-1.5141964687927667,-7.450251255615239,12.736956224041853,-7.0414489460970655,-0.5363311217386311,-13.232936107109182,15.33442520362991,-0.511701194405883,4.487968941364796,-10.600597905339978,-0.8833450579657084,-0.5495724749460835,-5.489476201714086,2.3583484166081243,-0.5476530852435865,-11.156253725904943,8.351295462497987,0.18302998458247985,-0.2390609121921127,1.047828334368514,-6.380994647795508,-2.2151653419313506,-24.615301812408212,7.107714105311446,-9.495112033531335,1.710012550067221,1.3972508762837612,-2.0021691529858203,6.502892179702657,8.057257622842629,14.938674210805518,-9.128226883683311,5.039943164348746,1.3706104523203522,2.742697001536752,2.574246504312577,6.0843084111169805,3.0094360778113676,1.3158661334849917,4.689542178557023,-1.8510987965940096,4.695076223770343,-2.248372184243637,-2.549534073829712,-16.082473323009047,13.164540769934508,-4.26540533214454,-0.10618984050034735,-0.775199393582778,-8.193670496728886,0.10652837383532288,-13.693497777038061,9.915724773803111,-11.898667770215399,2.119872267032224,0.6258045967521864,-3.303165048187738,4.0816974572443865,-0.2218949273354211,2.596966947064448,-4.9589348522773715,-0.6803438839991284,2.1745746980051472,-0.9257347480757583,0.6296133921901651,-2.4133513104701683,2.0808095885595557,-0.7050752009153143,0.056369441180000465,6.678635284590687,26.20817673824784,-10.072431387401657,3.163849531505355,0.8438150056190065,0.888630320644449,-2.8914244533725966,0.23169605898757595,3.4865409393620137,-0.45160017941781916,-1.4500943614520736,1.3250868089631036,-1.6255293797914052,0.010333017690162186,-0.09268482672667955,-22.96733013160646,-4.697184830996716,1.9781948446141102,-2.8424602412388116,0.0434105303127998,-0.9091366495230827,1.7392868895064324,-0.8601121456914905,-2.6129928804113476,1.5674546663947735,-2.9007381813774833,3.003710247083298,-1.9563738196393468,0.2391947290270321,5.167597182769073,-0.8366649960867771,-9.700036151736189,9.059795676903912,-0.7927479883866059,1.1042819680625804,-3.681193087141166,2.4728830885568853,4.039679285497405,-1.5923996171067063,0.9876296981210467,0.7077114246483752,-1.0136539661087591,-0.9590508259587469,-0.9304727808385753,-16.432462349922062,13.818846105649593,-3.8830511331929385,-3.8345945806691617,-0.024944499873835985,0.9384238833918268,2.125538166992677,-2.4977090555244432,-1.3499700980446547,0.9957718251916244,-1.8307501423816548,2.368562438343162,-1.694655402569306,-0.36395862017344294,3.624395880025162,-3.06051291959423,-5.878670188390453,4.852310918759451,1.1837793270885308,2.167294275747443,-4.20389614030245,1.3387981994959168,3.283393758905923,-1.564995939446142,0.15320969149962654,-0.999174273711069,-1.5569126237089879,-0.39706173310411974,-0.7232924463985846,-15.168381643700819,11.014954707500449,-1.515262398687651,-4.1261465585116746,1.3030184171146013,0.1594933939351536,0.13765554501210636,-4.508703267470745,-1.487743788254517,0.12498486502402517,-1.6887994131508386,2.8292070972286267,-0.5637928820251852,-0.5073303370263654,0.19332730553322935,1.3437601566551922,-1.96973979156603,1.1146892356181706,-0.46754734384363555,-0.4754580127293442,-0.1695709975112819,-0.14470616889721788,-0.08021384373807279,-0.42432877262280605,0.29960015840753146,-0.1977462692420703,-0.01343035666346317,0.44187561680308735,1.5752191773778166,-6.913474705583031,-6.202283352279915,-0.970074391667024,-0.5759441461229001,1.958905118683363,-0.5028230078935885,2.4516913529196644,-1.778440471530819,1.4807201402125105,-0.028870087540574706,-0.2984575964491815,-0.11368744959992169,0.1369597756025691,-0.5187539586476854,0.8728606217069089,0.19920652008716594,0.20789420440591289,-0.42666508716384194,-0.6770860221008455,-0.17271631020182723,-0.26366752565881063,-0.08652490451879183,-0.2093516957563934,-0.2450735300559161,-0.17361094001235883,0.29564051779147094,-0.022485715529792515,0.13994166442661923,2.694251899579738,-0.4403723847865235,-7.917064176285201,1.3533397065018056,-0.9095274864805444,4.387525779960905,-3.328627712491852,2.5876170211573704,-2.9305976864037544,1.1980432363077091,-1.3755218306927801,0.5894420917759516,-0.757572000640101,0.8267482092361245,-1.973903763201301,0.04093396992420489,0.7818420503187666,-0.32628032287371167,-0.26226141667573144,0.14163346185228895,-0.08211172834907424,0.21500320611321752,0.15246873487763563,-0.9009051501290297,0.4101357032526453,0.17156831948254622,0.16393395093615842,0.08876793979173707,-0.030812089088031475,-0.29122495164795986,-2.308377162349605,18.48602070039861,-7.738355471455602,7.135124947742706,-4.138685346327625,-0.7420320949930237,2.733940477636392,-2.689797966896699,1.1777777737065962,-0.6783802309873052,-0.23255168040260285,-0.3205939051338443,0.7559753320771738,-0.5048629742509231,-0.3189962001001021,0.839935540715386,-1.4475291254561518,1.4994924870831903,-0.7493800889836968,-0.08009453631142702,0.3780095748111989,0.5940286796160809,-0.789548538708621,-0.20018151437572826,-0.4863769107157158,0.24867243211060033,-0.3118758377917048,0.22922572380207917,-0.5451803172522606,-7.942389781710735,15.798662666435163,-7.715063492411718,7.167823884548411,-2.9893883450345085,-0.5444287546766691,1.0067112165748937,-1.7106911080913438,1.5691920754342414,-0.8770998746082855,0.30558971148672787,-0.7040518107800151,-0.5320311360329844,0.3586742422374736,2.275876294291149,0.056346002507578055,-1.2319912778844768,-0.03597088399980782,0.09688117153385604,0.040841325984012446,-0.2061445220654651,0.42538324786718495,0.04846777241063849,-0.7043375777041695,1.0281122931708648,-0.3485460331835763,0.24351868200067464,-0.05428738955968917,-0.1526449544409755,3.321953847190419,23.69430047502146,-10.562412144392086,4.040402711349181,4.806568254963568,-0.3067579495235824,0.880690758500755,-2.523091138094639,1.3995138366855722,-0.7764904553767471,0.6242353965029942,1.2121160934675856,0.6455732693638948,-0.3780706112378542,1.979724873105789,0.0553760072303108,0.08515396847627581,0.2062067798245574,-0.5471936644945417,-0.29207467841392026,0.3525303455716351,0.3400926165749027,-0.3586916364198955,-0.041497139578567724,-0.02252445935461208,1.2093990992111807,-0.433179737551711,0.32741150636938093,-0.884361454757788,-5.630610424449424,15.041679082201886,-3.7475525447831437,6.736639802332091,3.6900082049434793,-3.660119445008034,2.4416117242152127,-1.7104759612077813,1.121625295788461,-0.8348845657995965,0.028060285079617053,-0.4885482764906576,0.8999022209754757,-0.9027266174027204,-0.4299390692287086,-1.6649064488961063,-1.5987568379548793,0.5076204560551889,-0.44165528465383247,-0.19299137597445085,0.24394610266858488,0.8326097407772691,-1.323489660103741,0.22381861625305952,0.3675315663138956,-0.753479708017962,0.048216645505510684,0.11315861259524605,-0.26159354064295187,0.7165195779891613,-0.6069686512200265,-0.17238080544349751,0.4394371945909769,26.641793091227928,27.322069369467485,28.03869234099458,26.197037567864168,28.425434511217986,26.26353155677918,30.944095587832155,3.8691910935070286,0.6321222085463905,-1.8161050382949993,2.61629927649726,-2.946728655223274,5.29593730684233,-6.261681842606078,8.42911088075703,-1.8442783267680676,2.622605701681382,-2.4987286640237936,7.505473746981744,11.88487015564338,0.08501075509381391,-0.9351842732948787,0.5842542805464965,9.961331988892116,20.377410295385545,15.431021689623366,-0.9627112412931909,2.815246315807974,-13.99276089104024,-12.45444658596618,-13.953392534803926,-2.1694975873583693,8.186685482912866,7.222343924679949,10.156004599263534,-3.135005673327926,0.6942739952244051,-9.196113807614651,-9.251377536294344,-3.619462099842679,0.1264497934685413,1.4457283781848786,0.8649451876523478,-0.08926505950200161,-18.653717211654456,1.0956295805822176,7.311074464247948,0.03278026974179529,12.06837826453256,-16.21666707622185,10.203495204103534,-1.6039073481145587,20.783181760206926,-12.53691613082909,-2.291488683007751,-19.855925434030095,-0.4786341560119097,9.43931034140305,-2.0849035131948987,14.696643866104292,-17.550772051633032,10.629556708935233,-11.78903806727349,11.718940410932076,-3.076606253333943,-0.6766238701852093,-1.0429054661888395,1.8777240687639978,-1.2870656957139492,4.747176446082305,-13.093988361713341,0.3224492124067854,0.49277476650274393,2.2097953686395297,2.4059477008836674,8.020471178210489,-16.68762176727861,-0.6369905443706851,0.8031585761434797,-3.4962681692491038,2.1827703607993154,6.469751845831069,-3.3764069189494945,-25.753571768375075,8.681428028728659,-3.4065376412728723,3.1584906929840746,21.31173401967613,-0.9021903281334956,-7.384564110055192,12.955581486391267,21.368347803949412,-11.610520045122609,2.7133246616311273,-1.2293965300058591,-16.1525800285243,-0.613025859990365,12.949676201852586,2.1130429206621946,-6.965519804551702,1.8043205741429746,-8.190440610565698,-8.438673040123426,3.3143754824044245,0.5822817600606132,-22.208403969520404,6.141342243200904,1.2195232500683122,-5.181378564115753,7.086846755234477,8.501432148458214,-5.359522577526519,-18.00097260590015,12.754476112465168,-6.427598294103597,5.351904105667064,17.578886614098433,-1.4098213869444873,-8.17696161978671,4.54865395567836,-0.5512970519265971,-2.831792311004369,8.338487542588416,-4.004141001738126,0.3353471030013329,-0.39510466691171264,0.9268625576631202,-0.05261706498219431,-2.2144519553801727,-2.087948944103324,1.9118618925788295,19.566867354481488,-10.990796297358104,4.430000579418973,0.35158161454919207,-2.146571701497589,0.5608824062552646,0.6172020288761332,11.679701651719574,-8.664001786020792,4.565509712644541,-2.9756941844090123,-0.27914870374214684,2.0887036465533755,0.2946699384051962,-17.050192572163336,0.5752897938770012,-4.5266359857497624,-0.0691601955303751,-0.0005068391841978603,-1.4123906784210059,5.583312997043813,4.404327361987799,-1.9096992485555688,6.735651300539617,1.5823202316517793,-2.390381763814394,-1.2416505229977923,-1.2579291732782003,10.574587979180855,8.0972712479388,-4.166414338154966,5.59847454901911,-0.19422614114891126,-0.29684171891353944,0.8374864340185184,3.6047306523514475,12.627072697064474,-9.449109855252294,4.139612741768633,-3.5193652096846133,1.5561715160656708,4.6660947955758285,-4.838362725176464,-22.5928636125532,10.170581861538821,-10.958452759242299,-1.4344662157871553,3.7719276963551973,-1.0690428449202947,0.414754706024724,-3.849774722788561,2.4127167215652254,1.4394029942126263,1.5100217112515735,-0.21991810001420845,0.18149410889410778,-1.6197702928927862,3.8651692244264417,-9.465882965956299,-3.3863328736088016,4.609446573033091,-0.5879965098444411,1.3821695964750522,0.8705392272479646,0.9096342128738802,10.92627881080942,-11.891733174295755,4.287495800186191,-1.961443728507343,-0.37824512186158904,3.815590132028616,-5.432415168092808,-24.65783918855053,8.670190462079809,-5.904673026622787,-0.433426615703804,1.534949873502769,-1.4486216120625857,-1.201268968198505,-10.091787432436533,4.905722045944335,-0.5275677786934759,3.396107294906575,-2.395837172558375,-1.6703495109561788,1.7410241672241609,-0.2906242204381837,0.7871158503089558,-1.2196922197408777,-1.4392343130484004,4.1171207080544026,0.14012393661197772,-0.022595048926771975,0.2550922546199205,-0.29491614553264667,-0.4377276818841818,-0.15150992993725493,-1.885140065722769,1.2821012631314972,-0.2952512285375341,5.322075020119764,21.04938341460171,-6.9063098751114715,2.541552694119945,1.5592647574033613,4.219036580615981,-1.9735363921778546,1.7350698359647065,-1.139773417439943,0.6085590056855081,-1.249898494544719,0.1757559676656104,-0.07049623770363359,0.5307842394088702,0.9479881337928294,4.4109332712524925,-1.0351370564688425,-1.1193320911761404,2.87488715615929,-2.8187237180323805,1.0917278733946345,-0.043773571241577935,0.3361856629081244,-0.22619876858254936,-0.049902210956657166,2.819737724862006,-0.6700882733098837,-0.1460602257795593,0.015318309152262148,5.635533895425814,22.259569273239475,-7.554314706819436,2.9212943200574273,0.6782937638646851,6.361097139868588,-2.9565956587000226,0.8614428925120012,-1.8443476651555346,1.0622437861404936,-1.4489382778499889,1.1672813122374162,-0.2962872901001804,0.08627482202502088,-7.587734484796925,2.8928550550263528,-2.0787755967506616,5.101274090448587,3.394268004912457,-0.3613421563253301,0.5040054789541349,-0.7506729895584617,0.013589872654686067,0.3712076610457037,-0.831908121520624,-1.9893130599838362,-1.000537807483444,-0.044724550498455654,0.5626132018272577,-0.015407864740670388,-16.53791031029382,-0.3996368425588216,-3.6452822074951285,1.6757041197324454,-5.1467224953702395,-2.4572825070798623,1.614606211135507,-1.375097129642198,0.4322276036934523,-0.7496388964718952,0.8634368730734708,-0.9497089652320522,0.4303386386008019,0.695717247397362,-1.1670233571961153,-3.4613421014528396,2.76127638060778,-4.940886618531208,2.0681152066613464,0.8364871153212344,-1.384793341572956,0.26224104154813194,0.388371482319355,0.43346199095896104,0.8095123916611563,-1.778846892933642,0.5775882611786182,-0.1271580941715099,0.10048303051620595,-21.96241724891593,0.04426210721050047,-2.0427327736976544,1.633853940324185,-2.359103514535779,-1.3826633315594417,-0.8567801473890224,1.004477927637543,-0.021530479742567745,-0.21017753063065409,1.2958198006748793,-0.8968325275125534,0.47464168530053935,1.3243114077374243,8.73571822162874,-0.05856436508141181,1.9731794014892972,0.4389817339342667,-0.3563953859181669,1.2592230845513916,-0.2936605872132248,0.040594173698190336,-0.669867170103166,-0.5808447101616206,-0.19410230648824173,-0.8139470253360873,0.5717284358879393,0.27276473446171423,-0.05446093615642308,2.039169787535798,21.412997799773095,-8.57998274315468,3.076989509528384,5.0330435762575085,-1.5465330719505304,0.14272535158097893,-0.5663113119957123,2.227584775860981,-1.3956940389849304,1.6353095220578096,0.10131748379960752,-0.0057238486123206075,1.3382811663190335,6.464821754024095,-1.807104722207967,2.3498199291497905,0.34158822150495627,0.1257652171658972,-0.480405844870454,-0.40056405901572684,-0.3693469143166951,0.20248345644352647,-0.11998302685814746,-0.48447372070335193,-0.6767562185399195,0.313392819373281,0.17507979945787164,-0.06414812613018311,-20.509120762194716,2.090474381723938,-2.5174395384944477,3.0233506847495626,6.972400391744914,-3.132318905631703,1.8303556649207322,-1.2885638356848543,1.5960644934712875,-1.575390099935728,0.78063564627012,-0.7044498953940928,0.1004590956081144,-0.14891382456561847,-6.809545739177233,-5.129576143117595,3.8612101517622883,-0.6474112556146988,0.8417895636071258,0.0629512428344345,-1.4140052511030594,0.43859449807157813,0.16727177175411437,-0.1679977403455076,-0.5051192580501338,2.841222247471749,-0.9951834433541571,0.8227138373374417,-0.179597466542414,0.3078368072650634,-0.4257685355800772,-0.186920314041253,0.0009794720928377578,40.389400317966945,41.27826783656528,41.16078889390569,40.12008932293682,40.270038985286114,42.758097611062325,37.841940955295286,50.299564604246655,34.77439806788759,44.0083974763028,39.29102301222794,38.98277582697071,46.370023767541504,35.28056383769757,42.49899012490988,34.53282731209022,43.83536498965031,36.03209458784259,22.314488320026893,21.219776015211803,-0.08118396239430409,-1.1347818206805338,-0.6657308290047864,-6.3875369827889985,-6.536729512840889,-3.88059771150528,-18.324892871030418,2.796371972730755,-9.491005324430828,16.16591604020585,-3.6901215723807277,14.607383801137807,-3.124290679637513,0.758543347048397,8.16941699141847,1.6166214682706541,-2.8688722264930195,-7.686945316416577,-0.8027517329301743,2.8820545658367176,0.11744288854691101,2.1372152652428293,0.7516498210198997,4.201928632536325,18.14540020047349,-11.047443809265207,1.6099905904194995,-11.080523274497644,-1.7285872589365805,3.8906967245953026,-7.64334958059855,-3.313997106443362,-15.258141723110958,15.026128929046543,0.44080358214235504,19.22623838023386,-9.799884365842153,-3.1187120671842985,-7.632234627425881,2.1337906468312737,6.716818485208529,-1.5425628055736809,7.231638299892515,-10.972356129212816,10.672531966441445,-4.401380695688992,-4.809658407338945,7.273625982310494,-1.0037669425752662,-5.600718874691277,8.362089613985889,0.4611587588098609,1.047613671529996,2.9001736244482395,-0.6502537200941132,4.8652844083749605,18.016512022666436,9.944080822307484,2.519210676945716,0.4759237673143598,-5.519345278944533,7.652102743062186,4.1038586868378735,24.29792004759739,-1.3123069480201834,1.4231578833967629,-4.027504247278917,-4.386741267951423,3.2756507695566146,-7.23224716131392,-13.115796514850176,-22.15047371327418,2.122864516896238,-0.31521348034460184,2.3925085519683664,-3.2484371611317173,-4.327244746408624,-7.269660735677514,-2.1442448170901938,6.484549806546127,0.4982891717386499,5.1580847804445815,-2.411324455050373,1.8734877074182954,6.608915563259807,15.716627216072926,4.9778482152482635,4.34617294785878,0.6198696347715398,-4.06619012443787,8.380630082030546,0.2806058479652964,14.056227654273455,-5.586588765146685,0.6701200687972061,-4.207084201783701,-4.7859081407933495,3.8655503717270925,-5.756309634833902,2.334930856396508,0.8955653563491733,-3.2760574356444456,5.878339533505233,-2.7788632833556615,0.5858783366301314,-0.11652858994736773,2.170540145743284,-0.9523722188844255,2.0077193510145532,-2.0768533109560394,-13.831782054239149,-29.957904837587687,11.845170550646388,-2.517991707686225,3.096566574544038,-0.8443980006885787,1.127755762864821,0.15847537281647758,-4.289570172053964,1.3939362880576327,0.4694370958731474,-1.5964651991608476,0.019134896942946324,0.3330823795596051,2.3785988416449366,31.992694027228453,-0.31197687057115087,-0.6545067981837384,-2.883154799812904,0.5357118171516986,-3.330308700350651,-3.781280459262384,-6.438864518699888,6.726497202501513,-0.4349014811848484,2.2978412022855643,-3.0251608206635674,2.114510551165431,-1.9496536521438943,-12.528583339003838,2.7585349852928234,14.76147072548752,0.9024355010355105,1.311033577902347,0.19327965722364487,-0.6382968158416957,-2.972024663353584,-9.489994513643023,1.430858200640356,-0.3446001768201364,-0.7219371639083668,-0.8303393779727124,0.041533056413461104,5.017575607243274,23.56107937848023,-21.005184637125925,1.7705776628737653,-6.963041150255746,2.747848200094475,-1.221787834370778,0.10377647697761361,3.451378381350794,2.605808193690055,-1.0738075438700712,1.9324937325213332,-0.7459791052854065,1.1138198873368146,-1.5922863901917264,-2.106444929983286,12.914947440270227,5.886454400584068,2.2237198274520944,1.2243680400171217,0.6677150519496448,-0.7657698789433699,0.2369703226040863,-7.440514317266241,-0.47954058713432657,-2.976704905215934,0.8461675283197981,-0.9666638246828252,-0.5817082908136083,4.577593499017932,23.300542358282442,-18.03702703786809,4.782478119981477,-5.256326595164166,2.41892722519122,-2.1619468396624297,2.7531482000827494,10.302185487830657,4.33074760371235,1.5015187372601373,1.2583103285578883,-1.4596606495789728,1.8880092228513972,-1.5996798686333396,-0.6542439724586179,1.1348428125025998,-0.43195979891530134,0.7905498105004113,-0.20062743205454228,0.4279091639715804,0.12293844883496755,0.31698507732780334,-0.17827715896461507,-0.6057538507923409,0.014200584714413163,0.09895246189646426,0.10981038744906325,0.26809957061653955,-5.495367621964579,-7.1043307977914285,11.24992802897364,1.4561206139748026,0.21106083429616837,3.2998313360073754,-1.4168074996727817,2.4898247589522042,-0.45690896064204123,0.9353517521835275,0.5779439307900069,-0.08930321627719705,0.14936358680481276,-0.48756729971818047,-0.7819222664356902,-4.794797019694053,5.496435017522343,-3.749932226111209,0.5085905139400497,-1.0585871840736383,0.4334757732585143,-0.02938962748636138,0.3069646133469367,-0.028210807726937598,-0.43967807452977337,-0.3261948640923834,0.6224635079860776,-0.22023415312760933,0.13724850432517743,-6.952971709093502,-12.846012316591386,12.021391637137043,-0.09729714776035354,-0.10223776506507379,2.35441012736723,-2.640691399648735,1.688548764173902,-1.862206710809015,0.8019397435289635,-1.0882004111029973,0.6035408010061615,-0.12067902819266176,-0.20539133165019902,7.809112499066346,-2.9214253484243335,2.092583535289172,0.9396885965576165,0.0665133765348645,-0.3792861512706356,0.20205453276079133,0.2856760011296527,-0.5490554082551892,0.5343989552116012,0.2328343404674947,0.3777510355095185,0.1400118982311545,-0.10447488627352554,0.21176989224982157,-0.7414201316202923,15.785246489920182,-17.973433273761117,8.372167798364918,-5.737693749383773,-1.7762495802486493,-1.1509799733287964,2.3423005653533377,-2.1466762320703316,0.9977644049208896,-0.6060966663582454,-0.45450244078764346,1.1727295089267342,-0.8033374857057144,-0.4938336893211031,0.490657448536227,6.225066328867359,-0.8153908393335801,-2.4593280357564504,-0.8185907759700028,-1.3742985540832962,0.19833426098322338,-0.5647960336389158,0.5421769473744816,-0.23379093676522406,-0.5021906222951005,0.14251086780351513,0.13937504344159157,0.014457005695014678,-0.6410796101069437,22.076754639879354,-15.137803788857827,5.379189535607163,-4.701061261860338,-0.9888793106921576,-0.5758948794626125,-0.043639573088943076,-0.588774295034105,0.12205295029141601,0.29429040290223574,-1.0000298545414423,1.528087291270129,-0.41626449485208594,-1.3709578927863328,-8.649698939795936,1.755545023896609,0.5757412525371856,2.760648817473744,-2.373776035484285,0.07951936229228454,0.03975868377240257,-0.1059290547518471,-0.5645481121709514,-0.5809077572635981,0.7445371844825162,-0.572844417493918,0.26076022993735326,0.09194708237231689,-0.11559579915221832,-3.7350550505016895,-30.510954688014316,15.337032477335475,-4.347010839282556,3.6637433355361213,0.09993069035418686,0.03526713554260162,-2.0495888616029934,0.43760584714684847,-0.7904148677821423,-0.16083933727593624,-0.12822176536511878,-0.3911825918310791,-1.133729014920046,-7.230269650445031,5.806265830286103,-0.7825681792271062,2.957512395250165,-0.6268930100161214,1.346603572729667,-0.628012648596318,-0.6896044403055168,0.6865173715326326,-0.16936025479098593,0.05160567769894038,1.2758311363588206,-0.4172702874211479,0.3244530334355556,-1.3712041989563757,21.032460341225153,-13.953976642384516,5.149307623738565,-4.334008993449647,1.9428601923347575,-2.487991524979593,2.125601336059535,-1.04824715170216,0.6053803220806085,-0.5087141573318723,-0.009837077107793045,0.758661889627427,-0.4754283919040213,0.282457691441658,5.908154881413265,3.2645423427139804,1.034001396557425,3.6608888994662006,-0.7165921365824477,-0.17468268775457538,-0.3622731633570678,-0.46301975200965156,0.7678166145897451,-0.5836450087988253,0.8525750050816708,-1.1787618443850632,0.285486069979701,0.10530984483570431,-0.5853744804198762,0.4166107655858973,0.26978409092147665,-0.49450702165008154,0.37273294253071
24,-4.326160849110073,-2.016542427790562,-4.208551908269911,-3.3112696546620217,-4.294130604059383,-1.6780770633989623,-6.905647933291274,7.581553154738698,-8.067956372373096,4.141918811437853,-5.8240407672867684,4.537989302976907,-6.172003945341791,0.14179125817405547,1.1108015101504929,-0.6594681865849278,0.08237377168103466,-0.01621957700985155,-10.595031564693501,-16.988068128681252,-0.48355931912874844,-1.6810665615356541,-2.882183008147494,1.55985166217212,7.157971636797281,0.5002501929554739,7.641993121022475,0.891236095098859,-3.692339816323347,0.1251350170671168,-13.289955550412781,1.6867930355532592,-10.671203370003674,5.621303327377763,-2.1843582155161316,8.96041121886429,-8.955656114038213,0.6753248541542427,-2.6607054712105,10.278582454275972,0.613365276166042,8.484322893303032,3.370750126090576,-3.048744644254685,-13.079956266998085,-5.0456003509958025,-8.856553267935404,9.88246745706546,7.682898857688214,1.0413559155212866,3.3992696208564883,-4.4487664615477485,2.234574357706986,-2.6565641498481902,3.2720676341530672,-10.326124798702688,-7.529777484305384,-5.588227534107914,12.531999670440966,6.937135492877336,1.6957235325412623,2.6124708295049714,-1.795165555070109,6.663620339904153,-0.02660233180288836,-1.6931739951241795,-21.061302815967057,24.538851559044637,-1.2606462792333704,-1.9772267280415208,-5.937753126826346,0.8478027617570165,-4.17977657321289,5.04242855309485,-8.72552883036171,12.641250367810857,6.914217568143477,-4.935582199292817,2.310761153607484,2.2413689080095813,0.18854833643016067,-1.0127704272449676,15.805753867496309,-3.163451980607403,2.4293259447042432,-4.203205236264217,2.862711270298981,-7.561244458899664,7.992142411942878,1.3268186614006108,-12.314669289216841,4.168710841904125,-3.910998844263604,1.7320658394567539,-6.755336322994234,7.186826239702405,-9.720941730064478,-4.048616317603583,6.466152289196305,-2.6291092458744756,0.996667741739952,2.876700870234412,-1.3487545473981304,-1.9036311042419511,22.28189190693435,3.112950556098773,-0.23441750842881073,-0.24350799224334221,2.117942242637282,-4.81694285721332,6.282481306317063,-3.8983384384711526,-18.310715037670317,7.049435455555742,-3.5801469866780216,2.4452623613320417,-1.4135879606811812,3.2836376182282323,-9.85829635483917,9.060473416943427,2.6956825961639126,-14.094159810300933,13.31145329392423,-3.791268445946518,0.5595282419656518,0.2059887250230965,-0.6806518809552267,0.540011471741178,-1.8975237106065315,-11.326841235744627,7.019272444411525,-2.7944256159164897,-0.6680877774189669,0.07553389477914416,0.45518937451670566,0.28294862749544886,-1.4731404163173836,1.0571416405326188,2.0113711051799,-0.7681718466824098,0.7136364462077276,-1.129347799299779,0.7085462736962337,9.149760260861838,0.5310141174082073,-0.09636675986182759,-0.21915488729430868,1.2284091667849852,-0.6260362946858368,-0.5220579674859006,1.128254282277988,-2.8331329639750913,-4.1249469267971,1.8964597337448883,-0.07319725631247072,-1.1825762497375298,1.4122034623828916,-1.507845761667584,-10.140158594395157,5.893407865717539,-3.5388346674892976,1.2059993295536744,-1.2756091675985015,0.7529610863385886,-0.4261614980110522,-0.5704486310027836,4.338515588846058,1.322712972246272,-0.07999769559640278,0.14473522399055885,-2.6056102046597216,2.6338033615352074,4.105408337507055,-5.560496691750233,0.2904763518268843,-0.6104872881486592,0.5709514256414963,-1.2923784301972923,0.5418155382184459,1.70270836696144,-4.0414572577294585,2.444880286000919,1.4547784529658696,0.3110710933295149,0.1549694566501676,-1.5841573515898633,-5.713361781727469,-2.850791439685758,6.960883533254176,-2.818590720252734,0.37790655457762223,0.4362217349577046,-0.08746734847225784,0.5640821206972864,0.015033025410714024,-1.9047783121382944,-2.954134460487963,0.9513064576888688,0.6169601884351248,0.3985635423305614,-0.048624448342499994,-3.4100001430648996,-10.182837791017805,4.434689557327442,-1.9530120257465517,-0.8206025645120358,-0.02195312516948435,0.47080148564042085,-1.2338527434786744,-0.14285535215446343,2.0957125051523744,-2.129102135941613,0.2919185645251338,1.2988947045196981,-0.21252885131103788,1.8112778631191921,2.9664431236177062,-11.181768726059289,5.547959836545703,4.677268894259134,-3.3857883372312774,0.8623329929312245,0.12663881323440743,0.8282676201378008,-0.8554778073343404,0.25940637017025175,-0.2655159217585218,-3.8745491558351257,-9.755338344988418,1.3591623524014413,1.4226541304544915,-0.19431365827739477,-1.4302470317114857,0.7000880992159645,-0.07259688171698611,0.5377859539587927,-0.012216689470374485,-0.39537908677967354,0.27455488561329433,0.03442171509969332,-0.014829570395519114,1.2586381141679208,-0.9014366760362578,-0.7988770348196126,1.4005397389061827,-2.0465520692092625,2.2859935461963863,-0.672493177348793,-0.08244606584722523,0.2721773673841181,0.4337057801315091,0.8714481915089307,-0.5524715106409117,0.8054307626852757,-0.24420127000849298,-0.10930350533038274,-2.15712548008782,-6.358939514119185,0.6117244843142375,-0.5783006829660832,1.2680910628156674,-0.4218409875058448,0.14640363636369527,-0.5582520212604013,0.2888023536264552,-0.3796153624575188,-0.040202074051608624,0.5283125372475029,-0.44348796701574295,0.2503501084234311,1.321332987228793,-2.190431469536912,0.08207731960012804,1.0256374346473334,0.018976069405216213,0.7054576979396376,-0.23004896958823023,0.04452463209673875,0.1258645638063807,0.6860070168399297,1.4346593664262157,-0.3487062953360509,0.7043762933055774,-0.2896480329086185,0.1102309444696221,-4.158644987738988,-9.701769091748837,6.217925920608409,0.1263750754856195,1.8511939837005373,-0.8300114763336086,0.3231432283481234,0.8601568889116514,0.06687903091490008,0.034577673387844836,-0.04338030568085953,0.162942682930644,0.017112631898930898,0.14590757639997315,0.23272891522465305,-0.7234098820560363,-1.5687879679352232,1.6092582730294767,1.8457556089538718,2.1507238177137773,-0.9754081201852155,0.15603707344642448,-0.6264690836345179,0.49074815178768455,-0.02620045491558211,-0.7557430610432933,0.7965560160649056,-0.09072421988738141,-0.17057203054891035,-0.4441926002578509,4.671060849788588,-2.6372452425410566,2.469483535282927,0.10877253801298685,-0.13036721403118287,0.46244940157015374,-0.7180666785773379,-0.049442966547354646,1.2414557431904083,0.00236288773650128,0.3153879550408737,-0.13344699285895922,0.20273452830154062,0.5085997477765077,-1.4041869652970558,0.8103267749888413,-1.2105121342550527,1.2714784506783041,-0.5214746734244399,1.947122774303369,-0.7702462963407621,-0.02373977940178683,-0.21564409299104464,0.025060521035977983,-0.7028666689499703,-0.6424662018418341,0.6498604058035199,0.001928124180143126,0.18228293759320988,7.618135825608332,-8.974446626692066,6.575242256272679,-3.6334894314504584,-0.6134506708532416,0.7170003463715714,-0.3939197403340848,0.17334485836598384,0.5571522137028422,0.1278233985575898,-0.045535924059314156,0.05941053365609299,-0.20837795817616675,-0.04792809061617579,-0.32405652168127075,-0.39598300681229476,0.4431224111156374,1.4024370190785413,0.4497066157789151,0.30782261671208766,-0.261004498407523,0.0018283060675744409,0.5631530068008608,0.07577508149002687,0.7199399186487615,-0.05828177208124409,-0.0005529272214526565,0.08052603718074482,-0.2590203293090018,-1.1397520371427554,-1.4640427370465294,1.2012869947525155,1.9245022016104247,-2.4077219045110003,-1.276674184853591,0.27093909536641025,-0.2636483548240814,-0.4933263076532434,-0.4274554277987047,-0.1871886366648019,0.3657896005848551,-0.2985985808167473,0.4031592568857321,0.7093242415566281,-0.8159444122710952,0.875224986506267,-0.6942136092762208,0.1808831556490635,-1.5867710858941213,1.3335169771922382,-0.7369370295541996,0.2752321388246237,0.5546882795552626,-0.40763732768521604,-0.47686322016427163,-0.5641722775466459,0.8256743480093585,0.020614520260702828,-0.05556054913657893,2.6818596456054165,-4.764259599854126,-1.4536166760546758,0.29295851374156173,3.557653238472789,1.3199158134694944,-2.2168118038654323,26.330909607747124,29.8594291138097,30.23590986997162,26.742597840687754,29.911150060301306,29.220866093085327,31.972119057404626,-0.15196584782466838,3.4430012220975623,-0.6117382906142347,3.6418947735415013,-2.637402164986389,2.3293840166924475,2.9948759404313074,-4.793928011595421,0.418012374762872,-3.8521590011046034,2.3763018044205997,-4.9150585482257005,-3.1677917083012828,0.1320497528599175,-1.3026749308292103,1.0204036441821436,6.08581533249383,9.055504823882362,-0.848743597186219,-8.381587197670834,-7.531653983660939,-6.174180450286194,-2.663129041090331,3.928984852734896,3.7807722749816173,9.407577240545566,6.0824239695689215,7.384664549395958,-2.347284696335769,1.9218416249391013,-9.83341378729789,-5.001901924879828,-10.265308683207751,0.014380135292602937,0.8448456703896673,1.4575816076683878,13.281520761249173,18.60298396644874,-12.126875349726662,-3.2226745173020204,-15.802693758349983,8.444999272258656,0.7230399217255025,9.441690553170055,-7.24611057690223,-2.1501615914696854,4.718430444553402,9.069519007854405,19.594142398231213,-7.25907864231063,-6.471659280462267,-28.80959159063262,8.195950759558222,-2.746731066069354,6.0546099201255235,-13.219448696535709,-2.0167272906614153,4.903425615280207,15.505152697066576,14.628045362621581,-18.458353877741995,-16.236278418719113,0.9985879383374043,2.1243136116479038,0.11346120101314164,-0.12794120484824953,1.0286372778204995,8.748704396554723,2.032294005792654,1.3845630656324472,4.7342625085237415,-1.8510987965940096,4.695076223770343,-2.248372184243637,-2.549534073829712,-16.082473323009047,13.164540769934508,-4.26540533214454,-0.10618984050034735,-0.775199393582778,-8.193670496728886,0.10652837383532288,-13.693497777038061,9.915724773803111,-11.898667770215399,2.119872267032224,0.6258045967521864,-3.290088571954434,4.888040454250953,5.905911713985551,12.34394392367032,-13.070146971299975,8.659246929519004,-2.572881536599211,2.140456100376103,-0.13047538670011755,-3.1117083008670705,-25.78066340189996,7.233068775196058,-1.8378075372134963,0.5858536295541135,1.3205817313437458,-6.53458159924412,1.1194668241664383,-6.564016824403806,12.828828533391,-9.31532160871064,3.4774810426883276,2.1615086238338197,2.4397742166848833,4.392032155713893,6.860517060912783,5.466530944376582,-4.395891785834589,1.1859579617395326,-14.023287012079479,1.0007963873129389,0.055600831458851314,-0.30782404200410746,-0.06622180545092476,-1.3998373164955897,-16.383865873222668,13.841540569702257,-3.8830511331929385,-3.8345945806691617,-0.024944499873835985,0.9384238833918268,2.125538166992677,-2.4977090555244432,-1.3499700980446547,0.9957718251916244,-1.8307501423816548,2.368562438343162,-1.694655402569306,-0.36395862017344294,3.624395880025162,-3.06051291959423,-5.878670188390453,4.852310918759451,1.1837793270885308,2.167294275747443,-4.20389614030245,1.3387981994959168,3.283393758905923,-1.564995939446142,0.15320969149962654,-0.999174273711069,-1.5569126237089879,-0.39706173310411974,-0.7232924463985846,-15.168381643700819,11.014954707500449,-1.515262398687651,-4.1261465585116746,1.3030184171146013,0.1594933939351536,0.13765554501210636,-4.508703267470745,-1.487743788254517,0.12498486502402517,-1.6887994131508386,2.8292070972286267,-0.5637928820251852,-0.16343140520475608,7.609759483592534,6.736383132693101,-13.202254910362653,6.916315049242011,-0.28786668962149886,1.2588086576994844,-0.4488817103550551,3.189105066480687,0.36384050427121983,-4.151083783300458,1.0388244640202298,-2.979358435533912,2.858211560588521,-1.1462686149473638,0.6842227026909462,9.559584404933057,11.786274377262922,-11.537541091083202,-0.3712977932899032,1.1343114493158561,0.4654881336630765,-3.207707593615151,1.0760893417889774,3.3028313100035063,0.6016318712323947,1.0975589046747052,-2.9291698488234226,0.7624684972988388,0.07129290809782328,-0.25855419958445247,-1.026965701754633,22.181979745334758,-8.029627660569941,-2.0071135367828656,-1.2783325360163904,1.8755285997180973,-2.174891926620628,-2.1583347177819308,1.5059543512800224,0.20998056839663296,0.6134705885945663,-1.0231040393768056,0.03184534848437058,0.2814263272090854,-1.0408169389460664,-18.7238230509882,6.883977557309153,-2.7266585110134507,-1.9834244508294043,21.3875059108682,-5.356881188588208,-0.026483711618735216,0.04809614978215795,-0.29651669167940853,0.24165759216117932,-0.5451803172522606,-7.942389781710735,15.798662666435163,-7.715063492411718,7.167823884548411,-2.9893883450345085,-0.5444287546766691,1.0067112165748937,-1.7106911080913438,1.5691920754342414,-0.8770998746082855,0.30558971148672787,-0.7040518107800151,-0.5320311360329844,0.3586742422374736,2.275876294291149,0.056346002507578055,-1.2319912778844768,-0.03597088399980782,0.09688117153385604,0.040841325984012446,-0.2061445220654651,0.42538324786718495,0.04846777241063849,-0.7043375777041695,1.0281122931708648,-0.3485460331835763,0.24351868200067464,-0.05428738955968917,-0.1526449544409755,3.321953847190419,23.69430047502146,-10.562412144392086,4.040402711349181,4.806568254963568,-0.3067579495235824,0.880690758500755,-2.523091138094639,1.3995138366855722,-0.7764904553767471,0.6242353965029942,1.2121160934675856,0.6455732693638948,-0.3780706112378542,1.979724873105789,0.0553760072303108,0.08515396847627581,0.2062067798245574,-0.5471936644945417,-0.29207467841392026,0.3525303455716351,0.3400926165749027,-0.3586916364198955,-0.041497139578567724,-0.02252445935461208,1.2093990992111807,-0.433179737551711,0.32741150636938093,-0.884361454757788,-5.630610424449424,15.041679082201886,-3.7475525447831437,6.736639802332091,3.6900082049434793,-3.660119445008034,2.4416117242152127,-1.7104759612077813,1.121625295788461,-0.8348845657995965,0.028060285079617053,-0.4885482764906576,0.8999022209754757,-0.9027266174027204,-0.4299390692287086,-1.6649064488961063,-1.5987568379548793,0.5076204560551889,-0.44165528465383247,-0.19299137597445085,0.24394610266858488,0.8326097407772691,-1.323489660103741,0.22381861625305952,0.3675315663138956,-0.753479708017962,0.048216645505510684,0.11315861259524605,-0.26159354064295187,-8.138046206891053,12.467401429973222,-6.003055867049359,5.698317377948603,2.451773744307151,-0.6614079559476839,-0.7739044332316861,-1.5064143091668651,0.5616507194555314,0.12600709277614563,-0.4426475086235256,0.5038292001014202,1.6269063726973931,-0.9686494736832802,0.12496679504459993,0.0856336272516627,-0.5715717548555057,0.7526843896905119,-0.27487885777553317,0.035817562151455026,-0.32101495129551727,-0.8582582095125403,-0.10571304486431461,0.06654770609796383,0.4927029534760673,-0.5824159083843707,0.09232388514357442,-0.028373105435230493,-0.9672195309116802,-1.364441016028975,-10.190467460602134,20.03634442592885,-3.6780371445613684,-0.8011463847827947,2.163876872607251,-1.5207664046150131,1.016729826810811,-2.0179399371203184,0.9498016110744892,-0.3048791149669733,-0.20157033636844016,-0.38557152468891254,0.3558227243118446,-0.26928951426875913,-0.00403479974534663,-1.1409631352891418,0.15162650054134058,0.7897144151747687,0.30905085295562446,-0.5644761827487307,-0.3737392214068029,1.4238845350268063,0.13460516186338536,-0.7076899696477997,0.5451268878688231,-0.30541815176744047,-0.07784786949753499,0.15059792705101088,-0.3409830930817405,3.1363095989250476,14.308321462189266,-10.742548114643322,6.218901409087307,-4.872042174538539,3.633683427962926,-0.272512696370554,0.7013905012812873,0.42035458520103164,-0.3891083879336948,0.5096184438454823,-0.8494749359757832,1.8509083253467558,-0.43137252728134634,0.8610221947853809,-0.5350464638578729,-0.9462658327283534,0.6626424707113799,-1.5605245755256165,0.9754061825831559,-0.38352774383114496,0.16315812094338672,0.776392182145407,0.851847975227213,-0.7904008293434803,-0.06297542045255411,0.3619186203170281,0.00014124798751150199,0.28587829048715535,0.033786466942194796,-10.01392957989452,7.401032222899692,-7.240603984405164,1.9580406893511249,4.473719271336356,-7.342664392370346,14.991039508975804,11.410668104240461,12.766378947781604,13.950286769095198,10.538758582520844,13.277479514001962,12.687431183430105,15.197879485567851,-4.667441973866628,6.248271178827339,-0.6662929044001943,3.1867058765898446,-2.2888676390008453,-2.246054731534838,-1.9885204486340315,-2.4796981968536187,-1.835680017878405,-1.0370800559641764,-0.284677481070067,7.535894909590985,14.203444575342134,0.25728856441487785,-0.971733886484254,1.2018174154928152,-1.4344712177278558,-7.06921651167592,-7.071598850796789,-16.712338526900762,-6.019098197492957,-2.2403072715879877,2.693207815845864,13.785512122283986,10.909197052571635,15.39673837906218,1.4795444908432636,1.1957685449714082,-11.036242962857234,11.6785915091416,-1.6439948697160833,-5.021649398174815,-15.95045195908457,-0.2961982375963935,-2.262245784379168,-0.36936464086227416,9.947561769157476,20.507628554795335,-17.39406815009919,7.994130353993732,-16.996978421013466,6.3260922159768525,5.476848464664019,-3.658981274647322,5.70685087485722,-12.787246558041,11.520030101633278,-1.171405866762629,26.725714312827247,-17.312004208485018,2.2120519557436427,-23.70613203894761,4.435302482330801,4.141552080322009,-2.186710650337387,-1.1616604917494384,-11.234131634479425,9.775810173651374,4.6344841122205445,29.92810027518903,-35.2443606763417,-2.3707758724636614,-4.526677449557478,9.441606857116481,-0.06143083204078948,2.711627086446216,-0.1681723331140577,11.482216181740094,2.666045021492199,-7.077347099803309,1.8158343902471845,-8.190440610565698,-8.438673040123426,3.3143754824044245,0.5822817600606132,-22.208403969520404,6.141342243200904,1.2195232500683122,-5.181378564115753,7.086846755234477,8.501432148458214,-5.359522577526519,-18.00097260590015,12.754476112465168,-6.427598294103597,5.351904105667064,17.578886614098433,-1.3869053206441373,-6.472066723290842,21.20329860079472,30.940936664878986,-19.384928984947756,5.0423912313297645,-3.9107666443147204,-16.930844909570784,5.742122236781673,2.1743456426376024,-30.17526235526745,1.7019589958751855,2.801669276510185,1.8744938522658168,15.214670000313383,6.518594681221938,-5.294195747700446,-2.3421819092872758,18.53392963876525,-6.585829690784931,3.3985451564703753,14.259082877430467,-12.737918739703986,-5.375483116186931,14.030221347885558,-0.48256073282213696,-6.042097711683521,8.669926381748374,-18.502848492873024,11.142580604480045,0.47848344398876685,2.152360817349186,4.1597613682965475,-4.493917652728806,-22.72760261252516,10.19090853670133,-10.958452759242299,-1.4344662157871553,3.7719276963551973,-1.0690428449202947,0.414754706024724,-3.849774722788561,2.4127167215652254,1.4394029942126263,1.5100217112515735,-0.21991810001420845,0.18149410889410778,-1.6197702928927862,3.8651692244264417,-9.465882965956299,-3.3863328736088016,4.609446573033091,-0.5879965098444411,1.3821695964750522,0.8705392272479646,0.9096342128738802,10.92627881080942,-11.891733174295755,4.287495800186191,-1.961443728507343,-0.37824512186158904,3.815590132028616,-5.432415168092808,-24.65783918855053,8.670190462079809,-5.904673026622787,-0.433426615703804,1.534949873502769,-1.4486216120625857,-1.201268968198505,-10.091787432436533,4.905722045944335,-0.5275677786934759,3.396107294906575,-2.395837172558375,-1.6703495109561788,2.400671232840486,13.285671113140365,4.586071016575619,-9.775882498725151,2.110826888748981,1.636123031010484,2.334496848327014,2.3504857311733014,3.712812740454408,9.129690142980524,-3.7813210232187413,3.856398738628147,0.7790971960362113,-0.4606477268984757,3.1924269445529143,-3.2290754328202684,11.605773997099378,8.870264456209323,-14.962087322848962,0.8511541681058159,-0.02419262044043375,-0.6546843221210699,0.904079734671088,1.8332595094432802,-0.21401961350909782,-3.7227746779209507,10.406302537394208,-2.8656573288163742,-1.901429604501306,5.194124394744162,-1.9199104124156423,1.951070860829472,21.599635772712702,-11.940392228864642,1.1724815335588525,0.20960451846824174,-2.7880339767657776,-0.6429089200726744,-7.513094559641004,0.7441051039893986,-7.290432665486569,5.610793519681886,-4.224236269179726,-4.269063065417033,5.4269520695830815,-4.698271507763768,-22.24349377290099,11.759123936667613,-5.450760592253753,-3.0802289347795475,25.04042118039257,-4.031926228345132,0.6880796350846524,-1.691985542389765,0.4904949932492962,-0.10610360757732601,0.10048303051620595,-21.96241724891593,0.04426210721050047,-2.0427327736976544,1.633853940324185,-2.359103514535779,-1.3826633315594417,-0.8567801473890224,1.004477927637543,-0.021530479742567745,-0.21017753063065409,1.2958198006748793,-0.8968325275125534,0.47464168530053935,1.3243114077374243,8.73571822162874,-0.05856436508141181,1.9731794014892972,0.4389817339342667,-0.3563953859181669,1.2592230845513916,-0.2936605872132248,0.040594173698190336,-0.669867170103166,-0.5808447101616206,-0.19410230648824173,-0.8139470253360873,0.5717284358879393,0.27276473446171423,-0.05446093615642308,2.039169787535798,21.412997799773095,-8.57998274315468,3.076989509528384,5.0330435762575085,-1.5465330719505304,0.14272535158097893,-0.5663113119957123,2.227584775860981,-1.3956940389849304,1.6353095220578096,0.10131748379960752,-0.0057238486123206075,1.3382811663190335,6.464821754024095,-1.807104722207967,2.3498199291497905,0.34158822150495627,0.1257652171658972,-0.480405844870454,-0.40056405901572684,-0.3693469143166951,0.20248345644352647,-0.11998302685814746,-0.48447372070335193,-0.6767562185399195,0.313392819373281,0.17507979945787164,-0.06414812613018311,-20.509120762194716,2.090474381723938,-2.5174395384944477,3.0233506847495626,6.972400391744914,-3.132318905631703,1.8303556649207322,-1.2885638356848543,1.5960644934712875,-1.575390099935728,0.78063564627012,-0.7044498953940928,0.1004590956081144,-0.14891382456561847,-6.809545739177233,-5.129576143117595,3.8612101517622883,-0.6474112556146988,0.8417895636071258,0.0629512428344345,-1.4140052511030594,0.43859449807157813,0.16727177175411437,-0.1679977403455076,-0.5051192580501338,2.841222247471749,-0.9951834433541571,0.8227138373374417,-0.179597466542414,-17.169063989098685,19.644798575387977,-9.03142132066378,2.5244488834294265,-0.9240206877552564,0.8867370880978989,-1.2788667980341926,-0.34360912347261785,1.2043341625406698,1.271087321708562,1.6673329934810142,0.6576394985465551,0.6847341603468248,0.39118801917468526,-0.759606755834773,0.8009076177640382,-0.6646568887388722,1.5054232078223553,1.972601932349558,-0.34585147018554047,0.7850482698903715,0.1970838936414596,0.7297052908092674,-0.01192203952409511,-0.13290618593680303,3.2975898003845656,-0.7519465360356505,0.4960865179709587,-1.109124730213515,-0.32806604875734724,-11.537506140345018,19.43867498101555,-7.333101842932395,-0.11958162363647863,0.7551710285654702,0.4311795328347147,-0.2521543758507416,-1.1490863150198805,1.2518304608402495,-0.8489292291381298,0.7129153847363242,-0.4454461894964781,0.23846940510279271,0.016668704789328408,-3.2431925123727043,-3.0625936166449,-2.5259583996524766,-0.9329899412069887,2.3515601166790687,-3.6318472582711587,2.2928741613546837,-0.7870997447686793,-0.3982284492013483,-0.28487190119885275,-1.4061427549384025,-0.6947333558865539,0.13454225970908304,0.39865995994902537,-0.23015949057872975,4.94491393159861,21.754217799656516,-9.788941873753886,2.0693754092995587,-3.412534229327252,0.4788425681123576,-0.1807305463317035,0.9367106619820348,-0.373389721615562,0.2563119480743589,0.42524493078010833,-0.7313096716032773,0.3814553939741947,0.6993671951546058,-0.10217651322477783,-0.8371571557349177,-1.1842959517481375,2.130190702804228,-2.6266706442458547,2.244506064300202,-0.0016917775203994581,-0.06938033038300614,0.5841078133466857,-0.9306416590552814,0.047737488401193594,2.7608459327194965,-1.9456728590507586,0.836674949976527,0.02917479165795994,0.2622858696277888,-20.24507689578896,-1.110165035510258,-0.8742964083005974,0.6933721710942382,-0.2262144410709815,3.911978513805886,23.980789892894624,39.00649485723025,36.012448824413006,35.96357527830284,38.692328447203906,36.362126302969045,35.43938762892573,39.352490862150766,43.007158372165065,38.040181073126845,35.588147427652444,45.98377164752653,29.602569086317153,52.00112032976767,33.00947024068343,49.55386060041392,33.43642771024621,41.47948452505498,29.704185651344844,53.806649488520755,58.0117551076209,-0.04701982559389245,1.3356801405429808,-0.3414582860667143,-5.060416340668955,-13.971349897651024,11.18002969423632,-4.373579192309635,18.42232038477345,2.531360256357933,10.43306907176545,-6.53441160386747,-9.604296084273882,-1.8063848620707204,-15.541254648025875,2.4278723414165078,-1.328007671063607,-0.9898496743030537,4.878926943680142,10.850522599938627,5.827127512997207,0.13421299008359205,-0.44480351603634416,-0.7976296130498246,-10.367981955269101,-10.591588911201134,13.621283830966181,2.064049098935544,7.763268572593048,-12.462153043197512,3.729738032861466,-5.990331527425392,2.7367613866111857,0.34720884714771993,-4.651944095032245,-5.130820551874547,-15.941474612450216,17.105823860882474,1.8719696438944449,20.825057035527543,-13.418734558879263,8.08578548946004,-5.504570810503585,10.026938722446895,1.058528042789312,-8.258293136337668,-10.462634348953607,-15.182476387852825,18.403708750036344,10.913035094440968,4.218000278652935,-0.3580612279328377,-0.02555343617785609,-0.13026889638874745,-0.18704886619171843,-8.464407546695206,-1.7804349298231013,6.359244738566396,0.5203445823602932,5.1580847804445815,-2.411324455050373,1.8734877074182954,6.608915563259807,15.716627216072926,4.9778482152482635,4.34617294785878,0.6198696347715398,-4.06619012443787,8.380630082030546,0.2806058479652964,14.056227654273455,-5.586588765146685,0.6701200687972061,-4.207084201783701,-4.7859081407933495,3.840220352892066,-7.686204549978556,-16.20466724132714,-28.487232100517716,0.18920871563221164,0.7500919944309338,1.2386230874520199,-0.9848422172766212,0.6783331068297443,9.092272267273149,34.03499387050613,0.8220189227348598,4.273449895332537,-1.6260680689060354,-1.5264262536011197,4.785037890781727,-3.2399514326143084,-0.43343785156480846,-14.305009885886124,4.079534214523606,-4.001887246039753,-5.552395625439817,-1.3783540567006858,-3.1070510318937266,-7.401449706159988,-2.584038174465749,3.7425711895528155,-2.97390817338874,13.107494294490225,-1.5003908568632,0.012393366010825779,0.2178470269518288,0.22000270306277797,5.091412888765371,23.467430829241522,-20.982423299570918,1.7705776628737653,-6.963041150255746,2.747848200094475,-1.221787834370778,0.10377647697761361,3.451378381350794,2.605808193690055,-1.0738075438700712,1.9324937325213332,-0.7459791052854065,1.1138198873368146,-1.5922863901917264,-2.106444929983286,12.914947440270227,5.886454400584068,2.2237198274520944,1.2243680400171217,0.6677150519496448,-0.7657698789433699,0.2369703226040863,-7.440514317266241,-0.47954058713432657,-2.976704905215934,0.8461675283197981,-0.9666638246828252,-0.5817082908136083,4.577593499017932,23.300542358282442,-18.03702703786809,4.782478119981477,-5.256326595164166,2.41892722519122,-2.1619468396624297,2.7531482000827494,10.302185487830657,4.33074760371235,1.5015187372601373,1.2583103285578883,-1.4596606495789728,1.8880092228513972,-2.3426924611928976,-15.801754456548624,-1.6388743843108133,14.507172485105842,-1.1672908950630068,1.6328226063287288,0.9907864842025775,-2.735090504878399,-2.963541252455022,-7.797100456451225,3.031375970991097,-0.9649765923843605,2.59410607246836,-2.576457947096933,2.408903774452333,-1.6517688803541457,-17.951625950544102,-10.759684982957156,11.775031617902666,-6.624594793867824,2.5420027072000857,-0.5992111893446096,0.13792471879161075,-2.196766920611713,-5.449372719766124,-1.2390987934192375,-3.418893549401225,2.358469307389016,-2.972969404485928,1.846482035948171,-0.5770580057402598,-5.034124782498888,-29.62977403685007,9.594592422270084,-6.638828173899625,0.9671198374839723,-0.9084548523777399,2.2286856770796284,6.2929423316394715,1.9960955466245662,-0.007023362731722025,-1.2987519141039672,-0.012663520894855056,-0.6179938536697278,0.767077882072973,5.1790841371204746,26.760818504147906,-13.525047309534449,4.009339550183739,6.224302785501194,-29.48564901679872,1.4298662355110805,0.03376998577703838,-0.014833105119310835,0.11156519255437741,0.03117609362746054,-0.6410796101069437,22.076754639879354,-15.137803788857827,5.379189535607163,-4.701061261860338,-0.9888793106921576,-0.5758948794626125,-0.043639573088943076,-0.588774295034105,0.12205295029141601,0.29429040290223574,-1.0000298545414423,1.528087291270129,-0.41626449485208594,-1.3709578927863328,-8.649698939795936,1.755545023896609,0.5757412525371856,2.760648817473744,-2.373776035484285,0.07951936229228454,0.03975868377240257,-0.1059290547518471,-0.5645481121709514,-0.5809077572635981,0.7445371844825162,-0.572844417493918,0.26076022993735326,0.09194708237231689,-0.11559579915221832,-3.7350550505016895,-30.510954688014316,15.337032477335475,-4.347010839282556,3.6637433355361213,0.09993069035418686,0.03526713554260162,-2.0495888616029934,0.43760584714684847,-0.7904148677821423,-0.16083933727593624,-0.12822176536511878,-0.3911825918310791,-1.133729014920046,-7.230269650445031,5.806265830286103,-0.7825681792271062,2.957512395250165,-0.6268930100161214,1.346603572729667,-0.628012648596318,-0.6896044403055168,0.6865173715326326,-0.16936025479098593,0.05160567769894038,1.2758311363588206,-0.4172702874211479,0.3244530334355556,-1.3712041989563757,21.032460341225153,-13.953976642384516,5.149307623738565,-4.334008993449647,1.9428601923347575,-2.487991524979593,2.125601336059535,-1.04824715170216,0.6053803220806085,-0.5087141573318723,-0.009837077107793045,0.758661889627427,-0.4754283919040213,0.282457691441658,5.908154881413265,3.2645423427139804,1.034001396557425,3.6608888994662006,-0.7165921365824477,-0.17468268775457538,-0.3622731633570678,-0.46301975200965156,0.7678166145897451,-0.5836450087988253,0.8525750050816708,-1.1787618443850632,0.285486069979701,0.10530984483570431,-0.5853744804198762,20.17754038385737,-21.571570756589367,7.385086092434308,-5.28823007640965,1.5498594572291613,0.43427852697917185,-1.5652131313060345,-1.007966800514662,0.3052627972224244,1.4015856733932555,0.1569379424146629,-0.6708311263547128,-0.7610494977389456,-0.3867832936830303,0.6421814117246554,1.7516872988384564,-0.6966474370720867,0.09784648720010726,1.6355004962865423,-1.7573161674435946,0.07086603119527826,0.739881397405589,0.4495450083289853,0.4737516191326299,0.7174186088340128,-1.288081408660359,0.45840485484252036,-0.14847461936287024,-1.2797492711416663,-1.3297020759040636,17.878162690248715,-27.386766942986515,6.947440182687635,-4.159070432236878,3.6115028333515884,-0.979271552614423,0.40523063304517554,-0.7640455483446897,1.1246317708487774,-0.14829981134705109,-0.20905791747633448,0.6392570082188641,-0.3058077474850766,0.007065915175278704,2.932554853353926,1.444734397652136,-0.09213227789732988,-3.530173033552681,0.2807195657564988,2.4532588600989875,-0.02708821197303016,-0.8857550130420262,-0.39657688122184226,0.08949363494333723,0.3471372545974262,-0.0180208062056334,0.059266179174453065,0.16791464592857705,-0.32922058092761564,-5.253165409107004,-25.046728296470864,10.927699165680151,-6.5491430750450235,1.2208184498871606,3.6206177305296525,-0.5702304242068134,0.6078949581253894,-0.17917275921330536,-0.4481360934027265,0.4478127891103273,0.039305430655583055,-0.7532155761144128,-0.6221489231429899,-0.14834588222814762,1.3886731393051905,-1.5791470001150776,1.4609267384706848,3.508471247693172,-2.986453499823923,0.4989584847941038,-0.16644158013064156,-0.055767995505204,-0.9051503020162137,1.2616438717482794,-2.4140373536431943,0.31977341253204145,-0.01541006061284176,0.13402026335434705,-0.9875416361965249,22.593502285645247,-5.697349770957267,6.34337383530251,-2.633053280653099,-2.3380493386531294,2.5702316405497494,-27.674756163253313
25,-1.9672446489269382,1.9802087533228874,0.43184809576346117,-2.6166804668277486,-0.9231615383849976,3.220135044015342,-3.4133331727179788,4.193726416368154,-3.3645531893775664,3.3901724055906,-2.3060557554539964,0.07988924632107341,0.45686481599491424,-0.5082313087982157,-5.302998301179263,3.580190736254662,2.011008062052625,9.586009006671205,-13.023677186813376,-16.990180172015542,-0.6759731790042888,-5.849942049382394,-4.531277467257653,-2.2105533425523793,4.863844203428945,4.213995566114751,-6.979293044097219,2.3593178689029193,-12.162389684485385,1.309238973145147,-9.247769875353056,5.008809939732245,-4.454748527029315,-5.855816895997178,5.3419635405259,5.450541055497718,-5.401193103039976,-6.624537572093671,9.51022181866426,0.843952484456004,0.48605195307798754,12.345996384206295,3.5281270899775365,7.135461589750661,11.922079275544617,3.004509623245902,1.5319726747900106,-15.999235555605981,-0.22023841656304916,-6.184444387273239,4.471761952931753,-4.914323698821287,-3.5392966387934495,-1.8365271485182506,11.105029896209683,9.68401258637528,0.4469496879869229,1.1337512980140625,-4.685022233970487,6.373548457334612,7.091559361685951,11.078830517249036,-12.651235020668981,-1.2571775454144376,1.2315275030489763,-7.271795484844123,-8.907726845489213,12.964608303341057,3.008032658443753,-1.589288535693111,5.584843820584225,2.1173052777739603,2.5209649709454705,12.705073701785357,-9.314278241918927,7.933808307038407,-3.004890822674655,1.0550329222480344,2.876700870234412,-1.3487545473981304,-1.9036311042419511,22.28189190693435,3.112950556098773,-0.23441750842881073,-0.24350799224334221,2.117942242637282,-4.81694285721332,6.282481306317063,-3.8983384384711526,-18.310715037670317,7.049435455555742,-3.5801469866780216,2.4452623613320417,-1.4135879606811812,3.2830753296783057,-9.978653281647633,6.180578374975728,7.199590786863373,-3.3795671380390666,-0.18140424178399048,2.0532980862445203,-3.2322054570722605,6.35259037989199,-3.814399732601113,-14.814176667849111,6.20281586455569,-2.170831312992856,1.1439975321104854,5.9469381789164775,-2.529041756342548,-4.298996136781099,2.7621425604658283,1.4190760946014256,-1.7039118983258297,1.196962161636031,0.3039020307038488,-0.90487171050563,0.07793277634456705,-4.436928285275756,-4.17792781174216,3.0624433251564125,0.5408239431594736,6.693704747266897,-1.9305529696757295,2.277217243207125,-1.6318272400565978,8.2735754353318,-6.4141608131413586,0.2478584268887988,-0.5704380356487881,0.5709514256414963,-1.2923784301972923,0.5418155382184459,1.70270836696144,-4.0414572577294585,2.444880286000919,1.4547784529658696,0.3110710933295149,0.1549694566501676,-1.5841573515898633,-5.713361781727469,-2.850791439685758,6.960883533254176,-2.818590720252734,0.37790655457762223,0.4362217349577046,-0.08746734847225784,0.5640821206972864,0.015033025410714024,-1.9047783121382944,-2.954134460487963,0.9513064576888688,0.6169601884351248,0.3985635423305614,-0.048624448342499994,-3.4100001430648996,-10.182837791017805,4.434689557327442,-1.9530120257465517,-0.8206025645120358,-0.02195312516948435,0.47080148564042085,-1.2338527434786744,-0.14285535215446343,2.0957125051523744,-2.129102135941613,0.2919185645251338,1.2988947045196981,-0.21252885131103788,1.8112778631191921,2.985736860751845,-11.154181531253966,8.173996472152478,-2.773353303793792,-0.2569402087337878,-0.3257376101473548,0.21303303145572108,-1.041668736689396,1.9944974202230576,-0.6117547352787629,-3.462799016211947,0.3952980710849577,-0.3848480537264661,0.7750827555767659,-0.619045027432535,-1.3613308445632468,-2.7185060547370807,2.0638811261554824,-0.846700295059219,-0.7537107097171009,0.7756314461826448,-0.5895195943036149,0.17035777654180428,-0.335070475955329,0.6813002079264019,2.089075283612133,-1.3277378321880116,6.129119946135928,-3.1933085377623365,0.5624839630316458,0.28547468443558016,-0.30291301322316033,0.7201543268714156,-0.5493424832030226,0.5066895898658824,-1.4232615977529188,0.5471879218125072,1.0424801584209722,-1.0815860745703596,0.5214686106888866,0.6008975694553575,-0.23607438441341222,-1.1486406181065134,1.0848821903533612,-1.9902530686234745,-3.958277798927275,5.504770499887521,-0.9698581315116218,0.920865779329107,-0.35028332966539577,-6.460990542168281,7.091737637964898,2.087249777148248,3.711831033411099,-2.498798700972691,2.480470548990703,0.10877253801298685,-0.13036721403118287,0.46244940157015374,-0.7180666785773379,-0.049442966547354646,1.2414557431904083,0.00236288773650128,0.3153879550408737,-0.13344699285895922,0.20273452830154062,0.5085997477765077,-1.4041869652970558,0.8103267749888413,-1.2105121342550527,1.2714784506783041,-0.5214746734244399,1.947122774303369,-0.7702462963407621,-0.02373977940178683,-0.21564409299104464,0.025060521035977983,-0.7028666689499703,-0.6424662018418341,0.6498604058035199,0.001928124180143126,0.18228293759320988,7.618135825608332,-8.974446626692066,6.575242256272679,-3.6334894314504584,-0.6134506708532416,0.7170003463715714,-0.3939197403340848,0.17334485836598384,0.5571522137028422,0.1278233985575898,-0.045535924059314156,0.05941053365609299,-0.20837795817616675,-0.04792809061617579,-0.32405652168127075,-0.39598300681229476,0.4431224111156374,1.4024370190785413,0.4497066157789151,0.30782261671208766,-0.261004498407523,0.0018283060675744409,0.5631530068008608,0.07577508149002687,0.7199399186487615,-0.05828177208124409,-0.0005529272214526565,0.08052603718074482,-0.2590203293090018,-1.1397520371427554,-1.4640427370465294,1.2012869947525155,1.9245022016104247,-2.4077219045110003,-1.276674184853591,0.27093909536641025,-0.2636483548240814,-0.4933263076532434,-0.4274554277987047,-0.1871886366648019,0.3657896005848551,-0.2985985808167473,0.4031592568857321,0.7093242415566281,-0.8159444122710952,0.875224986506267,-0.6942136092762208,0.1808831556490635,-1.5867710858941213,1.3335169771922382,-0.7369370295541996,0.2752321388246237,0.5546882795552626,-0.40763732768521604,-0.47686322016427163,-0.5641722775466459,0.8256743480093585,0.020614520260702828,-0.05556054913657893,2.6818596456054165,-4.764259599854126,-1.4536166760546758,-0.5935680240942376,0.32861302803178727,-0.09229845118599814,-0.1644193522002911,0.5838037293098981,-0.11620028051351629,-0.29695284745755657,-0.10320320763585611,0.13405839536132502,-0.27120608330892787,0.16099027573393163,-0.9921425827406055,0.5679324621969039,-1.0520682963650012,-0.6884312595942763,0.5244582514430433,-0.15204237232011628,1.3478210433848243,-0.34800074211855814,0.2122750960201132,0.26857708406494346,-0.06508895440303969,-0.4910713060503457,-0.06668489732245451,-0.6856356735559621,0.27492067676622284,-0.16971741496871146,0.1409638352376772,5.634433830828364,-2.0549631465744196,2.874963836342612,-2.036782046524641,-1.913416602597581,0.07059956169104226,0.8745344294070799,-0.18084995397439038,0.1821142699683801,0.3527873886161649,-0.0074800911757144485,0.18360045274831116,-0.03482417029341655,0.048901622206983325,-0.012138188429159345,-0.018299705776857838,0.11132232833692515,0.08257761130324716,-0.22024698329486492,-1.3294063264747877,-2.5150977112465434,0.9997090814177941,4.31938644104719,-2.109825979666672,0.46754543187203773,-0.031409704161130036,-0.14699133544310633,-0.07906470746610081,0.04989898453633437,-0.12602458616395656,-0.10636604386739175,-0.6653780011683545,0.5357565237845258,-0.13241199362613146,0.033497532366183386,-0.05822266054471645,0.1835147026169264,-0.1752707211724352,0.06519552740366287,0.051204730300915886,-0.01692614448040595,0.0906876083111493,-0.27504035946057165,0.03441694267519365,0.09819803268192244,0.03916580698675707,0.21425421679248252,-0.38467161899941915,0.18176238367277897,-0.12375496703762652,0.28336935333577457,0.28316948966039984,-0.16865739299570034,-0.47488510716569765,0.5650682710090509,-0.15366626691831908,-0.4852888862617935,0.5252306058232024,-0.01078043067465614,-1.1478080597099913,2.5113789031252627,-1.3510713061864226,0.9216673314339016,-0.1676381946543114,-0.02722859018716646,-0.08107018494845575,0.3401587597040338,-0.8638065713879128,-28.443657408580023,-43.578213241659846,-34.2733413776835,-35.516890192869525,-34.44200804061855,-40.97170524233281,-37.32825231543605,-3.250541003051722,-1.9267897681989201,-2.229509897490032,-1.633318429608157,-0.9036083359097689,0.47341977946559305,0.625075485132318,1.7514314489778684,1.200818323855159,-0.04886253499890869,-0.3991104712277994,-8.671254531085784,-10.466498431987649,1.1901541576896084,2.3873680294711415,6.258929700149599,-14.073802993659212,-16.609780857624706,-11.409043419489567,-4.182687235782191,-6.615386222562028,4.711390210552791,3.6902934965111602,5.155020058065813,0.7254352394024288,2.121430136506441,-1.618318768134147,1.57371737451319,2.260377175617457,-2.3234006445372035,-1.8341958400573861,1.8032872359592043,-2.265795460709886,-2.893181569533864,-29.65149715293344,-17.857840489701104,-12.779694056814202,-10.898916943616099,8.708752376495417,19.293313598575203,13.51489789914915,-8.529590376436952,2.2291802056434107,-2.080992586622803,16.083968137910965,-7.391497910799319,-4.8791326265942185,-24.460651345266523,1.6485222488440083,1.1585574164697954,2.622336502204882,-10.189920021945888,-2.603227225993176,1.961723341934562,2.438739616570825,1.8441767236008022,-1.4474191848739242,-4.333474358783347,-0.7928732687658766,-3.283436546548821,4.3270597259760075,0.4439373427815351,4.238602064169303,0.8958181412161127,-1.4600886973603646,29.30654584659546,-9.834423266641943,20.658482481543516,-15.42136435793138,9.710779610213843,-2.819071177742468,2.140456100376103,-0.13047538670011755,-3.1117083008670705,-25.78066340189996,7.233068775196058,-1.8378075372134963,0.5858536295541135,1.3205817313437458,-6.53458159924412,1.1194668241664383,-6.564016824403806,12.828828533391,-9.31532160871064,3.4774810426883276,2.1615086238338197,2.4397742166848833,4.391939622098948,6.888744738515032,6.050490315964756,-2.0644471195387997,1.516411212169012,-0.5810770308634186,0.01665444589929701,-3.609845447346231,1.2668117875925005,-6.736052957633634,6.5147315053795385,-4.858889964514205,4.110563310979223,0.2604059193517378,3.7164455496704254,4.976643609722831,-5.938788455452298,3.427489256115494,-1.4210875196519288,2.0629681108149764,0.7599628113161799,-5.603086627043744,0.6171400868749398,0.7899240058179,-0.9794858680457377,1.417752658693986,0.4964346843425144,-2.4076375363718254,1.7451439503594863,-1.7506015187492818,-0.17141821512505584,-7.816290514453492,16.78858477720983,-16.638651285308725,8.340099361654595,-0.5791606305471492,1.2588086576994844,-0.4488817103550551,3.189105066480687,0.36384050427121983,-4.151083783300458,1.0388244640202298,-2.979358435533912,2.858211560588521,-1.1462686149473638,0.6842227026909462,9.559584404933057,11.786274377262922,-11.537541091083202,-0.3712977932899032,1.1343114493158561,0.4654881336630765,-3.207707593615151,1.0760893417889774,3.3028313100035063,0.6016318712323947,1.0975589046747052,-2.9291698488234226,0.7624684972988388,0.07129290809782328,-0.25855419958445247,-1.026965701754633,22.181979745334758,-8.029627660569941,-2.0071135367828656,-1.2783325360163904,1.8755285997180973,-2.174891926620628,-2.1583347177819308,1.5059543512800224,0.20998056839663296,0.6134705885945663,-1.0231040393768056,0.03184534848437058,0.2814263272090854,-1.0408169389460664,-18.68284681099643,7.272828738584,-2.5313675137148905,-3.7535588066785723,1.952854511931685,0.8036832481307458,-0.693870889418618,-1.5322120746639656,2.5966611459597235,0.739250636695969,0.8118159050041751,-2.0276746508284007,0.7135456257946874,-0.903023396973715,0.08778585237073828,-2.9681496786415096,10.625182430910957,-2.0574614494400043,3.4111573552984553,-3.1862808811539214,-0.6152992830328432,-1.7842129779742886,1.092700397685437,0.22940180349708048,-0.8903020168162745,2.034812569506364,0.5494999706490002,0.49752294171620315,-0.6194945078191708,0.3136478202211986,0.3145456127303276,0.03511750798386056,-0.057725334265765815,-0.2413390619601884,-0.11980266902477556,0.8475964708424597,-0.7315794470777552,3.015179207266201,-4.1474273374443955,3.2729394571737296,-0.9064731889914064,-1.1862962298106068,-0.5266880705873838,0.09832193620576869,-0.10578426198414059,0.5369826937374427,1.7732846760453966,-0.44162268315128406,0.7001481763260965,-0.8379591036188161,-1.620358899697709,-0.02411079412932187,3.253712150351425,8.347751617753607,-4.25190844881298,5.347113408920635,2.451773744307151,-0.6614079559476839,-0.7739044332316861,-1.5064143091668651,0.5616507194555314,0.12600709277614563,-0.4426475086235256,0.5038292001014202,1.6269063726973931,-0.9686494736832802,0.12496679504459993,0.0856336272516627,-0.5715717548555057,0.7526843896905119,-0.27487885777553317,0.035817562151455026,-0.32101495129551727,-0.8582582095125403,-0.10571304486431461,0.06654770609796383,0.4927029534760673,-0.5824159083843707,0.09232388514357442,-0.028373105435230493,-0.9672195309116802,-1.364441016028975,-10.190467460602134,20.03634442592885,-3.6780371445613684,-0.8011463847827947,2.163876872607251,-1.5207664046150131,1.016729826810811,-2.0179399371203184,0.9498016110744892,-0.3048791149669733,-0.20157033636844016,-0.38557152468891254,0.3558227243118446,-0.26928951426875913,-0.00403479974534663,-1.1409631352891418,0.15162650054134058,0.7897144151747687,0.30905085295562446,-0.5644761827487307,-0.3737392214068029,1.4238845350268063,0.13460516186338536,-0.7076899696477997,0.5451268878688231,-0.30541815176744047,-0.07784786949753499,0.15059792705101088,-0.3409830930817405,3.1363095989250476,14.308321462189266,-10.742548114643322,6.218901409087307,-4.872042174538539,3.633683427962926,-0.272512696370554,0.7013905012812873,0.42035458520103164,-0.3891083879336948,0.5096184438454823,-0.8494749359757832,1.8509083253467558,-0.43137252728134634,0.8610221947853809,-0.5350464638578729,-0.9462658327283534,0.6626424707113799,-1.5605245755256165,0.9754061825831559,-0.38352774383114496,0.16315812094338672,0.776392182145407,0.851847975227213,-0.7904008293434803,-0.06297542045255411,0.3619186203170281,0.00014124798751150199,0.28587829048715535,0.033786466942194796,-10.01392957989452,7.401032222899692,-7.240603984405164,0.7390422499058751,4.364637904350554,-0.1904491296984796,1.4251667191779673,-1.1155918937952336,0.5392280247508727,-0.44861149156952834,0.5603411142944927,-0.49615330331655555,1.0213824435234287,-0.27625354442296357,-0.7657932334337172,0.5227858154373449,-1.7016796296225327,0.32752259572989345,0.322940994244117,0.9396318198680461,0.09854446488806574,0.03445895821083518,1.479982424196594,-0.5659865005153325,1.1378085737518941,-0.27702106493211726,-0.18716437426896115,0.4982093661103467,-0.07272834367617281,0.17474758341539595,2.6451988993127924,10.325931552274819,-4.29160695652212,5.170453464403534,-2.758143061843262,-0.38914627101976873,-2.0068248172040564,0.26799310340782256,0.551245850341698,0.7213168258611375,0.0015265062965839071,0.12399988987370603,0.6708491818885661,-0.045227502258567004,-0.14593087771213714,-0.13713599350661812,0.06724049640938524,-0.281696595872583,0.6361528459411654,0.029152384499890455,-1.4067071861423135,-1.7562013372595002,3.253588281641819,2.516153072482772,-0.7193451379244933,0.1441025011041152,-0.15052849350664124,0.00970938245687671,0.01412598645215921,0.026903948556743825,-0.23924306802512238,0.3865915631510665,0.2120995855369037,0.03926003425394625,0.05430452890530823,-0.025017818238863124,-0.07289644859103837,0.21833543387903437,-0.08148670644856228,0.038708425939868785,-0.008377608980088155,-0.6148501192446968,1.5079152888472378,0.8837027543304592,-0.016663517442894557,-0.35520696806982266,0.14804224370893945,0.6619650989384139,-0.7765388546792344,-0.04523283486200335,0.4904745920841753,0.1610699003403153,-0.23188611159189593,0.244951549491607,-0.5347245824751105,0.32672963811659,-0.046194370898372826,-0.0953415309051866,-0.090281540880555,0.36669921813994505,-0.16045351410857342,-0.6243928816915499,0.6276599990040935,0.48323245170475776,-0.635612408871376,0.33567039662370624,0.20733797277526972,-0.43551569138636403,-0.8496925575272305,-39.315469000502475,-69.29307031174956,-49.94376539793951,-51.626686642830606,-49.36033299851032,-64.7448287462695,-53.016679277513454,-11.394203685289131,0.5372781107332014,-4.5434907470927826,0.2743620219911589,-0.8602433337234376,-0.9199035420207164,0.47881180864286743,2.4651832975435326,-6.029388762813068,-0.18098344010767559,1.9813743604811405,16.756359863303796,18.353300207341203,3.285919623240319,11.322845706324566,18.162868119077803,-21.717518593155294,-18.938670803933306,-3.828628715531438,4.758396332619429,2.8336684992176164,15.721156185183883,10.041388211717916,16.112907208238475,4.057162685974946,4.456622731645682,-2.393971716462417,-11.626245624877876,-4.233397055754137,6.194110046407333,12.28925053245133,-1.513882697355493,-3.68123263650818,-5.535549704832943,-67.87053667966396,-34.13054837299725,-24.435537437336535,-11.235273092177836,16.123962754369355,2.970782594156372,21.277479678344935,-17.502280918903157,9.900486055106894,-8.553625508271525,15.281980933040506,-4.108602817512223,-1.9159577663811103,-17.70020304757746,2.0886047815292192,12.335391933983063,-1.5662730527939261,-1.6422949779331886,-11.101565432160942,17.126656284202593,-0.466661272329325,4.868237244437469,-0.8586847753761369,-8.529609466946225,-0.34355727071388553,10.813244898742997,-13.94595468095936,7.140259558856574,4.895724953778331,0.3469212418994799,-5.254227735620544,47.4079760893011,-33.01855195558508,57.850442807860524,-27.145528514661642,7.369644596344322,-4.320701021024063,-16.930844909570784,5.742122236781673,2.1743456426376024,-30.17526235526745,1.7019589958751855,2.801669276510185,1.8744938522658168,15.214670000313383,6.518594681221938,-5.294195747700446,-2.3421819092872758,18.53392963876525,-6.585829690784931,3.3985451564703753,14.259082877430467,-12.737918739703986,-5.372654392371718,14.243663335708492,3.4528349826328077,-8.385884759642527,2.6652425817224596,-3.096914926589146,7.274235448104601,8.679505356640462,-10.181068837211765,-0.310635782343832,16.527963214826787,-5.952650749378241,0.5185249089162142,0.4604384424238377,2.1727279651225566,0.49220875006633924,-3.766925447186073,-1.0730405053969778,-0.5124573322880097,-0.7097752360458188,-0.2360994531826,-5.560087659124706,-0.6543499452438909,4.747242821653983,-4.225314668215057,-0.027179864784053702,-2.318446662471513,4.1790105285290275,2.374268553679576,-6.119214556058851,-2.9225155462391896,-8.84423849007894,21.988779913349095,-16.50555299095172,4.885645204976714,1.111341902228185,2.334496848327014,2.3504857311733014,3.712812740454408,9.129690142980524,-3.7813210232187413,3.856398738628147,0.7790971960362113,-0.4606477268984757,3.1924269445529143,-3.2290754328202684,11.605773997099378,8.870264456209323,-14.962087322848962,0.8511541681058159,-0.02419262044043375,-0.6546843221210699,0.904079734671088,1.8332595094432802,-0.21401961350909782,-3.7227746779209507,10.406302537394208,-2.8656573288163742,-1.901429604501306,5.194124394744162,-1.9199104124156423,1.951070860829472,21.599635772712702,-11.940392228864642,1.1724815335588525,0.20960451846824174,-2.7880339767657776,-0.6429089200726744,-7.513094559641004,0.7441051039893986,-7.290432665486569,5.610793519681886,-4.224236269179726,-4.269063065417033,5.4269520695830815,-4.698271507763768,-22.245772365508948,12.583966893893415,-7.387100388895222,0.0656417600015417,1.2935753809951043,-2.8151440450760292,0.1593645470902147,-1.8518366996456652,4.3921428544642,-5.22290961266907,8.152980061158853,-4.203402532965409,2.1898124880799696,3.3324960160406496,-2.386032487303085,0.9289836507556088,19.907049470369685,-12.896528315285437,1.3899656322281768,1.6633533469943793,-0.37989386061208247,0.26805224648757114,-0.2544043046393041,0.21075781488840334,-1.4971597403702934,-0.7351845824720179,-2.2412789992920645,8.014138661415862,-2.060764572767254,0.03857481029963089,0.8761366722457827,-1.5232067717076272,0.5714840840416803,-0.41551648613375214,0.923005944136899,-2.2548976032118366,-2.31961503100573,5.736638703655478,-3.6811858114323748,0.23309923903801044,-1.245744093411943,0.2782709155805414,0.1979108647211215,-0.18985279745097647,-0.5625366423989477,0.6802528298015946,4.816135839656629,5.532037478272896,-2.0481733039653487,-4.593933286691864,-4.807069576156613,0.9063505669036496,4.163644536773642,11.95854916263211,-5.778858901714487,1.8821190590618904,-0.9240206877552564,0.8867370880978989,-1.2788667980341926,-0.34360912347261785,1.2043341625406698,1.271087321708562,1.6673329934810142,0.6576394985465551,0.6847341603468248,0.39118801917468526,-0.759606755834773,0.8009076177640382,-0.6646568887388722,1.5054232078223553,1.972601932349558,-0.34585147018554047,0.7850482698903715,0.1970838936414596,0.7297052908092674,-0.01192203952409511,-0.13290618593680303,3.2975898003845656,-0.7519465360356505,0.4960865179709587,-1.109124730213515,-0.32806604875734724,-11.537506140345018,19.43867498101555,-7.333101842932395,-0.11958162363647863,0.7551710285654702,0.4311795328347147,-0.2521543758507416,-1.1490863150198805,1.2518304608402495,-0.8489292291381298,0.7129153847363242,-0.4454461894964781,0.23846940510279271,0.016668704789328408,-3.2431925123727043,-3.0625936166449,-2.5259583996524766,-0.9329899412069887,2.3515601166790687,-3.6318472582711587,2.2928741613546837,-0.7870997447686793,-0.3982284492013483,-0.28487190119885275,-1.4061427549384025,-0.6947333558865539,0.13454225970908304,0.39865995994902537,-0.23015949057872975,4.94491393159861,21.754217799656516,-9.788941873753886,2.0693754092995587,-3.412534229327252,0.4788425681123576,-0.1807305463317035,0.9367106619820348,-0.373389721615562,0.2563119480743589,0.42524493078010833,-0.7313096716032773,0.3814553939741947,0.6993671951546058,-0.10217651322477783,-0.8371571557349177,-1.1842959517481375,2.130190702804228,-2.6266706442458547,2.244506064300202,-0.0016917775203994581,-0.06938033038300614,0.5841078133466857,-0.9306416590552814,0.047737488401193594,2.7608459327194965,-1.9456728590507586,0.836674949976527,0.02917479165795994,0.2622858696277888,-20.24507689578896,-1.110165035510258,-0.8742964083005974,1.3976747528787654,6.251100425555731,-3.00150424597688,1.1635777811621446,-1.1844381504792767,1.2042609607172894,-0.495988893640272,0.4108768892715504,-0.3206719953880968,-0.08021720296402096,0.09786334430921473,-1.0786864447970992,1.6362921541183229,-0.9163313170214149,2.618928227959887,1.052965543142261,1.9654683198717489,-2.432978323458158,0.01199937404902809,-0.09912647982390473,-0.44655972427641144,0.13654718578308672,0.09877406752028635,-1.6776474944821262,-1.2360593434991645,0.790989041445752,-0.28769317399222,6.167793326565732,24.240144111801385,-8.156370070526757,1.9773592520555927,-5.214976853729905,-0.8529282459049172,-0.9669598906472373,0.7441622447331822,-1.33213590086727,-0.7345579566966184,0.3701973258613835,-1.0910020244185088,0.6702541266215186,-0.3039887760851592,0.05574925726829551,0.08269001975350417,0.19617520419163803,0.11609629954219024,0.2474439174513056,1.1823229209558903,-1.259416819684831,0.3335030791247496,-0.07041895786770645,12.171689210962878,-4.821386972168673,1.7481417542169644,-0.25027691510129674,-0.5412804150732287,0.4574975431575835,-0.15890903637570172,0.07341820609756557,-0.7478247625696822,-0.2036879989584021,-0.14024572122238413,-0.056803115865516306,-0.07155241121097752,-0.07483481556779299,-0.03358314738682564,-0.08906157604941552,0.02214451866487233,0.21441823068979188,0.3744558113657079,-0.8185284079162014,2.7572273131070415,-0.9398786899198978,-0.3251349178704718,0.48780016392425657,-0.4446032435511988,-0.1510065069041683,-0.005215779976087395,0.3091302735937753,0.5187287357507208,-0.14657847412576833,0.10966972971187787,-0.0693202462405107,-0.1308548078188576,-0.7097618671176559,-0.261623314947967,-0.08319205268730273,0.060394692202581826,-1.492261529713148,2.0500537275173905,-6.967396633958439,4.495941942052972,-2.4302133389757867,0.6734001679319734,0.16337496669094156,-0.6494939000676548,4.038765781543817,93.58844755443307,119.16735058212674,101.19967827982343,107.01959840366624,102.42011386516613,111.85567418230019,113.9244189866076,43.56783117943294,49.61784166152451,32.810920388501735,43.79066438404241,29.91048280144938,44.760478631265805,30.641229508210728,36.8407127157141,27.057979129643734,19.192648633111457,14.748998344160725,35.532570354991975,38.07959943956927,-2.690559114306481,-5.196863163028173,-13.787865962893353,25.200309496070837,9.18164657790543,19.49066485576434,3.587894696432411,1.363473233497559,-3.359774949003218,-11.006041242026061,0.07773098604078707,-8.304028638142682,13.53807806179453,-1.3318619732038395,-7.548291104935626,-3.264174675860802,3.6661179738694827,9.241340553854398,-3.228958667329288,-10.530693168303683,4.755830563274002,53.582073779738806,29.07240642303831,17.87312869547269,-0.12890231029940558,-8.974760826515693,-11.146427638664745,-9.261901065802142,10.025119059362614,-5.737420305448519,3.35603267974063,-15.481876249516368,12.030433874976177,3.9362210132816795,17.571302379329047,-8.224162883364297,1.4250897700114058,-2.59151761160301,8.03258379130533,-2.517449927496814,-6.488891019321399,-6.959784651688967,-0.014124387118824258,3.127362495176,-3.7508616764968643,-0.5903083948609976,1.590395734908096,-3.161233187398605,4.5024353878287755,0.4996894791345368,-2.8184217644626024,3.034971304661399,-47.71666537878557,18.961534634612086,-50.753970785968015,6.654575251902915,-1.4223526458430458,1.6617517802994493,-0.9848422172766212,0.6783331068297443,9.092272267273149,34.03499387050613,0.8220189227348598,4.273449895332537,-1.6260680689060354,-1.5264262536011197,4.785037890781727,-3.2399514326143084,-0.43343785156480846,-14.305009885886124,4.079534214523606,-4.001887246039753,-5.552395625439817,-1.3783540567006858,-3.104680325842098,-7.298623647777846,-3.7290482731669936,3.5345445880741266,1.5104978089676553,2.191813812200432,0.7777375962494069,2.342937409080425,-5.13029004646389,0.45007642106057805,-8.918933896057382,2.6615927461245645,2.362163070528935,-1.494170638840474,1.7019021207009093,-1.4052503982811297,2.5344925277498773,-0.2158551475772593,-0.8550198616883553,0.22235347687130325,1.1531351216259826,-3.743278774868563,1.3027626978209406,0.5902208142638986,-0.8243942013672565,-5.9288642706398464,0.5155360180296076,6.137381149563712,0.5649004458303344,-1.771841828107383,1.051481614032341,13.199516071123139,-23.79416470139202,22.379123679731723,-4.147420137827917,2.1859043526996036,0.9907864842025775,-2.735090504878399,-2.963541252455022,-7.797100456451225,3.031375970991097,-0.9649765923843605,2.59410607246836,-2.576457947096933,2.408903774452333,-1.6517688803541457,-17.951625950544102,-10.759684982957156,11.775031617902666,-6.624594793867824,2.5420027072000857,-0.5992111893446096,0.13792471879161075,-2.196766920611713,-5.449372719766124,-1.2390987934192375,-3.418893549401225,2.358469307389016,-2.972969404485928,1.846482035948171,-0.5770580057402598,-5.034124782498888,-29.62977403685007,9.594592422270084,-6.638828173899625,0.9671198374839723,-0.9084548523777399,2.2286856770796284,6.2929423316394715,1.9960955466245662,-0.007023362731722025,-1.2987519141039672,-0.012663520894855056,-0.6179938536697278,0.767077882072973,5.1790841371204746,26.756986769323483,-12.853301415525436,3.1738434203401646,-5.297859693653894,2.1206478856839617,-1.1711793122804717,1.4719492555086604,2.0021000812319993,-3.9431394770214934,-4.54476166279251,-2.9359760198062967,1.6357802753279542,-0.9002320312001554,0.7444337591523026,-0.5212059427610569,-3.559968450680593,-21.995590810736978,7.683854340831062,-2.3176852044959753,1.2552402775595803,-0.28313514602922457,-0.3816123300723831,0.0870275821856363,-0.4317183212601906,0.5554781241612684,-1.6279653906804596,1.7939134457195525,-8.362663412012088,3.198408644101729,-1.1816665437074145,0.06968974815405617,0.06988634121132507,1.684678262194626,-1.084419951008969,0.836850672078014,-0.7313290470528762,1.8449484816873885,-0.7268616750341391,-2.819486652445192,0.5565894492725965,-0.5703370114259217,0.9619451288473356,-1.6476205205451957,1.3952467881689823,0.8353981436033315,0.7343033416124635,1.4269886978478943,2.7720301425791085,-1.502579127536094,-0.8036261064820015,-3.0436850626989576,0.42990611228023934,-4.371641487798284,-12.660534215194371,3.757249604102032,-4.591601201286227,1.5498594572291613,0.43427852697917185,-1.5652131313060345,-1.007966800514662,0.3052627972224244,1.4015856733932555,0.1569379424146629,-0.6708311263547128,-0.7610494977389456,-0.3867832936830303,0.6421814117246554,1.7516872988384564,-0.6966474370720867,0.09784648720010726,1.6355004962865423,-1.7573161674435946,0.07086603119527826,0.739881397405589,0.4495450083289853,0.4737516191326299,0.7174186088340128,-1.288081408660359,0.45840485484252036,-0.14847461936287024,-1.2797492711416663,-1.3297020759040636,17.878162690248715,-27.386766942986515,6.947440182687635,-4.159070432236878,3.6115028333515884,-0.979271552614423,0.40523063304517554,-0.7640455483446897,1.1246317708487774,-0.14829981134705109,-0.20905791747633448,0.6392570082188641,-0.3058077474850766,0.007065915175278704,2.932554853353926,1.444734397652136,-0.09213227789732988,-3.530173033552681,0.2807195657564988,2.4532588600989875,-0.02708821197303016,-0.8857550130420262,-0.39657688122184226,0.08949363494333723,0.3471372545974262,-0.0180208062056334,0.059266179174453065,0.16791464592857705,-0.32922058092761564,-5.253165409107004,-25.046728296470864,10.927699165680151,-6.5491430750450235,1.2208184498871606,3.6206177305296525,-0.5702304242068134,0.6078949581253894,-0.17917275921330536,-0.4481360934027265,0.4478127891103273,0.039305430655583055,-0.7532155761144128,-0.6221489231429899,-0.14834588222814762,1.3886731393051905,-1.5791470001150776,1.4609267384706848,3.508471247693172,-2.986453499823923,0.4989584847941038,-0.16644158013064156,-0.055767995505204,-0.9051503020162137,1.2616438717482794,-2.4140373536431943,0.31977341253204145,-0.01541006061284176,0.13402026335434705,-0.9875416361965249,22.593502285645247,-5.697349770957267,6.34337383530251,-2.030375881925552,2.640468641351243,-0.3173152812842574,1.255080769030097,-1.0237795096917337,0.906837222408831,-0.6787202594986996,0.5103168726903355,0.022587984221283414,-0.12168922019471944,-0.00014428389947673294,1.2232223895827314,-2.282125461315594,2.5650165228918387,1.055486798162656,-0.08027237673258486,-1.8391175667616515,1.6558343618101212,-0.8418932887221504,-0.71248860350146,-0.23076852270595763,-0.041328213072817074,1.5069902146357956,-0.6044929817760956,0.06555420447234889,0.1390621285001041,-0.20262248324778723,-4.426493754366668,-24.340279023714768,8.120505286159636,-5.0383085204499105,-0.057427888012653555,0.7665193825032651,-1.8080687919789378,0.4904065888069843,-0.8795953643828709,-0.5543261820840902,0.35252487296090884,0.8764293131715649,-0.4659017142766014,0.2353388316014588,-0.028973189631526675,-0.07232888849616138,-0.19922476113919424,0.07987362925018533,0.01047163418200899,0.7918104475091271,-2.055331327468805,2.470315472635412,-2.800494817682768,-9.932514739603459,3.7106017512874563,-1.3800598359211609,0.04189605385316565,-0.1259173128985479,-0.10746982212045217,0.005991628378926991,-0.05335435547409742,0.12956543879009436,-0.2490953090842845,0.7888449651241898,-0.40807488083159843,-0.052851273857042295,0.008696980620681386,0.08467738190846481,-0.10686450321364585,-0.06518210653336091,0.02872569895181471,1.5913564276134204,-1.2133657172828334,-2.462349736598756,2.1033782931340257,-1.4654320988263476,0.6781293001599983,-0.5749265778696636,-0.21703643704092632,0.1536716085040894,0.056670722992876385,0.14564061928157,0.2811290400193199,-0.08499524792899286,-0.37149508760518224,0.30323730775585345,-0.8151535765334333,-0.5368374732232193,0.03515718282518232,-0.35928060287685154,1.7426276372491305,-3.0823708378068915,-2.3472668775311716,-0.621100803430128,-0.011960373230050433,-0.26039530755555845,0.03524294635519663,2.1630454453393413,1.4601908654778275
26,-13.972618990294869,-18.572324732490443,-16.626758167146015,-15.447428177218875,-16.591445066731982,-17.473854945659884,-18.064764233630125,1.0873875201638454,-5.776263085848995,0.03220177583687034,4.149909829668229,7.545316145296015,-2.8898043979661603,4.87746398609243,-3.502840278192523,3.1284642167812224,-2.8283368408606258,6.459189105069239,-7.849062809212156,-10.49989050219729,0.36957759402111395,2.1573119372965923,1.893257426510421,-6.386442793799013,-7.730315126949825,1.7051352066812608,-12.016987908386577,-2.9113712496270088,8.04661217030848,-1.6455698407825285,4.7790500085631376,3.316637119845611,5.101020998910557,8.08351146755846,-1.7063658123730052,1.11401412280466,0.3923349658719619,-2.7394582192995096,-5.892027314054347,-6.684926619032194,-0.6900448268868107,-8.8872643084077,-4.452374981580097,-6.856064273315683,-5.726717927232028,-2.8345015418764548,5.84334966901704,-2.08584245791824,-6.7663752750799455,-11.851800184718737,2.794624799555141,7.408858418084083,0.5035080830627151,0.6173797066068323,6.181448999899845,-1.1931704426566954,-18.47464174157945,-3.901991824410465,-3.636251327841777,2.077726957668536,-4.64848504002418,-4.247707012898534,-0.5621582677709293,14.002549255975053,12.741814328722215,4.770654162794908,7.226691340813711,-8.606930629254919,-6.808300407026199,-13.0162539541429,-13.239893998570507,-0.8939282624696646,4.49704114231254,-5.624248108394462,5.952402678934436,-2.9985859216342234,-0.03484288814844784,1.9834394056633853,-3.2322054570722605,6.35259037989199,-3.814399732601113,-14.814176667849111,6.20281586455569,-2.170831312992856,1.1439975321104854,5.9469381789164775,-2.529041756342548,-4.298996136781099,2.7621425604658283,1.4190760946014256,-1.7039118983258297,1.196962161636031,0.3039020307038488,-0.90487171050563,0.07814605413267847,-4.424638618533646,-4.35724037001138,5.146900086558799,-11.135390891186082,10.7925916754181,6.759147754092675,1.5397396535174595,-3.660303031657228,4.722608549826293,-5.341832969547272,5.667936697656042,-2.6833938110653226,-15.652055014233136,5.422085842290249,-4.75955906211452,4.1124125634939475,-5.145350920836261,5.437207568077619,-14.677624802823422,-5.97190300221216,8.504489192006721,-4.022450476191588,1.646971152047582,-0.5021430539816728,0.31604277336881775,-1.5491329213469496,2.9733911691827593,-2.958560078979404,2.3931931167583897,-0.4270418289008242,1.0502224039020065,2.724879037463734,-1.060699979385619,-0.46521849199247634,-0.34816968682598465,0.21303303145572108,-1.041668736689396,1.9944974202230576,-0.6117547352787629,-3.462799016211947,0.3952980710849577,-0.3848480537264661,0.7750827555767659,-0.619045027432535,-1.3613308445632468,-2.7185060547370807,2.0638811261554824,-0.846700295059219,-0.7537107097171009,0.7756314461826448,-0.5895195943036149,0.17035777654180428,-0.335070475955329,0.6813002079264019,2.089075283612133,-1.3277378321880116,6.129119946135928,-3.1933085377623365,0.5624839630316458,0.28547468443558016,-0.30291301322316033,0.7201543268714156,-0.5493424832030226,0.5066895898658824,-1.4232615977529188,0.5471879218125072,1.0424801584209722,-1.0815860745703596,0.5214686106888866,0.6008975694553575,-0.23607438441341222,-1.1486406181065134,1.0848821903533612,-1.9902530686234745,-3.958277798927275,5.5048954560815675,-0.9046502889665464,0.7799393207543387,-1.3001387339320702,-0.24224255028471658,1.5198896901158858,1.9864926842599242,-9.94918040553915,6.661940357216426,-3.2890087089059996,0.5424975641789219,-0.9835731911870498,-0.48453729643300986,1.0438122529329545,0.07389100481866777,-2.771063075673278,-3.1544812204019523,1.9600264621024355,-1.6084483448540783,-0.22868285387027756,-0.1366963206827723,-3.7575067879432846,-10.493950824279182,7.379843397112887,-3.3360612561732568,-0.5599791505028678,-0.8401100098901105,0.312533637265911,-0.5213367375332162,1.0854336809785723,1.6475618724470378,0.015184290804805815,0.5223517522602685,1.5814575834895312,-2.820464747991193,2.1635427049794873,11.956723249783769,-6.100074089272341,4.252876089380586,-3.038391828656123,1.6991648164476922,-0.48423888416437083,1.1621269171171837,-0.21825799549030772,-2.333019937238334,-0.3518985474804254,1.7970800004303829,-0.896090482683487,-0.8398659141303125,1.7018086510983812,-1.3377919222933619,0.23472774501726051,0.5408284774501488,0.3315992473328344,-0.1260152565669106,-0.17488434665666688,0.5838037293098981,-0.11620028051351629,-0.29695284745755657,-0.10320320763585611,0.13405839536132502,-0.27120608330892787,0.16099027573393163,-0.9921425827406055,0.5679324621969039,-1.0520682963650012,-0.6884312595942763,0.5244582514430433,-0.15204237232011628,1.3478210433848243,-0.34800074211855814,0.2122750960201132,0.26857708406494346,-0.06508895440303969,-0.4910713060503457,-0.06668489732245451,-0.6856356735559621,0.27492067676622284,-0.16971741496871146,0.1409638352376772,5.634433830828364,-2.0549631465744196,2.874963836342612,-2.036782046524641,-1.913416602597581,0.07059956169104226,0.8745344294070799,-0.18084995397439038,0.1821142699683801,0.3527873886161649,-0.0074800911757144485,0.18360045274831116,-0.03482417029341655,0.048901622206983325,-0.012138188429159345,-0.018299705776857838,0.11132232833692515,0.08257761130324716,-0.22024698329486492,-1.3294063264747877,-2.5150977112465434,0.9997090814177941,4.31938644104719,-2.109825979666672,0.46754543187203773,-0.031409704161130036,-0.14699133544310633,-0.07906470746610081,0.04989898453633437,-0.12602458616395656,-0.10636604386739175,-0.6653780011683545,0.5357565237845258,-0.13241199362613146,0.033497532366183386,-0.05822266054471645,0.1835147026169264,-0.1752707211724352,0.06519552740366287,0.051204730300915886,-0.01692614448040595,0.0906876083111493,-0.27504035946057165,0.03441694267519365,0.09819803268192244,0.03916580698675707,0.21425421679248252,-0.38467161899941915,0.18176238367277897,-0.12375496703762652,0.28336935333577457,0.28316948966039984,-0.16865739299570034,-0.47488510716569765,0.5650682710090509,-0.15366626691831908,-0.4852888862617935,0.5252306058232024,-0.01078043067465614,-1.1478080597099913,2.5113789031252627,-1.3510713061864226,0.9216673314339016,-0.1676381946543114,0.004421007083594648,0.27816037876902555,-0.29929039146728326,-0.16373028139648796,0.8805190688315785,0.9390634533359709,1.01199005481917,-0.2975213783133574,0.0686864394974072,4.2952133447970855,-0.25616738051162097,5.454708164693601,-0.4769752660776111,-0.16440154055468575,-0.5398448159265844,-0.020875650142754394,0.6755274507604058,0.45793996462784003,-0.6932884268847356,-0.17238035617916286,-0.7771760242496192,-0.8584143570293363,0.5074753146402267,-0.4728233158443407,0.6080233881767015,-0.8438780469848921,2.1650302853241103,1.0065451196065183,1.7435026477179933,0.574144780712199,-0.14404527461834554,-0.12152409847924939,-0.18664283667011974,-0.5529694363238625,0.6292623796969636,-1.0860366074920356,-0.49721539222242694,0.40151046971204324,0.07061748943924592,-3.5966689739402944,-7.462462726367375,3.768523537900895,0.18163397855704663,1.0770214238231375,-0.5885099088788023,0.3150166861693154,-0.006206387254729183,-0.5314669432779783,-0.6699728428223525,0.0298872685627116,0.49447788111672714,-0.09116708931801498,0.28829214740441644,-0.1261552604505503,0.7909760000039341,0.2988224643244789,-0.6973214402964096,1.701564434090004,1.4413099708870531,-0.12023923872332443,0.2528651862297031,-0.32491214510875155,-0.6883943924855391,0.3041610384153091,0.25064166622680784,0.06545460266928602,-0.3428113588239101,-0.043697848404300715,-2.978082075569649,-1.9893614457492432,4.230777489165655,0.2833735369287042,-0.6454948524780673,1.509170567988889,0.09069633301746857,0.25178205621585975,0.6106432570557153,-0.6401583986197716,0.22727578222446818,-0.4517722591637705,0.06066734641929382,0.06038731864441865,-0.4972217053590871,0.8035200875316619,-0.2210317281489408,-1.869055528990249,1.203609678786318,1.1406362993746935,0.5449244904170979,-0.22342985910349797,-0.5350437559039143,-0.0320937696149359,-0.5052405124049778,0.827030126922868,0.45347123865664296,-0.29826874917767543,15.504652123532697,13.274707224417165,15.93154108865539,13.557532434556176,15.857127572554214,12.806955680348201,18.22097899075604,1.5585648414870685,2.784410975458557,0.68499113344063,1.136728737409874,-2.335272122570902,1.181766503499187,-3.3879160109775754,2.5625740796701013,-0.09356614548629583,1.2106698683693893,-3.8314126505597823,8.77394394477655,11.082079874826738,0.26633219067353064,-1.0093435568267517,1.4664050619976725,0.7410873719223414,-1.918924296296856,-4.15463600169044,0.7177956949492262,-2.2832293403320647,1.8889211257315452,10.013179801633239,4.365012803375973,5.063835241694778,-3.5794459675071484,-4.0320295535261,-4.620823696360233,-3.2511978160877426,3.5281001693052514,6.6880085749814215,2.3902551547293283,2.738065609580582,-0.6015924552481547,-4.950444968708741,-3.4646455367106337,1.3501018791104613,-1.4460084583861446,-1.0125370250321932,1.3608388897292873,10.560890258436277,-2.4246318243461316,-1.0298984225628336,-3.371040565149639,-0.20766797548229388,3.9280481899110016,1.8831157253899304,-0.5506973650787647,14.638525146592833,18.369204841954527,-3.8104040048369954,-4.67646846338983,-4.540492808158202,11.793308474146043,-3.200676429955339,-3.5415165700263245,-24.779405807002423,-2.126536955038888,2.9597334025479958,6.063166004417329,-8.480521745194363,0.5304274776843038,5.404919974833827,24.77132408115412,0.14823289486050445,8.454532658327567,0.9045455194693168,6.036527031108708,-0.5343657249649437,-0.5093976213842428,0.0835026018349812,-3.609845447346231,1.2668117875925005,-6.736052957633634,6.5147315053795385,-4.858889964514205,4.110563310979223,0.2604059193517378,3.7164455496704254,4.976643609722831,-5.938788455452298,3.427489256115494,-1.4210875196519288,2.0629681108149764,0.7599628113161799,-5.603086627043744,0.6171400868749398,0.7897591059121485,-1.0619111932139964,0.07598854903051412,3.339614114105789,3.598994617660356,-2.313380160884555,4.047128412803299,3.6234045535885193,-0.7474935410090556,-0.2581056634734559,-5.429157297656432,0.099642247120004,-8.955128410328772,12.663679735505507,-15.940038913831462,4.304779544831524,-3.5161895655316013,2.241135276006951,5.811635870989652,11.941074266589023,19.793069838670345,-9.35688083977649,4.600712619573193,-2.348347186004705,2.9044215701371154,-1.3977899929283024,-1.2282305219499945,3.2130879315450263,-3.835332701250877,2.095219533971798,0.19357314115016838,-4.941776993631589,3.563632365394972,-6.045603536362111,2.3693251611028963,0.803787816343511,-0.693870889418618,-1.5322120746639656,2.5966611459597235,0.739250636695969,0.8118159050041751,-2.0276746508284007,0.7135456257946874,-0.903023396973715,0.08778585237073828,-2.9681496786415096,10.625182430910957,-2.0574614494400043,3.4111573552984553,-3.1862808811539214,-0.6152992830328432,-1.7842129779742886,1.092700397685437,0.22940180349708048,-0.8903020168162745,2.034812569506364,0.5494999706490002,0.49752294171620315,-0.6194945078191708,0.3136478202211986,0.3145456127303276,0.03511750798386056,-0.057725334265765815,-0.2413390619601884,-0.11980266902477556,0.8475964708424597,-0.7315794470777552,3.015179207266201,-4.1474273374443955,3.2729394571737296,-0.9064731889914064,-1.1862962298106068,-0.5266880705873838,0.09832193620576869,-0.10578426198414059,0.5369826937374427,1.7654929825928962,-0.5702726528738075,2.6172030740069006,-1.0307002423827378,-0.5202212088740672,-0.0885486596871373,-6.329816539238087,16.030636069490775,-4.843342148368049,-3.6520318660622215,3.5177517394982765,0.6128936711145543,-1.5460255133341632,-0.8770290911482373,1.6549417446535988,-1.1453624611480486,0.5209515954822013,0.8042099344294055,-0.7601257815589367,-0.42333493349323614,0.21893792461515482,-4.944528678853509,18.962549238584113,-6.799582940239053,-3.2257730968629663,1.4230188315420207,0.5350506731636947,-2.1343556504224517,-0.6231043485680517,0.4373272999265326,1.2951298720361442,-1.273936687766075,1.5049675751363831,-1.8859415920614357,0.4877184623891275,1.160073743413846,-19.45626916603638,-5.653347815433691,3.107136908739399,-2.1538473699824676,2.1373783790306113,-1.88688840699265,2.1308451024486557,-2.150647089141386,-2.445286572737887,0.48166915703624474,0.5555217338287257,2.617184683599333,-1.450439852237363,-1.2778543102978916,-0.19912968648377255,-0.7659227922448114,0.7476153516901314,4.058330199510722,-0.015690258657838567,1.4080415476535064,-1.1155918937952336,0.5392280247508727,-0.44861149156952834,0.5603411142944927,-0.49615330331655555,1.0213824435234287,-0.27625354442296357,-0.7657932334337172,0.5227858154373449,-1.7016796296225327,0.32752259572989345,0.322940994244117,0.9396318198680461,0.09854446488806574,0.03445895821083518,1.479982424196594,-0.5659865005153325,1.1378085737518941,-0.27702106493211726,-0.18716437426896115,0.4982093661103467,-0.07272834367617281,0.17474758341539595,2.6451988993127924,10.325931552274819,-4.29160695652212,5.170453464403534,-2.758143061843262,-0.38914627101976873,-2.0068248172040564,0.26799310340782256,0.551245850341698,0.7213168258611375,0.0015265062965839071,0.12399988987370603,0.6708491818885661,-0.045227502258567004,-0.14593087771213714,-0.13713599350661812,0.06724049640938524,-0.281696595872583,0.6361528459411654,0.029152384499890455,-1.4067071861423135,-1.7562013372595002,3.253588281641819,2.516153072482772,-0.7193451379244933,0.1441025011041152,-0.15052849350664124,0.00970938245687671,0.01412598645215921,0.026903948556743825,-0.23924306802512238,0.3865915631510665,0.2120995855369037,0.03926003425394625,0.05430452890530823,-0.025017818238863124,-0.07289644859103837,0.21833543387903437,-0.08148670644856228,0.038708425939868785,-0.008377608980088155,-0.6148501192446968,1.5079152888472378,0.8837027543304592,-0.016663517442894557,-0.35520696806982266,0.14804224370893945,0.6619650989384139,-0.7765388546792344,-0.04523283486200335,0.4904745920841753,0.1610699003403153,-0.23188611159189593,0.244951549491607,-0.5347245824751105,0.32672963811659,-0.046194370898372826,-0.0953415309051866,-0.090281540880555,0.36669921813994505,-0.16045351410857342,-0.6243928816915499,0.6276599990040935,0.48323245170475776,-0.635612408871376,0.5669596143546994,0.22294414302884108,-0.35667813785795766,0.12458496771779339,-0.2819892394702823,0.28687225781116077,0.12793402442606155,-0.19355816394762332,-0.5572802355571835,-5.540025572949778,-1.241736263178428,-4.884381585856821,2.989880430606816,1.7728781919313035,-2.2758711312705406,3.3132685880548114,-0.03357156696320238,-0.35132142033983677,0.077445457894331,0.4775112995905156,-0.8530003952904319,1.0020216406360627,-0.6294135342916537,-0.1854669157669982,0.49842336592367764,-0.6108362535481779,-0.5348266491159587,1.5067979415079664,-0.12478410005281673,0.34731910391696474,-0.0865396312034377,0.5844126902173092,-0.27346385760830333,-0.5730322564521515,-0.11515335257789261,0.17246454910852277,0.1468787003425032,-0.07211744927340119,-0.5750281114359238,1.7343299934354668,16.505133257294748,-9.166799290683015,3.7929942692798435,1.226048472231998,-0.9347378770513827,-0.3590261350242423,1.1991286166572064,0.08113445469949537,0.5744701085863236,0.8095897953979244,-0.3262193504375237,1.1891931312012987,-1.1099769236926,0.7176429827739063,0.785838881288086,-0.7512662586186607,0.5916569158781951,0.22484887951046229,0.2600973521250696,0.282737884905073,0.6139495364692994,-0.04963295942474783,-1.25515047163226,0.6093795483002972,0.1541575681184334,0.1587288691149603,0.06295697291568103,0.099207033574035,2.5248622809470183,6.471323312372152,-9.183746617176778,4.624008520095054,-1.4276031403867364,3.0762442430481,-2.4292204119807868,1.7169136226489718,-2.339790686356972,-0.3620210852790772,-0.37591011249192136,-1.1614028946944284,0.7490254889204737,-0.9686154156026938,-0.24799739768710033,0.23570802344369146,-0.8379276141184224,-1.1505150969204396,-1.450959962753681,0.3963955926005635,-0.2657366524746345,0.18472203895037162,-0.8291645389528906,1.6078420330501582,-0.3082720133542715,-1.6842711667893029,1.6208725696697674,-0.6829979810322061,20.232238696661785,20.67665581743415,21.326474255275528,20.051715531001726,21.762945446559545,19.278291226373444,24.734022509815112,-0.2960538091314495,5.054062685365129,-4.10323322394983,-4.876028155424675,5.53449818660757,3.045267093660159,0.3995519615736097,0.2827051481129137,2.725540754860692,2.1473242966676125,0.34341424187794756,5.953515061935857,3.764422456002555,-0.039628187260565245,-1.3228274263049675,0.07934317674118496,8.037420991240422,11.135856560709618,3.763924019929235,6.35431490154273,-4.658414692724897,-1.5475146150804195,3.7670438613351696,-2.669492152977663,-11.924626973362239,-11.981641546188476,-12.7913314027977,-5.113130644828465,4.502116614841816,-4.491635635566958,8.377368501347748,13.462423925761712,11.540849782492232,-0.06965835126191414,0.8534836917195116,-0.26563202531371627,1.281254186588713,-13.21136939841199,1.8809841157838942,-7.6830669717616615,17.161048413827096,-9.631990194122716,-6.7031696891509664,-2.637088894761836,-3.018248026783997,6.739829945363604,4.109681706258412,1.6323473670416178,3.0281286538673,22.51501185135668,-16.494544683204197,4.816804782204929,-8.53946994725192,14.906521748229009,-0.3903061914261749,-2.1608371856596595,-11.645808825731784,-9.566731436571791,9.305967037966282,-10.150114784577479,9.145363751830839,-5.922448751620608,8.012776874366212,15.486248587294835,0.45407025173847543,2.9220805716746474,2.474932881064428,-0.18828318869228403,0.2516850094279429,-2.897651552356215,7.331699037672726,8.679505356640462,-10.181068837211765,-0.310635782343832,16.527963214826787,-5.952650749378241,0.5185249089162142,0.4604384424238377,2.1727279651225566,0.49220875006633924,-3.766925447186073,-1.0730405053969778,-0.5124573322880097,-0.7097752360458188,-0.2360994531826,-5.560087659124706,-0.6543499452438909,4.7469087594203385,-4.121095877554972,2.2998009800694335,-4.846098531131805,7.104005669431327,-1.4578699124697534,-2.364398285306935,0.6580192439187202,2.116062658624334,4.686569466678982,9.891581848727476,-4.175234636809305,-6.629443704915987,17.983732356180948,-8.343589412032426,3.274143251559945,4.154877254455964,-4.208786751577116,-4.394123287404594,15.791847386753183,15.096750232350614,-12.936540416757909,-0.9775314830674379,-4.214375732753715,-14.185976961942456,5.866210900248222,0.5179738078652609,-5.024058648759834,14.264211716916403,4.479420546470525,-0.08158196418566138,-5.311877597317412,0.0914749013991692,-2.712570210376025,1.861105822292361,-2.835663348322361,0.1593645470902147,-1.8518366996456652,4.3921428544642,-5.22290961266907,8.152980061158853,-4.203402532965409,2.1898124880799696,3.3324960160406496,-2.386032487303085,0.9289836507556088,19.907049470369685,-12.896528315285437,1.3899656322281768,1.6633533469943793,-0.37989386061208247,0.26805224648757114,-0.2544043046393041,0.21075781488840334,-1.4971597403702934,-0.7351845824720179,-2.2412789992920645,8.014138661415862,-2.060764572767254,0.03857481029963089,0.8761366722457827,-1.5232067717076272,0.5714840840416803,-0.41551648613375214,0.923005944136899,-2.2548976032118366,-2.31961503100573,5.736638703655478,-3.6811858114323748,0.23309923903801044,-1.245744093411943,0.2782709155805414,0.1979108647211215,-0.18985279745097647,-0.5625366423989477,0.6802528298015946,4.807496835096974,5.344060879566191,-5.312887415519075,1.2724415546573997,0.7777604073444235,-0.7085971283693945,-11.01651274953023,10.175353156559094,-4.585126317262013,-1.468536930083875,-0.5617325618321879,-1.1135492927359958,1.3257295182927546,-1.3394609930636205,5.073356775103838,-6.961760673359794,3.9924377039860386,-3.321306604388841,1.237084295012335,1.5666442235213824,-2.904105175674727,-4.81076452459583,17.131241047884206,-9.145741561848101,-0.70522280724943,2.172983825607563,-1.949696478152328,0.26936910205656095,-2.9505088873770835,4.902765800947485,-5.635808873227784,3.123658175475844,-3.32711134329737,-2.3359570399990055,3.347250263203436,1.855474743470434,-10.790433116385334,-1.1143418632729527,-3.2926541440989747,1.2319636957331237,2.2461685771553057,-1.1727724268031685,2.093126690919762,-2.389069920833425,-0.0662935624146039,4.639160346579639,-1.1650376006300454,0.35025727409374274,1.4412110559574238,-2.2353630799240767,-0.2136876610309601,-0.9193629843134318,0.45832351939603017,6.140254398604451,-2.7911830544002183,1.1302841598802675,-1.1844381504792767,1.2042609607172894,-0.495988893640272,0.4108768892715504,-0.3206719953880968,-0.08021720296402096,0.09786334430921473,-1.0786864447970992,1.6362921541183229,-0.9163313170214149,2.618928227959887,1.052965543142261,1.9654683198717489,-2.432978323458158,0.01199937404902809,-0.09912647982390473,-0.44655972427641144,0.13654718578308672,0.09877406752028635,-1.6776474944821262,-1.2360593434991645,0.790989041445752,-0.28769317399222,6.167793326565732,24.240144111801385,-8.156370070526757,1.9773592520555927,-5.214976853729905,-0.8529282459049172,-0.9669598906472373,0.7441622447331822,-1.33213590086727,-0.7345579566966184,0.3701973258613835,-1.0910020244185088,0.6702541266215186,-0.3039887760851592,0.05574925726829551,0.08269001975350417,0.19617520419163803,0.11609629954219024,0.2474439174513056,1.1823229209558903,-1.259416819684831,0.3335030791247496,-0.07041895786770645,12.171689210962878,-4.821386972168673,1.7481417542169644,-0.25027691510129674,-0.5412804150732287,0.4574975431575835,-0.15890903637570172,0.07341820609756557,-0.7478247625696822,-0.2036879989584021,-0.14024572122238413,-0.056803115865516306,-0.07155241121097752,-0.07483481556779299,-0.03358314738682564,-0.08906157604941552,0.02214451866487233,0.21441823068979188,0.3744558113657079,-0.8185284079162014,2.7572273131070415,-0.9398786899198978,-0.3251349178704718,0.48780016392425657,-0.4446032435511988,-0.1510065069041683,-0.005215779976087395,0.3091302735937753,0.5187287357507208,-0.14657847412576833,0.10966972971187787,-0.0693202462405107,-0.1308548078188576,-0.7097618671176559,-0.261623314947967,-0.08319205268730273,0.060394692202581826,-1.492261529713148,2.0500537275173905,-6.967396633958439,4.495941942052972,-2.4302133389757867,0.9218719788436058,0.09965960345209525,-0.023865517490129273,-0.35759373744929934,-0.43675495687277566,0.03306402002308496,0.3082195029762479,-0.10396948944202011,-0.203867403405479,-8.377886861332923,-2.8469745642527817,-3.4917347740425644,0.2940189135056284,-0.6529434406169156,-1.5406305619332168,1.4588730779913837,-0.05170664240482554,-1.6334793737401774,0.6622922574417379,-0.5423961208082936,-0.46212176270347044,0.7212997333576738,-0.43973477619916107,1.1235885772593626,2.7679960346683403,-3.3870637101984724,2.2368728836279512,-4.953591103331982,2.852299554611583,-1.115876107915986,-1.2436068805827047,0.27880209332361894,0.10675564394056403,0.5922614987328298,-0.43414053640793004,1.7395268433767237,-0.7312410396133114,0.605056288704089,-0.05585002383758983,-2.880329276550333,9.755973682381008,-7.168178010317313,1.8646710020111164,-1.1686405717416064,-0.012815169167380874,0.40917106039590945,-0.11885387320987462,0.13653926027382732,0.600774046241768,-0.3726250942332847,-0.34661169998510394,0.19617380247084648,-0.4898489304084046,0.1874931659579206,4.600516017987324,0.34991628257188206,-0.6040470377133713,1.1412677110240292,-1.477470590173313,0.6767640250649765,-0.2972551361653724,0.7744237699997306,0.6749130388649305,0.3359312417103732,0.1707932912005173,-1.5348335097538566,0.18834818710243098,-0.537019714450392,1.1543251484515211,15.586959937799561,-5.724401936520778,1.5999312666757113,1.6482133910800567,2.98690025587527,-1.733997137660683,0.6213892149712985,-1.3978830396290507,0.22291838470969175,-0.7293705377398771,0.08932192408213739,0.05235510947981881,-0.34603377030716026,-0.13541197286588444,3.5462831319884645,-1.9669389540888242,1.3912136057837685,1.8985388770723062,-2.222720991034913,2.6861588517499793,-0.784940690225777,0.6145214664259797,-0.06511675504312836,0.659533436776186,-0.9402654434220342,-0.14586201580149177,0.2458184548417449,37.31941823126521,40.02266289325954,39.27129975939867,37.300746131989634,38.806392975479085,39.61719229496721,40.21407504747225,27.395038222271076,39.09039596844388,28.57279780234041,20.2106239821412,16.018834811676562,25.62980251690329,36.649774628241076,35.06851117023142,32.09882228806955,39.85233488216436,35.94102692516181,27.995848991630425,23.13955654308672,-0.3466086105922721,-3.1972910346271246,-2.042949017841741,2.1361834814322123,3.2980165547598657,5.790726779795015,6.418288840956916,-9.813167911745724,-4.016494459423842,-5.3172827708125645,-11.975678886884275,5.862749720945169,-14.30004306968323,20.804769980624545,-7.1229152255936965,3.3125785307838718,-2.0189041294036945,2.8028679470063924,-18.119271265054255,15.27955700561395,0.3299579318093253,7.005982606273243,2.2481202212594784,5.544037842535645,4.6195395024846295,-1.0820040501884893,0.04058702845414264,-8.757524187684817,8.48979816751021,8.66322845715356,-0.17148741202498066,0.869635822425196,-1.0548177652115487,2.1935067821565,4.354067218434758,-9.912605591303732,-6.054881152993799,2.002324449274553,1.2566280503364962,2.615347093760075,-10.730457448636768,6.7253113791377785,4.337638649246163,19.27786844505806,-1.3487337796978713,1.7968828242912895,-2.668196917994269,2.1687986085492774,-0.9999317343439006,-0.8697883463903751,-23.12077244793263,1.1445419772880612,0.8505890889606823,7.0827323380325975,-4.837773025446111,3.745949836617733,2.0420740699163895,0.7270250247619084,2.342937409080425,-5.13029004646389,0.45007642106057805,-8.918933896057382,2.6615927461245645,2.362163070528935,-1.494170638840474,1.7019021207009093,-1.4052503982811297,2.5344925277498773,-0.2158551475772593,-0.8550198616883553,0.22235347687130325,1.1531351216259826,-3.743278774868563,1.3027626978209406,0.5905858715390672,-0.7391184457273812,-4.444516814740778,-2.9678842972202344,-4.761723315131911,0.2609057727703913,7.732418653419598,2.7588231360238096,-2.01331261518839,2.48507307859867,4.849064829387284,2.17412052218809,2.6204722482937615,-12.52443769347745,-1.4298427593700391,-0.017937699212762177,1.5380635197907837,-1.6544323202035334,-4.577073989895525,-13.692625134876389,-19.0963398506712,3.662623130594232,0.8579626439335458,-0.34733170093572047,-5.2864135802166565,3.228029139488613,-0.20751200089200436,-2.5480483310829505,5.428206865131791,-0.4740039931080312,0.7596865043217099,-3.981816122817252,0.2257564218609251,-3.835144616158322,1.8211201142992812,-1.17287338778555,1.4719492555086604,2.0021000812319993,-3.9431394770214934,-4.54476166279251,-2.9359760198062967,1.6357802753279542,-0.9002320312001554,0.7444337591523026,-0.5212059427610569,-3.559968450680593,-21.995590810736978,7.683854340831062,-2.3176852044959753,1.2552402775595803,-0.28313514602922457,-0.3816123300723831,0.0870275821856363,-0.4317183212601906,0.5554781241612684,-1.6279653906804596,1.7939134457195525,-8.362663412012088,3.198408644101729,-1.1816665437074145,0.06968974815405617,0.06988634121132507,1.684678262194626,-1.084419951008969,0.836850672078014,-0.7313290470528762,1.8449484816873885,-0.7268616750341391,-2.819486652445192,0.5565894492725965,-0.5703370114259217,0.9619451288473356,-1.6476205205451957,1.3952467881689823,0.8353981436033315,0.7343033416124635,1.4278616775019652,2.8903440778666,-3.284931881612595,0.9419989390105672,-1.3014051210158075,3.7428977895770994,10.49009551780177,-22.78374914470546,5.889413013641593,-6.989231994672673,2.066299471111791,-1.293698026266111,-0.6449645341448956,1.3125498632304269,-5.072712744507264,-0.07092548476974724,-0.7261035657330634,-1.3348987702602497,1.0874916793470757,-1.0003919021236276,1.9636928161688918,3.1090499822064914,-26.15481780694262,6.431897426039785,-7.693166473924141,4.661513540249769,-1.5123107191653515,1.1758357799685488,2.5479212532433557,-0.08492297986281369,-0.23745884458648647,1.9008442133280166,-2.7538528136211378,0.676378254062366,-0.26358067550014297,-1.2676691042500146,27.311048824859725,0.9156775173503389,-1.5165994972767711,-2.241531430297401,1.8783352202531358,0.24842036243344603,-1.570076122572721,-0.7648663267928631,0.4280440740774585,-2.501438168850424,0.2024742288900151,-0.47917526383991527,0.7139941704992656,-0.5916393465157481,0.3175819238203993,3.397599429717572,0.07900154374053184,2.0638389405907533,-0.2564514817676135,1.2480533850470115,-1.0237795096917337,0.906837222408831,-0.6787202594986996,0.5103168726903355,0.022587984221283414,-0.12168922019471944,-0.00014428389947673294,1.2232223895827314,-2.282125461315594,2.5650165228918387,1.055486798162656,-0.08027237673258486,-1.8391175667616515,1.6558343618101212,-0.8418932887221504,-0.71248860350146,-0.23076852270595763,-0.041328213072817074,1.5069902146357956,-0.6044929817760956,0.06555420447234889,0.1390621285001041,-0.20262248324778723,-4.426493754366668,-24.340279023714768,8.120505286159636,-5.0383085204499105,-0.057427888012653555,0.7665193825032651,-1.8080687919789378,0.4904065888069843,-0.8795953643828709,-0.5543261820840902,0.35252487296090884,0.8764293131715649,-0.4659017142766014,0.2353388316014588,-0.028973189631526675,-0.07232888849616138,-0.19922476113919424,0.07987362925018533,0.01047163418200899,0.7918104475091271,-2.055331327468805,2.470315472635412,-2.800494817682768,-9.932514739603459,3.7106017512874563,-1.3800598359211609,0.04189605385316565,-0.1259173128985479,-0.10746982212045217,0.005991628378926991,-0.05335435547409742,0.12956543879009436,-0.2490953090842845,0.7888449651241898,-0.40807488083159843,-0.052851273857042295,0.008696980620681386,0.08467738190846481,-0.10686450321364585,-0.06518210653336091,0.02872569895181471,1.5913564276134204,-1.2133657172828334,-2.462349736598756,2.1033782931340257,-1.4654320988263476,0.6781293001599983,-0.5749265778696636,-0.21703643704092632,0.1536716085040894,0.056670722992876385,0.14564061928157,0.2811290400193199,-0.08499524792899286,-0.37149508760518224,0.30323730775585345,-0.8151535765334333,-0.5368374732232193,0.03515718282518232,-0.35928060287685154,1.7426276372491305,-3.0823708378068915,-2.3472668775311716,-0.621100803430128,-0.011960373230050433,-0.25379738359909404,0.3640278730217288,0.016743548417592662,-0.013899355177562946,0.22069197728759504,0.4208913518223186,0.2519691041554285,-0.25712647291536855,-1.2886652446320255,11.185555172743507,2.1309910797828473,6.406917259303398,-3.787063078579511,-0.21223910748576524,-1.584164193325503,2.542524015239515,0.03671044010109459,-0.5915387712137329,-0.309442826464316,0.17277303548850428,-0.2755817942169901,-1.0672988135739245,0.3331862885664577,-0.701899725596598,-3.8087900610800087,1.3904104797783032,1.1121903190684153,-1.210729759967913,0.6598992611386019,0.24781010954594246,-0.7116852913033826,-0.18320427571035183,0.3170955231102368,-0.531551365154674,0.07247431635163301,-0.19161768396839174,0.33410739607922585,-0.2121175859324645,-0.9604854726952148,2.2853618330943317,-20.590404477671733,9.888075204762902,-4.135615988621708,-0.9888914652986233,0.23273664042075642,-0.3596794684467017,0.16923100556908482,-0.806949095288523,-0.19797860409082874,0.4376387049849804,0.26545598431326406,-0.6184332695217538,0.5090719553345989,-0.2607597534698976,-3.393013032538946,3.0954246578576736,-2.3391091461283624,2.362343077032034,-0.35916137007273274,0.1402671253390776,-0.6060836125153568,0.5659795363088886,0.30309673237958906,1.2334378968366575,-0.5390866064314606,0.41305900903071746,0.03508505249281744,-0.012931261716246003,-0.514434919572809,-15.424935531335123,12.471734076232782,-1.9232323516679957,0.7269128286353458,2.7719296100159165,-2.4489647897650855,0.99902464828994,-0.09139048935718053,-0.19664608173524323,0.7009647764605706,-0.18783390247219223,-0.3099002511011179,0.2828335748590593,0.3208308335596807,-4.110690132871237,1.5270460712124934,-1.180508274828675,2.298362218766318,0.5184396531751866,-0.2218884836859434,-0.0783786480783121,0.8531043323332804,0.48610819535543237,0.13282646177585405,-0.8841516985714304,-0.6947409556582761,0.338218668128655
27,-14.305212850687685,-17.256489272837925,-16.067031203516024,-14.752453455676413,-16.03107564077986,-16.028117039119877,-18.97585365192799,2.2699310700141493,-2.5006788104546835,3.4559977588682615,-4.08999419433467,6.095054970801697,-3.310467255186289,5.937198702512796,-3.980865303283619,3.5991100801588476,-2.8897172217376346,4.110101317835654,-11.372390635912076,-16.473178661241732,0.2725522362675756,2.1036432573593333,1.6403633145591707,-4.803452313178148,-3.4819764243493214,-4.586964937060474,2.3909635939279137,-4.227821475695891,3.5220961581600037,6.087171682381899,1.502406013911369,3.155901556898211,-5.427611097827032,1.1227039284945444,-6.449724281999201,4.306113947683185,-2.2893915033650285,3.3799933813487133,2.078458742926663,2.019716863729855,-0.5803141144186771,-7.6038175820892455,-3.554076697928731,-1.3881784755286035,10.58567681331587,13.778568609338661,0.2841445277161895,3.684197018333622,-1.929872429586494,7.543582845431845,0.069287117774859,-1.967378953558995,-20.0796120359739,-5.218417903088004,-6.001084162847071,13.661560001477369,8.456095185642532,1.4746285769103007,2.188096610861403,-6.985660699745439,3.216409156933816,0.0864900871848246,2.394660878533515,-13.460129818306799,-5.422347417692932,-6.2504987724287435,-2.8726251623370653,4.542178264261631,7.151971555085647,4.958469669490881,12.699059013205078,-0.8791102479272617,2.979484289268515,-5.542700658163029,4.25507937136315,-10.808256310403348,10.794433036363175,6.73354048265115,1.5397396535174595,-3.660303031657228,4.722608549826293,-5.341832969547272,5.667936697656042,-2.6833938110653226,-15.652055014233136,5.422085842290249,-4.75955906211452,4.1124125634939475,-5.145350920836261,5.437207568077619,-14.677624802823422,-5.97190300221216,8.504489192006721,-4.022450476191588,1.6479191637025212,-0.49543971611983023,-0.23743463281296875,-1.3591993000802547,22.763133178238963,-0.30974764653778064,2.9319826090210572,-3.389064380545091,-1.6000361353325385,-4.432598571060612,8.287065517178725,2.0205290291161075,-13.925217415992446,4.352891416035514,-4.221916633556155,3.1600643098466246,-1.7981716687924747,2.7444413382267694,-12.627013033731869,-6.574511197809407,6.386557444402076,-5.318900196423645,1.3870855909616033,1.9557894747379045,0.5757633269096911,-5.233201421868543,1.8095052362689685,2.6520183265020134,1.1350750135559464,-4.514925451205467,-0.713472240585727,-0.1336142384942103,0.01805525121232929,-0.9736348426258447,-0.2724973253965812,1.5071334502578015,1.9864926842599242,-9.94918040553915,6.661940357216426,-3.2890087089059996,0.5424975641789219,-0.9835731911870498,-0.48453729643300986,1.0438122529329545,0.07389100481866777,-2.771063075673278,-3.1544812204019523,1.9600264621024355,-1.6084483448540783,-0.22868285387027756,-0.1366963206827723,-3.7575067879432846,-10.493950824279182,7.379843397112887,-3.3360612561732568,-0.5599791505028678,-0.8401100098901105,0.312533637265911,-0.5213367375332162,1.0854336809785723,1.6475618724470378,0.015184290804805815,0.5223517522602685,1.5814575834895312,-2.820464747991193,2.1635427049794873,11.956723249783769,-6.100074089272341,4.252876089380586,-3.038391828656123,1.6991648164476922,-0.48423888416437083,1.1621269171171837,-0.21825799549030772,-2.333019937238334,-0.3518985474804254,1.8207556202884632,-0.3711890273849711,0.8283955370165127,-1.22518213533349,-3.8848325186600396,1.3054849946955887,2.2283483859596642,2.091749622326482,-1.1814342482422098,0.7805387201411443,0.45514569129731286,-0.41243161889902036,-0.7495554366794865,0.5744095922182523,-4.63125936180743,2.2730554488881927,-0.024631983174426032,-0.17835815515645342,1.7683943141245801,2.7458229186078236,-9.454396229251843,6.1412831395288165,-2.2483306977834476,0.6154395111434696,-1.8613664376664916,1.4159539189452175,0.3232973021060666,-0.3498197603112742,3.9445150673774987,-2.659151846808684,0.02586699741140534,-0.40579170199372655,-0.6779350478905654,2.714855331068071,6.837485778266692,-2.3833638809954403,0.7439881110066596,0.20844486615541935,1.7540606555876923,0.03999689283701985,0.11396859398094195,-0.33416246626212304,-2.446264639613821,0.3096414885923962,1.7994107685897067,0.8368824723186488,0.37746375211980765,0.4948773673055996,-0.13560051551628338,0.22031508631288,-2.1186838020271015,-0.05985884597807196,-0.047017221400792626,0.2961010748219686,-0.2852869796965814,-0.17294461049867701,0.8805190688315785,0.9390634533359709,1.01199005481917,-0.2975213783133574,0.0686864394974072,4.2952133447970855,-0.25616738051162097,5.454708164693601,-0.4769752660776111,-0.16440154055468575,-0.5398448159265844,-0.020875650142754394,0.6755274507604058,0.45793996462784003,-0.6932884268847356,-0.17238035617916286,-0.7771760242496192,-0.8584143570293363,0.5074753146402267,-0.4728233158443407,0.6080233881767015,-0.8438780469848921,2.1650302853241103,1.0065451196065183,1.7435026477179933,0.574144780712199,-0.14404527461834554,-0.12152409847924939,-0.18664283667011974,-0.5529694363238625,0.6292623796969636,-1.0860366074920356,-0.49721539222242694,0.40151046971204324,0.07061748943924592,-3.5966689739402944,-7.462462726367375,3.768523537900895,0.18163397855704663,1.0770214238231375,-0.5885099088788023,0.3150166861693154,-0.006206387254729183,-0.5314669432779783,-0.6699728428223525,0.0298872685627116,0.49447788111672714,-0.09116708931801498,0.28829214740441644,-0.1261552604505503,0.7909760000039341,0.2988224643244789,-0.6973214402964096,1.701564434090004,1.4413099708870531,-0.12023923872332443,0.2528651862297031,-0.32491214510875155,-0.6883943924855391,0.3041610384153091,0.25064166622680784,0.06545460266928602,-0.3428113588239101,-0.043697848404300715,-2.978082075569649,-1.9893614457492432,4.230777489165655,0.2833735369287042,-0.6454948524780673,1.509170567988889,0.09069633301746857,0.25178205621585975,0.6106432570557153,-0.6401583986197716,0.22727578222446818,-0.4517722591637705,0.06066734641929382,0.06038731864441865,-0.4972217053590871,0.8035200875316619,-0.2210317281489408,-1.869055528990249,1.203609678786318,1.1406362993746935,0.5449244904170979,-0.22342985910349797,-0.5350437559039143,-0.0320937696149359,-1.0752050491931047,2.1299892471633846,0.9595669262786477,0.441991645938746,-0.3729866697401237,-0.5523246553578443,7.032203405085675,-6.512547036191477,-2.204416066930921,-0.9199378503855343,1.0112177976329209,-0.5924702024413518,0.33068829133947153,0.8250874050316237,-0.5386580719994695,-0.40450364989386217,-0.015350783036911168,-0.07511364302643443,-0.1490482015882488,0.03663304347391785,-0.24107150439611214,0.7373454381839407,-2.1292280699817607,1.0605443964850862,0.1293430237682138,1.5497353466929573,-0.412096231979521,0.1375521020426919,-0.1741084995669457,0.3895070397413135,0.8455467560990951,0.5724118947109001,-0.039239293905851846,-0.07763761098785063,0.8547238912266908,6.925870365623696,-0.8201101442623812,-5.035113063180661,0.9746034450443583,1.1934684031804506,-0.4605857124667739,0.28593660040297786,-0.6403422040722867,1.5008174514111319,-0.3319648825064359,0.1933650533624626,0.14805517811620414,-0.42526430482379407,0.28211818171387126,0.9083991030373467,-0.42747429624936195,0.1724366044764338,0.7692637781322571,1.3014787057988035,-2.9698394827693586,1.2188295083903917,-0.7266431032984446,0.029977927550499113,0.5225432431107886,0.38348594456959356,-0.18426075488670796,-0.4810437197507185,1.02885097704036,0.31967813520855715,-1.9645863097987077,-7.737825002959667,-1.7239566049570638,0.02814022076645074,0.35106471444325665,-0.1509347913393303,-0.7033193811973122,-0.05848727709881356,0.05004758576271261,-0.5306950992698296,0.35886868875365047,0.07928654445675198,0.26263221824220584,0.31856777366871525,-0.020355082295117545,0.4562496193451953,0.8468314515548464,-1.6180203778309128,1.8052177017141318,-2.6962512209901695,1.2001850971838903,-0.3030583306373088,-0.15338299996882818,0.41134632657147263,-0.6534025049091461,0.4745375024467543,0.5205849508551322,-0.08212498043655712,-0.14042714132095072,0.0984218424443623,-0.22937664845381203,-0.8162374455473304,8.864262466422486,5.487077623114995,7.46679300131412,7.774944950335883,8.19508396674173,4.549216165455323,10.671281342144427,-1.060166643757469,0.8018017803427926,0.7176171998043843,1.4535388226579293,-3.285477118834028,4.180318480101246,-4.171607601627146,4.152327918261443,-3.811894455952612,4.018169919141775,-5.318321479067511,21.24038630022986,25.661340845969995,0.3146634032481358,1.2971650683288967,1.943187379142869,3.853038583700445,4.184694723033805,5.743220847607472,2.8452071442239126,9.875362390109483,1.0369174427722947,0.35996385316489726,-2.7340757563615083,-4.693981165551788,-4.80547478494461,-5.543171084645865,-3.061775044409264,-3.8079987988720214,2.77457289632909,7.7803160191465315,2.046928728319978,7.2401845967286835,-0.5332063376049436,-6.653435517532763,-3.5170435366139894,-6.678115887120295,-23.71430631653488,-2.67126593874188,1.9214605390499149,9.744590993775915,-8.264246002980565,-3.7412101863406693,3.1889304709097197,13.740455231453513,18.71708237742479,-5.316373910044035,-5.576515422755976,-20.070510576300673,4.845807516713939,0.2774240469105526,9.506537179670284,-3.3792950657477174,-0.3028858615985248,1.8070221820656711,10.835862899993483,12.005707082191444,-3.601072484035807,-5.829925825426091,-4.862679960488085,5.201388511387575,8.060086292595123,-1.3453483643615753,-12.146894910977446,-0.5916472618071617,4.0585867376680955,-3.6615584809661326,5.398948248793803,2.9865212684654887,-2.283044953734538,4.071040163340678,3.6234045535885193,-0.7474935410090556,-0.2581056634734559,-5.429157297656432,0.099642247120004,-8.955128410328772,12.663679735505507,-15.940038913831462,4.304779544831524,-3.5161895655316013,2.241135276006951,5.811635870989652,11.941074266589023,19.793069838670345,-9.35688083977649,4.600712619573193,-2.3474766261656046,2.940250572670917,-1.1426062877569751,-2.6368619232474138,-18.415829875635133,6.139472078708006,-1.502995636246835,0.0543153568653091,-0.9854345860201235,-5.753468962416931,0.8203179462779722,-19.49025354450922,5.816957164680662,-8.59327236830088,3.0865580945837356,-0.052593456959342366,-0.2255726890985516,5.812450366860949,0.6375019214160879,7.929186469365896,-9.353660580948258,7.136826276519708,-2.4706049641601866,3.4106289197920243,2.0569475186297588,-3.3859913604727603,1.5449989753104187,0.2329136683762179,0.08599735750766077,-4.612229292211662,-0.21960968020704863,0.4244500616121383,2.6018133332972413,-1.134234568479035,-0.5263062404790144,-0.07325967187172253,-6.329816539238087,16.030636069490775,-4.843342148368049,-3.6520318660622215,3.5177517394982765,0.6128936711145543,-1.5460255133341632,-0.8770290911482373,1.6549417446535988,-1.1453624611480486,0.5209515954822013,0.8042099344294055,-0.7601257815589367,-0.42333493349323614,0.21893792461515482,-4.944528678853509,18.962549238584113,-6.799582940239053,-3.2257730968629663,1.4230188315420207,0.5350506731636947,-2.1343556504224517,-0.6231043485680517,0.4373272999265326,1.2951298720361442,-1.273936687766075,1.5049675751363831,-1.8859415920614357,0.4877184623891275,1.160073743413846,-19.45626916603638,-5.653347815433691,3.107136908739399,-2.1538473699824676,2.1373783790306113,-1.88688840699265,2.1308451024486557,-2.150647089141386,-2.445286572737887,0.48166915703624474,0.563397876622809,2.9582393982808166,-0.8207575562029248,0.3547588324762632,7.847646344860334,9.082847628809011,-11.837272917950456,3.3678603329738803,-1.7298666018118278,1.8986826094861786,-4.3141794206820485,1.5139768041113906,2.1711727945252832,0.9383746703107984,-0.22158543722208615,0.4086325642651659,0.9685144307246782,-0.8746862897945945,-1.0633010711774913,-21.856859680819774,-0.6206767415616123,0.9559937260415475,-3.8105453561235882,2.8463292462773064,-0.7311082394273534,-0.1387801512822319,-1.4502051195113304,1.1943763318302145,0.569808547616591,0.10999060400743446,-0.3802970800476139,-1.325409634308177,0.02528912823616969,1.3781919961844842,2.1067495465678623,-6.614877755739257,7.130851263851986,1.2464461544987997,-0.6446322681585999,-1.252090562879421,4.527883647625023,2.4191559597357766,-1.9444142425793178,0.1816997459519329,-2.1513355075084037,2.766831928134066,-1.1201851508846383,0.2239231858273233,0.24061488000295944,0.0209903900013138,-0.3484207415194733,-1.9003149478013104,0.4711115476966979,0.2315956958545398,-0.38614067969686855,0.13687589139689976,-0.2819892394702823,0.28687225781116077,0.12793402442606155,-0.19355816394762332,-0.5572802355571835,-5.540025572949778,-1.241736263178428,-4.884381585856821,2.989880430606816,1.7728781919313035,-2.2758711312705406,3.3132685880548114,-0.03357156696320238,-0.35132142033983677,0.077445457894331,0.4775112995905156,-0.8530003952904319,1.0020216406360627,-0.6294135342916537,-0.1854669157669982,0.49842336592367764,-0.6108362535481779,-0.5348266491159587,1.5067979415079664,-0.12478410005281673,0.34731910391696474,-0.0865396312034377,0.5844126902173092,-0.27346385760830333,-0.5730322564521515,-0.11515335257789261,0.17246454910852277,0.1468787003425032,-0.07211744927340119,-0.5750281114359238,1.7343299934354668,16.505133257294748,-9.166799290683015,3.7929942692798435,1.226048472231998,-0.9347378770513827,-0.3590261350242423,1.1991286166572064,0.08113445469949537,0.5744701085863236,0.8095897953979244,-0.3262193504375237,1.1891931312012987,-1.1099769236926,0.7176429827739063,0.785838881288086,-0.7512662586186607,0.5916569158781951,0.22484887951046229,0.2600973521250696,0.282737884905073,0.6139495364692994,-0.04963295942474783,-1.25515047163226,0.6093795483002972,0.1541575681184334,0.1587288691149603,0.06295697291568103,0.099207033574035,2.5248622809470183,6.471323312372152,-9.183746617176778,4.624008520095054,-1.4276031403867364,3.0762442430481,-2.4292204119807868,1.7169136226489718,-2.339790686356972,-0.3620210852790772,-0.37591011249192136,-1.1614028946944284,0.7490254889204737,-0.9686154156026938,-0.24799739768710033,0.23570802344369146,-0.8379276141184224,-1.1505150969204396,-1.450959962753681,0.3963955926005635,-0.2657366524746345,0.18472203895037162,-0.8291645389528906,1.6078420330501582,-0.4043334521387872,-0.2997463132304746,-0.044357081664310946,-0.20613787692971988,0.5320843689240277,1.297127881916954,-9.12315887711584,15.022107192333982,-8.835417032149959,0.4513259830536239,3.49556469919059,-2.596036984877028,0.4020474298748291,-1.3826849861864174,0.5036969347613602,-0.5042076723147402,0.44505522507583506,0.17698074570867275,0.14902481855100483,0.10222813415710633,0.25371720945897325,0.8542813312228338,-1.6159848719282914,-0.17205923922237537,0.4373296106368455,-0.4481137225494017,-0.023412256228688852,0.22964038087710223,-1.2383788554443076,-0.812666737354525,0.5603201551294463,-0.22285698191281342,0.2090366855362672,0.4199686410343682,0.41605907593945146,-8.459343069778042,-7.680470163716911,-0.9366108819718825,3.043885154635727,6.083321509532377,-3.8677405730390704,1.8498837536470232,-1.1455250824058723,1.307858265798313,-0.48964051218238697,0.12275004630262613,0.37661547021372455,1.2357469028383958,-0.3966764644916143,1.8285645957901393,-0.8220464645332942,2.3383939738360535,2.474497211495589,-1.0762958003985372,0.3035020970802702,0.2854868093551091,-1.5013290018487049,-0.2883743744242262,-0.23840672572542987,0.4740978923713471,0.05255505519323188,0.2031596371857946,0.15413263901837213,-1.5392616820519562,-0.636767539620421,15.52069869466086,-7.418924566301634,3.415223627066954,-0.45921788531959973,-1.7901911626562967,1.344381062978504,-2.249684340063577,0.9430350885569838,-0.6796190192250855,0.007267077165188601,-0.48176508560363424,0.2731189694970341,-0.5196874619414492,0.6160998163077971,2.252959432577585,-1.9554585921208012,1.1145496798176429,-1.0680115275976845,0.006737595577309455,0.4174999419380385,0.6481084234927739,-1.9579932600009933,-0.9664707832599168,-0.05026705412132417,0.20249031829011793,-0.15788338514856087,0.517412278787701,-0.052513495811118735,-0.4738503810308313,0.12397398027917303,-0.19345815802169414,11.350160004775493,13.07306287437725,12.218256900052678,12.182399791685068,12.729566977060408,12.045883359606915,13.697871024217351,0.1377277906032539,1.1554356906663712,1.4276534197057427,2.6380964884980136,1.7524991729112276,2.2574188846035472,5.882123396116315,-0.056603130806404334,-3.7909685194419342,3.8054978834042625,3.41379798489763,5.509856208619682,7.955173876525224,-0.16369448061830602,-0.6644610444924496,-0.5742450643579313,8.877266010205716,15.788731815764098,6.104541608723376,5.6900812758034425,-2.153810637254057,-6.286848349924842,-9.155232473415621,-11.130270113999128,-9.994960693017374,-2.427213107638933,4.200575815817044,6.669457286284059,-2.2094659364443174,1.0216342855168434,-6.50726004626581,-4.015860972430611,5.839193027473703,0.3720896470533537,4.1936072646107565,2.094488130554422,-0.6135670592347592,-18.2728797086896,-2.057914430969212,9.70517577421556,-2.5944647022167717,3.7005724385411245,-17.855817770531647,11.060295627068035,-2.6127063279669342,22.82122340344332,-10.49608913113564,2.070647857384619,-12.024930578329261,1.088536321680113,12.918995226358785,4.500425647449994,11.243679687994819,-16.944458813636526,8.241114156852007,-3.1786751594358402,19.0312273774035,-4.538793348596653,1.3296570868375255,3.1532946550295393,-3.3167176757783148,-1.7396616215667478,3.484775976792911,-19.71986506146854,0.31487422868646825,-3.118362182383214,1.972327981464282,-3.3485542463737037,6.42564828396289,-1.2839716768335834,-2.375839084639191,0.6580192439187202,2.116062658624334,4.686569466678982,9.891581848727476,-4.175234636809305,-6.629443704915987,17.983732356180948,-8.343589412032426,3.274143251559945,4.154877254455964,-4.208786751577116,-4.394123287404594,15.791847386753183,15.096750232350614,-12.936540416757909,-0.9775314830674379,-4.214989199825747,-14.230223515872463,5.1501317505106465,2.844788213054776,-14.89472431458383,0.24328510459566477,1.334499342827748,-3.8907650745862004,-5.344808961666909,11.721599103684785,-7.932075216729766,-24.702759791778256,12.374920165973858,-4.904603381432792,4.3127558756875475,11.852855167100193,-3.6750263114997135,-8.530166781931468,6.971612619898505,8.406835180142755,-7.2052983148886804,-0.867795479822815,-2.5685063369557355,-14.738447230020125,1.3533527661715024,5.306183867388972,-1.5710702747680276,-3.823753621479176,1.2480746084330505,13.62136036504161,-0.18454440499169347,-1.7349786737291368,-3.8336083497679296,0.7453040023278548,0.9513624911453318,-0.7327015470396778,-11.01651274953023,10.175353156559094,-4.585126317262013,-1.468536930083875,-0.5617325618321879,-1.1135492927359958,1.3257295182927546,-1.3394609930636205,5.073356775103838,-6.961760673359794,3.9924377039860386,-3.321306604388841,1.237084295012335,1.5666442235213824,-2.904105175674727,-4.81076452459583,17.131241047884206,-9.145741561848101,-0.70522280724943,2.172983825607563,-1.949696478152328,0.26936910205656095,-2.9505088873770835,4.902765800947485,-5.635808873227784,3.123658175475844,-3.32711134329737,-2.3359570399990055,3.347250263203436,1.855474743470434,-10.790433116385334,-1.1143418632729527,-3.2926541440989747,1.2319636957331237,2.2461685771553057,-1.1727724268031685,2.093126690919762,-2.389069920833425,-0.0662935624146039,4.639160346579639,-1.1843306063692178,-0.029796241350969675,1.1069480933068188,-3.4109562310487243,4.696538604962704,0.7475969098650499,-5.1726691622212115,0.02976551056293517,-0.22839556811614614,-1.4134571469362323,-0.1166375691770202,-4.7959844532751825,2.154093897996483,-2.5242958282578924,2.6084313120254796,-4.382935253136681,0.23712084548344772,5.028483772732017,-4.581643537658237,-26.44043999527005,4.805065721168737,-7.944127241758472,0.7686113651232915,2.1720698737932618,-2.0341461563509724,-0.1343463688450517,-5.549941325090568,0.9341620960346602,-9.941304024313192,4.583419463435679,0.2517970967825142,-2.7142699947086637,-0.21165359488720908,1.9200852766682697,-0.2435093749577646,-0.7626787278018893,1.2684437928597712,0.5242080757607723,1.4405835892784185,1.145237188968667,0.9725858964939431,-0.7219084046918562,-0.8460215636041662,7.469276970817369,-3.5161430745428754,-1.6701723263985144,6.932839546678041,-2.2728617770927997,0.7515756761042055,-0.3968641199554556,-4.614720830644983,2.2762435702721477,-0.7435018398269492,0.4265033905773794,0.003556060198765385,-0.37509977189946037,-0.43675495687277566,0.03306402002308496,0.3082195029762479,-0.10396948944202011,-0.203867403405479,-8.377886861332923,-2.8469745642527817,-3.4917347740425644,0.2940189135056284,-0.6529434406169156,-1.5406305619332168,1.4588730779913837,-0.05170664240482554,-1.6334793737401774,0.6622922574417379,-0.5423961208082936,-0.46212176270347044,0.7212997333576738,-0.43973477619916107,1.1235885772593626,2.7679960346683403,-3.3870637101984724,2.2368728836279512,-4.953591103331982,2.852299554611583,-1.115876107915986,-1.2436068805827047,0.27880209332361894,0.10675564394056403,0.5922614987328298,-0.43414053640793004,1.7395268433767237,-0.7312410396133114,0.605056288704089,-0.05585002383758983,-2.880329276550333,9.755973682381008,-7.168178010317313,1.8646710020111164,-1.1686405717416064,-0.012815169167380874,0.40917106039590945,-0.11885387320987462,0.13653926027382732,0.600774046241768,-0.3726250942332847,-0.34661169998510394,0.19617380247084648,-0.4898489304084046,0.1874931659579206,4.600516017987324,0.34991628257188206,-0.6040470377133713,1.1412677110240292,-1.477470590173313,0.6767640250649765,-0.2972551361653724,0.7744237699997306,0.6749130388649305,0.3359312417103732,0.1707932912005173,-1.5348335097538566,0.18834818710243098,-0.537019714450392,1.1543251484515211,15.586959937799561,-5.724401936520778,1.5999312666757113,1.6482133910800567,2.98690025587527,-1.733997137660683,0.6213892149712985,-1.3978830396290507,0.22291838470969175,-0.7293705377398771,0.08932192408213739,0.05235510947981881,-0.34603377030716026,-0.13541197286588444,3.5462831319884645,-1.9669389540888242,1.3912136057837685,1.8985388770723062,-2.222720991034913,2.6861588517499793,-0.784940690225777,0.6145214664259797,-0.06511675504312836,1.157451894475926,-1.6618508655410578,-0.7586418731508197,0.8037583456718044,-0.19658635720072928,0.43998550990623925,-4.142572466800723,5.7925024856572795,-2.220272558214072,-2.0140157753203853,3.2218862749406263,-0.9149835706693531,0.08451405238623931,-1.0559668366092272,1.076434741577532,-1.4945581567717048,2.151242221513403,-0.5227066792535282,0.5077223888958665,-3.557035923086551,-0.9252510536957794,-0.8719545832665129,2.8744873695601276,-0.9392064474785304,1.2893484805977242,0.3747487196147131,-0.9568562255789586,0.5097511289969224,0.03941221279729484,-0.984007745004479,-1.1425104813488178,-1.728217283209177,-0.13732020397735623,0.21908251216125998,2.930663737656666,-5.357779591253438,-10.59865902026442,4.030680314532218,2.1218233652238214,8.556407710907335,-2.9250024501122853,1.287356190947771,-0.832486520221558,1.0853851080936656,-1.7511923547270498,1.7013146252575118,-0.02472955439312816,0.6305295888193808,0.7947428763840109,3.962515249692513,-3.694850469244547,3.830560642308452,-0.8742550929084152,5.244673309037151,1.3214865634796031,-1.116587541488897,0.9942382933292542,-0.02761902612295868,-2.7604828556036387,-0.8854961534102663,-1.0661380362174244,0.5393601919451824,1.0562621389451177,-0.6120511621964834,-2.7124431481404025,6.970208914109904,-0.4893649477862493,1.733779801000606,-1.4224081634024575,-1.3123325656838698,1.0872203417789048,-1.7053503347216044,1.0748687435950832,0.6461166464174931,0.5656873986300808,-0.19067646777974584,-0.23246453787529647,-0.36447496070310625,-0.09220036708056759,1.9733436596007938,0.32223563992650256,-0.6391080590329908,3.5084914247903964,-0.7569902787018121,0.5292991606778593,-0.17758605755739923,0.2980436695011321,-2.017502056188388,0.3116182265596779,-1.4564606394563404,0.13674589420603947,0.5995132546439254,-0.06669921422360606,-0.6527374452787039,0.6134889576079103,0.038560760437695255,25.905799008281818,28.578821210341083,26.484867181154492,27.058445688176676,25.90246242851866,29.760822790599455,22.50699126990267,41.490394232450015,27.35850148483832,41.06022577944187,31.51868088084168,39.06699686439901,36.81898069754008,30.613075140975987,45.331357372258196,31.637438951532523,37.76325660085424,30.194532389239484,32.65247696226163,33.91247620436083,-0.34575152773069695,-0.9432629989593114,-2.0365633790520965,-3.545463868556129,-1.6327097876636538,-2.696976829481191,-12.084569961374573,5.975666332015527,-17.657040771069944,13.811286137770331,-7.728055385986734,23.67918552008164,-0.5314424006775061,6.303142195550376,4.138631927359656,-0.9657175187216828,-0.18419870758631546,-3.7581400782427608,-7.538413370164546,-0.09865471178326846,0.414171579828786,5.697469762420162,2.8314276289022007,4.112057705273819,13.062371717969857,-4.528870865279504,3.6012012838065783,-6.010600727383433,7.332535864369872,-0.8520016870271048,-1.9653297773150018,-12.258344827541006,-15.736100650081474,6.410205780634664,-1.3499802479999734,9.777034310173857,-8.944704088064816,3.4730478011088133,-7.759079172736622,2.3871012377895777,2.9441366394936446,-1.4034467036260057,-4.439652431732201,-4.060406829091871,1.4037295753007386,-0.6416912993425529,-1.4954480903025797,1.9386203933468669,-0.8548541688879747,1.8805281996005048,1.9893408767249479,0.40186102215406627,-4.0806586555743465,2.399734342680666,-5.4044518267155786,-4.196394134511072,0.23711216339864757,7.721106284594403,2.7588231360238096,-2.01331261518839,2.48507307859867,4.849064829387284,2.17412052218809,2.6204722482937615,-12.52443769347745,-1.4298427593700391,-0.017937699212762177,1.5380635197907837,-1.6544323202035334,-4.577073989895525,-13.692625134876389,-19.0963398506712,3.662623130594232,0.8579626439335458,-0.3470215955367369,-5.325899367022998,2.713603217621101,5.8478046350962325,20.122981832006896,-0.7533002328991831,5.198191735452245,-2.6984100790870347,-2.089913079929888,5.140459792959882,3.14700156380582,20.400346998941924,-3.1792716469360673,2.329690665609418,-4.127409122806066,-4.1790006589088025,-2.1063230821295047,-3.368506567847295,-8.851919245162819,-11.141446772103592,-1.36808728600985,2.2356946244060207,-1.7593073245118385,-5.672553389760701,0.6626945122982804,0.5907653025478572,0.18524258707235075,-1.0577413572792864,0.6694759969376587,5.365051142079678,0.07889753798275945,0.05439072785408937,-2.4904019535912862,0.8515091799591176,-1.280999049381043,3.7339407488366896,10.49009551780177,-22.78374914470546,5.889413013641593,-6.989231994672673,2.066299471111791,-1.293698026266111,-0.6449645341448956,1.3125498632304269,-5.072712744507264,-0.07092548476974724,-0.7261035657330634,-1.3348987702602497,1.0874916793470757,-1.0003919021236276,1.9636928161688918,3.1090499822064914,-26.15481780694262,6.431897426039785,-7.693166473924141,4.661513540249769,-1.5123107191653515,1.1758357799685488,2.5479212532433557,-0.08492297986281369,-0.23745884458648647,1.9008442133280166,-2.7538528136211378,0.676378254062366,-0.26358067550014297,-1.2676691042500146,27.311048824859725,0.9156775173503389,-1.5165994972767711,-2.241531430297401,1.8783352202531358,0.24842036243344603,-1.570076122572721,-0.7648663267928631,0.4280440740774585,-2.501438168850424,0.203696705643874,-0.3737818530995983,2.2458706592923074,-1.8547435146805142,-12.125275184267812,-4.17831586708762,7.254032698141837,-4.011850475728627,1.88986221506077,-0.3336931429504971,2.3267315861914692,1.942585021227253,2.154234299807381,-1.864757958934659,-2.3120560229972664,-0.7753448848573175,-1.1838875206703212,0.344548359355079,4.373797262059819,32.334172667808545,-3.2883343540462486,0.9845573837230828,-2.70392697400131,1.782517798664793,-2.3791806787306604,1.8824759343599757,5.47911612352704,3.5398212742829056,-0.04171254539979403,0.4625495768579722,0.6800846253149413,0.3885994607833447,-0.6578010333209832,-5.986371787433761,6.946687249910264,3.7378445678961216,2.9657785966159063,0.33370136211547635,1.5920496936913135,-1.0363896514745294,-1.5849294888706684,-2.43656077088357,-1.8790666072374929,-0.8093247761321862,1.697763967268412,-2.0825890287466824,0.5515147824445182,-0.1984084640138989,0.2598230310621625,-0.3157207428285791,0.13836327346911562,1.6627046680509034,-0.32494245621059126,0.32371188269728335,0.05211741179611136,-0.022881616236207675,0.22069197728759504,0.4208913518223186,0.2519691041554285,-0.25712647291536855,-1.2886652446320255,11.185555172743507,2.1309910797828473,6.406917259303398,-3.787063078579511,-0.21223910748576524,-1.584164193325503,2.542524015239515,0.03671044010109459,-0.5915387712137329,-0.309442826464316,0.17277303548850428,-0.2755817942169901,-1.0672988135739245,0.3331862885664577,-0.701899725596598,-3.8087900610800087,1.3904104797783032,1.1121903190684153,-1.210729759967913,0.6598992611386019,0.24781010954594246,-0.7116852913033826,-0.18320427571035183,0.3170955231102368,-0.531551365154674,0.07247431635163301,-0.19161768396839174,0.33410739607922585,-0.2121175859324645,-0.9604854726952148,2.2853618330943317,-20.590404477671733,9.888075204762902,-4.135615988621708,-0.9888914652986233,0.23273664042075642,-0.3596794684467017,0.16923100556908482,-0.806949095288523,-0.19797860409082874,0.4376387049849804,0.26545598431326406,-0.6184332695217538,0.5090719553345989,-0.2607597534698976,-3.393013032538946,3.0954246578576736,-2.3391091461283624,2.362343077032034,-0.35916137007273274,0.1402671253390776,-0.6060836125153568,0.5659795363088886,0.30309673237958906,1.2334378968366575,-0.5390866064314606,0.41305900903071746,0.03508505249281744,-0.012931261716246003,-0.514434919572809,-15.424935531335123,12.471734076232782,-1.9232323516679957,0.7269128286353458,2.7719296100159165,-2.4489647897650855,0.99902464828994,-0.09139048935718053,-0.19664608173524323,0.7009647764605706,-0.18783390247219223,-0.3099002511011179,0.2828335748590593,0.3208308335596807,-4.110690132871237,1.5270460712124934,-1.180508274828675,2.298362218766318,0.5184396531751866,-0.2218884836859434,-0.0783786480783121,0.8531043323332804,0.48610819535543237,0.1980750786282423,0.14568862641669453,0.061244424967913616,-0.13095017576477097,0.504815069602178,0.6610831084449582,12.383722632570487,-14.990112405989347,7.200993533223192,-3.9034132186011608,2.640093171576144,-1.2515757197022548,-0.04844191931756153,0.2548235349190613,-0.08351582134683463,-0.5761117107341022,-0.9982920258360013,0.3814960267141076,-0.4134218619518909,2.9237249285797997,1.3379090949723749,-1.2940137004512522,3.338967728850061,0.9941050661335958,-1.1351488257994775,0.13479126346541798,-0.47135554259875706,-0.07367957245917447,0.24685012436998954,-0.2612527962570655,0.8805010891497218,-0.12268964729704562,0.34932456978263526,0.33067316790128254,-5.598481804258641,10.157442768756754,10.59166233619053,-0.27710384143988587,0.5938691598582864,0.9482790526792171,-1.5031717675448326,1.1333778647398554,-0.6814781046516863,1.1262153023491166,-0.5674976144567088,-0.29619400555684505,-0.3848413874949289,-0.8589130646034614,-0.7353348474058286,-4.609635842107256,3.1065893857648037,0.9706848650047762,-3.3373433509382067,-1.1464522865634588,-0.8115023992707767,-0.24216849792820963,1.005441500946759,0.10472179369285162,-0.53632280366515,0.9934111094345135,0.28406539681596804,-0.09073957675171918,0.3249453249940357,-0.9244677707953869,2.3026089293935326,-16.681950026716454,4.633302687432136,-0.43733878191705694,-1.7977925428131334,-1.7227285854009808,2.5741116399895074,-1.7709582261524404,0.27893133657409513,-0.5280963603295825,0.7297839532065414,-0.2733219281159364,0.32357413984737676,0.40280224844422186,0.1652887275442072,-1.1502747454663946,1.699111972779495,-3.1747261641166036,0.872380587981646,-0.6309772481416662,0.11539020136051784,-0.705673825898108,0.8319668705805429,-0.461134517595141,-0.39074224322224294,0.7378117484961371,-0.25809159409309546,0.552402686844292,0.0034990136480387186,-0.6061776211905725,0.19322752642823843,-0.5826543951204373
28,-0.01954656327141102,0.05524864790062416,-0.10186319234155597,-1.077873961401697,-0.45066502757124927,0.6186301918376186,-2.154314026031461,7.588922700739227,-4.503527110624628,4.79227117528191,-4.203812358555499,3.5563558034754243,-1.0016039713955656,0.1060713889844872,2.346213344503145,-1.10861347736488,0.07144894541695501,0.6902614493837522,-13.52817467423137,-19.721645451232934,-0.19803558554269723,-2.074028569680538,-1.8241149426519907,-0.5954813492913107,4.342322186476318,1.3500517588711922,4.652022560554511,4.529917136013621,2.058370364303012,4.297699155060996,-11.245631685003293,0.38374791703286226,-7.90718332704589,6.980175337542556,0.5768731324581318,8.681228941940976,-8.911573870679058,-2.613316700399231,-4.0211117778656496,8.429780298134713,0.21022250858852395,4.562642214993565,1.1357820508107854,-4.92728116865882,-14.696916198928855,-2.0184671615163414,-4.933511764892026,6.085527361890764,1.1966811214730813,-3.201530200494617,-1.0938055093895398,5.325358196611682,12.266819235974404,1.7017453723393499,0.6252499702816992,-14.49138309099959,-5.538352217964705,-6.742216678052812,13.095485910806035,2.9979415361380464,0.23362131902614255,-0.3918507926718742,-2.9016856503794752,6.50628318830846,0.16967157308318517,-0.3424464541695958,-18.84538347169471,22.15570649107672,-3.234861531594811,-0.8572348189290396,-6.442047374109353,0.7280371025721352,0.3661981609463426,4.599701289803146,-0.8614185632167083,22.767233341977235,-0.4936373180144753,2.9860018779314634,-3.389064380545091,-1.6000361353325385,-4.432598571060612,8.287065517178725,2.0205290291161075,-13.925217415992446,4.352891416035514,-4.221916633556155,3.1600643098466246,-1.7981716687924747,2.7444413382267694,-12.627013033731869,-6.574511197809407,6.386557444402076,-5.318900196423645,1.3870855909616033,1.9550591609715309,0.5815366415055614,-6.171684363923289,11.938960268335233,4.94165125194827,-2.944039485366167,-0.43166957757819624,3.240611369664324,-1.5129655364249326,5.704851625557349,20.098960046066175,-5.112589688510917,2.7742247539313203,-2.9254955885621743,3.754692592159839,-6.7119130734727515,7.178857021844622,-9.168986089256217,-15.380863058351919,7.934570960846913,-5.606353213076968,3.6876436755950737,-3.9350748432726714,5.600060629120037,-12.017418767873968,0.01073184860380401,3.805492992504646,-4.026576763854544,12.891142328048723,-5.568358037691764,0.8785211591719226,0.30300186318677774,2.936060773773191,-1.8436605522829905,-3.892727667335859,1.3394489278875925,2.2283483859596642,2.091749622326482,-1.1814342482422098,0.7805387201411443,0.45514569129731286,-0.41243161889902036,-0.7495554366794865,0.5744095922182523,-4.63125936180743,2.2730554488881927,-0.024631983174426032,-0.17835815515645342,1.7683943141245801,2.7458229186078236,-9.454396229251843,6.1412831395288165,-2.2483306977834476,0.6154395111434696,-1.8613664376664916,1.4159539189452175,0.3232973021060666,-0.3498197603112742,3.9445150673774987,-2.659151846808684,0.02586699741140534,-0.40579170199372655,-0.6779350478905654,2.714855331068071,6.837485778266692,-2.3833638809954403,0.7439881110066596,0.20844486615541935,1.7540606555876923,0.03999689283701985,0.11396859398094195,-0.33416246626212304,-2.446264639613821,0.3096414885923962,1.7994107685897067,0.8368824723186488,0.3645148515124337,0.14429331793641537,-2.8188264635843554,-10.213850292813886,7.752720345551813,-3.5527166196839532,1.322128977679233,-0.9234955796302546,0.2842896431984,-1.0220690403435668,-1.1029806851112482,2.359952952201419,0.40267278231045556,0.059134239407438435,0.7479647395200546,-1.2347045311787055,3.66896216812045,18.093640407457602,-5.129466022818957,1.2301658655456569,-0.2884511057779729,0.6395373570647986,-1.6809429944325907,1.2725011053452318,-0.4400947416117598,-3.806915462027443,1.4035125922552345,2.5860957570815604,-0.5312453905688133,0.9432083869970493,-1.4233254863170581,-1.218869578110419,2.3983632830733477,3.9076560806695335,0.0035876612433936566,-0.8000523173066694,-0.6766643601159955,0.4379754733048607,0.31528092673175195,0.6209447069412511,0.898834287793543,-2.680219205173329,1.0495739198125005,0.05646425786610964,-1.5851319466929854,3.197124594567752,11.715430871598581,-4.464975900007033,2.7098722771448744,0.01802669028641681,-13.79022916187159,2.344764328617655,0.8362411951790265,1.440440393776776,1.050974845225666,0.45386682795503264,-0.3729866697401237,-0.5523246553578443,7.032203405085675,-6.512547036191477,-2.204416066930921,-0.9199378503855343,1.0112177976329209,-0.5924702024413518,0.33068829133947153,0.8250874050316237,-0.5386580719994695,-0.40450364989386217,-0.015350783036911168,-0.07511364302643443,-0.1490482015882488,0.03663304347391785,-0.24107150439611214,0.7373454381839407,-2.1292280699817607,1.0605443964850862,0.1293430237682138,1.5497353466929573,-0.412096231979521,0.1375521020426919,-0.1741084995669457,0.3895070397413135,0.8455467560990951,0.5724118947109001,-0.039239293905851846,-0.07763761098785063,0.8547238912266908,6.925870365623696,-0.8201101442623812,-5.035113063180661,0.9746034450443583,1.1934684031804506,-0.4605857124667739,0.28593660040297786,-0.6403422040722867,1.5008174514111319,-0.3319648825064359,0.1933650533624626,0.14805517811620414,-0.42526430482379407,0.28211818171387126,0.9083991030373467,-0.42747429624936195,0.1724366044764338,0.7692637781322571,1.3014787057988035,-2.9698394827693586,1.2188295083903917,-0.7266431032984446,0.029977927550499113,0.5225432431107886,0.38348594456959356,-0.18426075488670796,-0.4810437197507185,1.02885097704036,0.31967813520855715,-1.9645863097987077,-7.737825002959667,-1.7239566049570638,0.02814022076645074,0.35106471444325665,-0.1509347913393303,-0.7033193811973122,-0.05848727709881356,0.05004758576271261,-0.5306950992698296,0.35886868875365047,0.07928654445675198,0.26263221824220584,0.31856777366871525,-0.020355082295117545,0.4562496193451953,0.8468314515548464,-1.6180203778309128,1.8052177017141318,-2.6962512209901695,1.2001850971838903,-0.3030583306373088,-0.15338299996882818,0.41134632657147263,-0.6534025049091461,0.4745375024467543,0.5205849508551322,-0.08212498043655712,-0.21489095275746797,-4.540510753390514,-10.831672634875162,2.839029297580349,0.7656966274931749,0.666906722713499,-0.4226477130078963,0.1072768720132675,-0.31300355957412607,0.4130737164394214,-0.07229069885830178,0.1374112179969102,-0.1882108640729987,0.13557161898874517,-0.008108966438604972,0.7856536446303057,-0.498998431875284,-1.9549816562174107,1.0436630496820631,-0.5771672234152804,2.0694785117314205,-0.16133508012606526,-0.2945269122162416,0.3533612733955353,-0.7525449213145199,0.032556078618340215,-0.811353989568905,-0.489318087563892,0.5190937058589863,-0.07335633639997306,-5.297622071712019,-3.4058085788468495,5.099377220983298,1.9769548845397278,-1.001680458134643,-0.5924914668561209,0.21896872405619341,-0.003885658180560518,-0.5656249945636772,0.5516612828987256,0.31803051017556444,0.31078188385764055,-0.13320882498078698,-0.29895657921987584,-0.3186670059467592,0.523866669751425,0.05507947872971462,-1.4906089265021931,0.04941233484335472,-2.6671292413414,1.5583748523820555,-0.6383850280966507,-0.22692960380557464,0.45251855657902634,-1.0837635550645777,0.2129585902669474,0.37969093143121607,-0.11420118330627492,-0.3502080893685687,-0.2151048268958722,4.724825137369338,-0.7462344575525031,6.619893882058272,-3.5519284572546463,0.9524889459989508,-0.47133590457895863,0.7548208814558448,-0.15626326726857934,0.14298766950325326,0.5859413335181073,0.26477212981144066,-0.2719558654016303,0.25218492956362243,-0.4074153304963787,-0.1656873207093906,0.5451151852432997,-1.7181631437865892,0.7023340423918402,-2.5681038065162314,1.3766638589325644,-0.4824739398069206,0.30038310415018743,0.16014239040633643,-0.13920887179826294,-0.6999675450208387,-0.5124842058953559,0.25870283631489027,-0.31343211957188205,1.1732460802163902,13.832594968119167,-1.843867049556992,-0.3219759079651039,0.009992477067333888,0.789563398815095,0.0739397296986451,-16.450546382408998,25.405849647131337,27.096931169284517,27.545027106330256,26.61304574321034,27.944338035658568,25.780647158006513,31.291028960570603,-0.6120277313827089,2.8223492813327318,-2.559296464914365,2.5544944165481853,-1.3769048795939727,0.7618195862769797,0.5356182448813318,-4.48753878895007,-0.823780116362658,1.4995257854149626,2.9845770677242105,-0.867978531453915,3.3406527127517447,0.11964525291377402,0.31692000955730826,1.7025982424065351,7.500422228853668,8.243263856936522,3.6095810306457756,-2.1558519583123124,0.22050539723677476,-6.056281990139382,-7.746252763401853,3.784854154474131,-3.754426409269999,4.999416476359635,-1.3343330163947087,11.327536250021842,-4.692830798232255,3.3503718023892515,-11.04202901537525,1.4560915096361995,-4.127893892901702,-0.17180677317795104,-2.32044316056558,-0.6381090784930152,9.560487659871779,10.70859888835045,-5.406162928431475,-3.306123176447062,-6.7902688802886955,6.206127698809452,-3.2526773556555977,-2.3097934354640848,-18.132253336360737,-0.873548194798114,4.7202898570417915,19.4934367228034,12.374025622098749,-3.694673679116911,-5.787128507340304,-22.497268785058164,10.046383054910708,-3.4922481305206907,5.182200144493432,-11.977131261036853,1.8530994235450504,1.3419373058394646,14.250226308084903,16.81933551887005,-20.63640480899387,-14.4549067498843,3.5519532620132837,-0.7096326878803461,-0.13000795495016182,1.9512395431191554,-0.9690145612197667,0.4000575702336954,-19.429233793291523,6.18934760433566,-1.455002806433153,0.0543153568653091,-0.9854345860201235,-5.753468962416931,0.8203179462779722,-19.49025354450922,5.816957164680662,-8.59327236830088,3.0865580945837356,-0.052593456959342366,-0.2255726890985516,5.812450366860949,0.6375019214160879,7.929186469365896,-9.353660580948258,7.136826276519708,-2.4706049641601866,3.408540104987311,2.3509292440415352,3.6324992525498647,0.5036651991315649,-1.9250727434379107,5.85283065918362,-0.8818406766470743,3.3458942528808633,-5.984848791737892,-4.016233149910082,-30.520909861501025,10.275823125175602,-7.446807359722236,1.2732970117152722,-2.038287869781418,-4.4449918265954915,4.217375791564824,-7.127785712507775,6.0506956542059225,-11.323038202276438,2.602141843427941,-3.318315642307759,1.9809096765318057,6.738078533491481,8.788385100077267,15.854649254576517,-6.567282752676861,-8.516970606563389,-14.964121907147433,-1.467596670908392,0.07817814189516306,0.3031847157850652,1.5800286241215589,-0.5567829239264943,7.978118101152907,9.09949927667583,-11.837272917950456,3.3678603329738803,-1.7298666018118278,1.8986826094861786,-4.3141794206820485,1.5139768041113906,2.1711727945252832,0.9383746703107984,-0.22158543722208615,0.4086325642651659,0.9685144307246782,-0.8746862897945945,-1.0633010711774913,-21.856859680819774,-0.6206767415616123,0.9559937260415475,-3.8105453561235882,2.8463292462773064,-0.7311082394273534,-0.1387801512822319,-1.4502051195113304,1.1943763318302145,0.569808547616591,0.10999060400743446,-0.3802970800476139,-1.325409634308177,0.02528912823616969,1.3781919961844842,2.1067495465678623,-6.614877755739257,7.130851263851986,1.2464461544987997,-0.6446322681585999,-1.252090562879421,4.527883647625023,2.4191559597357766,-1.9444142425793178,0.1816997459519329,-2.1513355075084037,2.766831928134066,-1.109071942883321,-0.2892877377631361,-9.438656500842827,17.008869439144828,0.7482654052086101,-2.7854632982581258,0.3790552679672393,0.7369963231669027,1.1228906189060965,-2.2561181496874827,-1.00652270889222,0.29158283792732104,-0.6473722406270149,1.2949310503782008,-1.6914003394096495,0.37441007148414684,2.065262791980966,-20.122020257371968,-7.573862700065688,7.499967141572142,-2.54290091150397,1.3757836586385979,-1.7286733241913728,2.9212172960745244,-1.6959130734223218,-2.501697192626658,1.555709292517402,-1.5875975484904685,3.942614538572924,-0.726784936991707,-0.3392204667583365,-4.398601688197672,6.3883375783987795,-2.455779572323082,-4.242650015199652,-0.6481116736878819,1.0529231917676907,-3.079125878541901,-0.889156876217801,1.41007262036561,0.6936774931543415,-0.8846900618206591,2.7793578980083624,-2.4118189717945855,0.7114684166585108,0.15854152076385014,-19.105897465960716,-2.0092392229211207,0.18442095009135256,3.3851100076612712,23.643192404169277,-8.729350425631438,0.19613313228287055,-0.6467910604127135,0.03930125078165382,-0.2041364417584356,0.5320843689240277,1.297127881916954,-9.12315887711584,15.022107192333982,-8.835417032149959,0.4513259830536239,3.49556469919059,-2.596036984877028,0.4020474298748291,-1.3826849861864174,0.5036969347613602,-0.5042076723147402,0.44505522507583506,0.17698074570867275,0.14902481855100483,0.10222813415710633,0.25371720945897325,0.8542813312228338,-1.6159848719282914,-0.17205923922237537,0.4373296106368455,-0.4481137225494017,-0.023412256228688852,0.22964038087710223,-1.2383788554443076,-0.812666737354525,0.5603201551294463,-0.22285698191281342,0.2090366855362672,0.4199686410343682,0.41605907593945146,-8.459343069778042,-7.680470163716911,-0.9366108819718825,3.043885154635727,6.083321509532377,-3.8677405730390704,1.8498837536470232,-1.1455250824058723,1.307858265798313,-0.48964051218238697,0.12275004630262613,0.37661547021372455,1.2357469028383958,-0.3966764644916143,1.8285645957901393,-0.8220464645332942,2.3383939738360535,2.474497211495589,-1.0762958003985372,0.3035020970802702,0.2854868093551091,-1.5013290018487049,-0.2883743744242262,-0.23840672572542987,0.4740978923713471,0.05255505519323188,0.2031596371857946,0.15413263901837213,-1.5392616820519562,-0.636767539620421,15.52069869466086,-7.418924566301634,3.415223627066954,-0.45921788531959973,-1.7901911626562967,1.344381062978504,-2.249684340063577,0.9430350885569838,-0.6796190192250855,0.007267077165188601,-0.48176508560363424,0.2731189694970341,-0.5196874619414492,0.6160998163077971,2.252959432577585,-1.9554585921208012,1.1145496798176429,-1.0680115275976845,0.006737595577309455,0.4174999419380385,0.6481084234927739,-1.9579932600009933,-0.9664707832599168,-0.05026705412132417,0.20249031829011793,-0.15788338514856087,0.517412278787701,-0.4034012932214104,-0.709634401920894,19.195087296147676,-8.446449496401344,6.7875407527621805,0.8206435914235406,-2.4616770201811313,2.297043781055185,-2.7416058389799254,1.8584634521330339,-0.48343974455526934,0.2510802053684617,-0.08856412726231651,0.5142626480656618,-0.7116292910099663,0.5606261474001676,0.2334345369872169,-1.861605478919219,0.16162287090997512,0.07669243523213214,0.3015253947939452,-0.43196638889561817,-0.7419804189680542,0.6076760390761504,-1.3393016972426832,1.3859750651334055,-0.6647836694428765,0.021938798955031123,0.06127718888638178,-0.6250263609284681,-0.7255053579582486,0.8025755853923402,-12.549621770925786,8.43608832296959,-4.7155602287065514,0.38963159123907454,0.2786994137036569,0.39613885976427005,-1.1702096642578292,1.0530848716509122,-0.7680869546224712,-0.8187449719907258,1.3982875154759045,0.41203215260164516,-0.21063461291253255,0.11285255222846255,-0.8675282929230512,0.006093872177699844,-0.7631423407917223,0.302108825674512,-1.2992671417227133,0.9121453480320358,-0.21294696313134617,0.7741704673858882,-0.2565279040466905,-0.662936565851748,0.2736074008827949,-0.18440960860266875,-0.23365773535573034,-2.095496323506746,1.9252312285135194,3.7437962609013966,5.633910091695569,-2.5987901766268124,1.16455716960308,-0.36252994112213066,1.2928901076875723,-0.41428565562044806,0.7833358110483866,-0.15611394506487597,-0.4288399921540621,0.33747966365457527,-0.8699265804122643,0.6290477280066714,1.4028826446218359,-0.40755688723286765,0.6798307065087946,-1.1809513378816334,0.26160360009805894,0.44192776394810757,1.6745623618695151,0.5634047680504367,-1.4821288013044367,1.0416285688138183,-0.7498058221537343,0.06008358654009489,-0.20266312591786353,-0.009992156264696041,0.3705442719308445,-10.973722872459337,-9.637799541980298,2.9131903828055297,-0.06997917507650518,-0.34419379891366814,6.85699651561326,16.195667748721885,1.3388665064389507,0.16302494920777383,1.6779538831038299,0.7229950609713025,1.3232113653742983,0.9542152517227012,-0.03435139074559715,4.809856426529232,1.716038437288079,-3.9026336802155805,2.3651338013578136,3.4988733666107406,1.9305203394366768,-2.50146336411528,-2.5199044500219827,0.3065229644263028,1.6295459630076394,-1.0410763678507609,10.769711918301903,16.188949652406293,0.23236101926807112,0.31891040912485563,1.6346062329205189,-3.4161005262084405,-6.36291900900405,-12.300599812347373,-9.171300852895342,-6.533974526368314,-3.1327276852705817,1.4924513045500432,9.589448303715132,9.819326628427852,10.881919943305986,3.3772012422001416,-4.587187774698684,-10.166555111377683,11.411114772453866,4.240626878629066,-6.976229359394281,-11.566643142087672,-0.4526997621659402,-5.000682746395899,-2.5428827518646706,4.837687999194521,12.645682734119191,-16.39292572556897,-0.6037951468001174,-17.84196090630428,11.804512728941075,0.21856821899005133,0.267211711124027,-9.323031246754358,-11.317887786431667,9.674256333577366,1.1304468063944784,21.453143820355322,-14.322203829878767,4.7641664269303075,-18.23580264399656,7.822282455107448,4.235573422244257,-3.178174310729204,-3.3760319306716493,-13.766412373082952,10.276312668660259,0.48350448304834204,25.479306582395267,-30.158310168173916,2.545137209932591,-6.448518787350226,12.603508236203782,-0.2367183198478563,4.957126702018886,-1.407399954978101,3.456723497153798,-15.0246647871149,0.372011307336282,1.2982134994917247,-3.8907650745862004,-5.344808961666909,11.721599103684785,-7.932075216729766,-24.702759791778256,12.374920165973858,-4.904603381432792,4.3127558756875475,11.852855167100193,-3.6750263114997135,-8.530166781931468,6.971612619898505,8.406835180142755,-7.2052983148886804,-0.867795479822815,-2.5685063369557355,-14.743298846451793,1.518365960869466,10.991488366179334,-2.798005497215196,-4.451520752017745,-2.0072889930447757,-6.232498153784757,-7.788996900194953,7.844510472066707,-1.855211635826126,-25.250167800640146,2.1236937747033977,-0.9797133093327935,4.125051695628764,11.83266920349166,4.492297485090192,-7.258762321474725,0.21052679692300447,12.337388838351217,-6.575900206032835,1.3640198217868509,2.2475080669557395,-6.571073076615602,-7.113412273954175,11.025909781112585,9.376753741809006,-6.759894524383235,-2.4151550267634456,-12.110970458699573,10.48310646991733,-0.2407869857543193,-3.092990972407048,0.30850499703193185,-3.132422991306838,4.72658561754452,0.7223488370281488,-5.1726691622212115,0.02976551056293517,-0.22839556811614614,-1.4134571469362323,-0.1166375691770202,-4.7959844532751825,2.154093897996483,-2.5242958282578924,2.6084313120254796,-4.382935253136681,0.23712084548344772,5.028483772732017,-4.581643537658237,-26.44043999527005,4.805065721168737,-7.944127241758472,0.7686113651232915,2.1720698737932618,-2.0341461563509724,-0.1343463688450517,-5.549941325090568,0.9341620960346602,-9.941304024313192,4.583419463435679,0.2517970967825142,-2.7142699947086637,-0.21165359488720908,1.9200852766682697,-0.2435093749577646,-0.7626787278018893,1.2684437928597712,0.5242080757607723,1.4405835892784185,1.145237188968667,0.9725858964939431,-0.7219084046918562,-0.8460215636041662,7.469276970817369,-3.5161430745428754,-1.6701723263985144,6.889588011093165,-4.167026529150669,-11.458412793001411,11.161693735731273,-4.467782429599396,-0.38417822431480486,2.0324166603366693,0.764290698065496,0.8210441904437139,-7.60358226171064,2.4109404069692983,1.1144832108511702,3.594710707534921,-3.107318624674088,-2.8876490700047164,2.5801807470863247,5.9843182339024805,-2.2644290816804027,0.5805367286012699,6.775505701915473,-2.809236743992052,1.6176090366771132,0.7994261472693625,2.3902134604006244,-4.029645702945321,-4.566095777175264,2.679850693397068,-1.3856623873795106,0.027516508676943538,0.5721589239329027,-3.05656294447784,-1.7051445642902112,2.923132253660931,-10.311728620632842,-0.552346513183991,-0.6807043373563537,-2.647458427579215,0.30653438326107424,-0.385106575970794,5.741749756471578,-14.884888996935787,5.591820748161147,-2.300683867300414,-1.9629332541551232,0.6217734294163819,0.6516690309107206,-12.301002305596775,-1.1195540038291398,-1.1222870022116882,3.394088151968436,15.561191231234528,-7.120892399238523,-0.4584406855201336,-1.1656642634789567,-0.8108714333680795,0.7933842400339809,-0.19658635720072928,0.43998550990623925,-4.142572466800723,5.7925024856572795,-2.220272558214072,-2.0140157753203853,3.2218862749406263,-0.9149835706693531,0.08451405238623931,-1.0559668366092272,1.076434741577532,-1.4945581567717048,2.151242221513403,-0.5227066792535282,0.5077223888958665,-3.557035923086551,-0.9252510536957794,-0.8719545832665129,2.8744873695601276,-0.9392064474785304,1.2893484805977242,0.3747487196147131,-0.9568562255789586,0.5097511289969224,0.03941221279729484,-0.984007745004479,-1.1425104813488178,-1.728217283209177,-0.13732020397735623,0.21908251216125998,2.930663737656666,-5.357779591253438,-10.59865902026442,4.030680314532218,2.1218233652238214,8.556407710907335,-2.9250024501122853,1.287356190947771,-0.832486520221558,1.0853851080936656,-1.7511923547270498,1.7013146252575118,-0.02472955439312816,0.6305295888193808,0.7947428763840109,3.962515249692513,-3.694850469244547,3.830560642308452,-0.8742550929084152,5.244673309037151,1.3214865634796031,-1.116587541488897,0.9942382933292542,-0.02761902612295868,-2.7604828556036387,-0.8854961534102663,-1.0661380362174244,0.5393601919451824,1.0562621389451177,-0.6120511621964834,-2.7124431481404025,6.970208914109904,-0.4893649477862493,1.733779801000606,-1.4224081634024575,-1.3123325656838698,1.0872203417789048,-1.7053503347216044,1.0748687435950832,0.6461166464174931,0.5656873986300808,-0.19067646777974584,-0.23246453787529647,-0.36447496070310625,-0.09220036708056759,1.9733436596007938,0.32223563992650256,-0.6391080590329908,3.5084914247903964,-0.7569902787018121,0.5292991606778593,-0.17758605755739923,0.2980436695011321,-2.017502056188388,0.3116182265596779,-1.4564606394563404,0.13674589420603947,0.5995132546439254,0.23195558444306139,-10.58257302005604,2.866213493097052,-3.1280975995349523,0.9703846310456223,4.569991410316721,-2.9684356846998194,1.5373225147798113,-0.5555081611667553,1.364710348904374,-0.1805408367469891,0.650461287475026,0.10175391197692496,0.17228138063005366,0.8009944483175937,3.382333287784451,1.1745269591231178,0.7287586378455584,0.7622305297388651,0.26499237463957825,-0.7799081719028477,0.5764913417169153,-0.44794762907870733,0.4844220792287819,0.6944382359465239,0.367930655332363,3.0234411104657686,-0.9116630364677883,0.991164270687096,-0.4532337166076176,-10.604731713215713,-1.6234256015074136,-3.9699712724515943,2.065979978175134,-6.205482192400353,-0.6670005439429869,0.45360596232916217,0.25222766999255397,-0.2750516982431354,-0.5878921811547511,1.0583960868611348,-1.29844444501207,0.7945860841909902,0.5643039721954777,-1.4823970456485933,2.530558627479593,-0.6961956656475903,0.08570100394289554,1.3404119943553239,-1.0390202852269894,1.6468604854743902,-0.9371781621584384,0.4547559204632688,0.15992498785285442,1.0264003583896275,0.25175984976666577,-0.9367931176137977,0.08185067782285846,0.11392380787688101,-3.5345282807365432,0.6332328477757138,1.61909423193605,-3.131214030401634,-1.7005286048268884,1.1267725382530582,-0.43369855712816185,1.0081507081192285,-1.0283589298207325,1.265031434717693,-0.14410212981478088,-1.1419802813223465,0.3876615419639971,-0.6416765624372349,1.3912812573628544,5.090155826114869,2.9675131202049143,0.7137113414924504,-0.9798031857155062,-0.19667223575940804,0.7218768337389273,-0.5503385892632104,0.11362007693409293,-0.6574569297390935,-0.2965445046227052,0.779496481916387,-0.20022017492182542,0.7086443621755825,-0.650593728997696,2.448332978410715,8.015000152914482,-6.395792911572874,3.9337545331069643,-0.8700242987039919,-1.5671544768901637,1.8162873712820535,-3.824032784440115,33.42080129643027,30.727697499831372,32.0090353561331,31.253547077151083,31.49123111470117,31.45027162813976,32.59379308887337,37.833106384767476,38.22865589703211,36.71659340340187,37.49255010560728,26.734810676366173,46.00116981114914,25.525639081074488,49.61569484031609,30.329702454658158,38.10127372352175,30.706955001082648,48.35568328132268,52.244577224686815,0.1600914054462514,-0.2912100575214799,-0.11458729326951761,-7.752104985983002,-10.938014299190542,12.128687303382952,-15.39229798382577,9.585329329392332,-4.112844064631441,10.366062963904469,-5.594271158314195,-3.7887657736659124,4.3750016450420075,-10.030563143982565,5.589135654722292,-1.1719232380240572,-1.164523132056859,-0.3278054503636721,5.640043192172611,0.1428044696276691,-0.24611109065398695,-2.1860964110971546,-1.5230824428413061,-6.2456059110849225,-1.938466214412498,4.5168777858098865,0.6461090006323477,8.845663557299225,-13.417644474112135,7.995233816418942,-1.5490379204439857,7.468022068826804,-2.2039681249266243,2.0800731271285087,-9.601920222583034,-8.249914786649791,7.656118801990723,1.2887297879987882,15.449263024351598,-13.34828218747229,7.809689604988685,-1.320843962512226,8.470526262006839,-1.8801035202023986,0.5248816281126164,-7.576215092277159,-12.10307192947041,14.959207137936442,5.446473871322317,-1.0338316598004058,1.4135318605366636,-0.09969330965011644,2.348813937881132,-0.26753128243421403,6.772454647321315,19.845363233996757,-0.7061947832000556,5.198398810523383,-2.6984100790870347,-2.089913079929888,5.140459792959882,3.14700156380582,20.400346998941924,-3.1792716469360673,2.329690665609418,-4.127409122806066,-4.1790006589088025,-2.1063230821295047,-3.368506567847295,-8.851919245162819,-11.141446772103592,-1.36808728600985,2.2356946244060207,-1.7593073245118385,-5.6654202162856,0.6230723377411009,-4.873102996478438,1.4951169673125895,2.696871417811114,0.9312562357001044,2.5712981545641442,-2.8123254688852617,2.8499496251468943,6.641565697405709,32.66316648065519,-2.8867911490802753,3.158807762316005,-2.935641448385591,1.7311513210077862,4.8578376374446215,-3.1626842295715174,-4.872993764998203,-6.164728894700302,0.7105435098211753,-0.35169364499395617,2.84307946565556,-4.393982190420092,-2.7230198736732643,-11.994204906230191,-15.662466896781416,5.364904391961173,11.978067008832683,13.781594779288111,-0.060597845674630745,0.14513837600436877,0.22177547031169292,2.0514005565642988,-1.8195742331983682,-12.121641463646027,-4.178546063628995,7.254032698141837,-4.011850475728627,1.88986221506077,-0.3336931429504971,2.3267315861914692,1.942585021227253,2.154234299807381,-1.864757958934659,-2.3120560229972664,-0.7753448848573175,-1.1838875206703212,0.344548359355079,4.373797262059819,32.334172667808545,-3.2883343540462486,0.9845573837230828,-2.70392697400131,1.782517798664793,-2.3791806787306604,1.8824759343599757,5.47911612352704,3.5398212742829056,-0.04171254539979403,0.4625495768579722,0.6800846253149413,0.3885994607833447,-0.6578010333209832,-5.986371787433761,6.946687249910264,3.7378445678961216,2.9657785966159063,0.33370136211547635,1.5920496936913135,-1.0363896514745294,-1.5849294888706684,-2.43656077088357,-1.8790666072374929,-0.8093247761321862,1.697763967268412,-2.0825890287466824,0.6078356428632051,2.5126039267756273,11.57686398144211,-21.499900271281362,8.447737911931029,-5.330010715869531,2.338116742396837,-1.2828250202699174,-0.9572654900529776,5.137784122526395,1.150024444336531,2.1297156717322534,0.627124718358653,-1.5243644767010336,0.8792999891933865,-1.3472064407475761,-5.795614297870303,23.690939894683876,8.725162278444802,2.425376348137564,-2.1878116988903886,1.2285634213765488,-1.5346028262591722,-2.505077247681262,-1.3282973684130643,-1.3856286063559684,0.03573441159090936,-0.02135605046737258,-0.029948756271190858,2.184335737693874,-0.09851781085162105,0.1850077581238974,-4.671348791986523,0.14329589181709873,-4.602125898063657,2.5248189127495,-1.250473660041142,1.3631412008965127,0.8103629809904735,-1.6898291846911482,0.024402298069080144,1.359219396949727,-1.9484452734661297,1.8995916591793949,-0.59511317346561,2.4180210236509434,29.886614627802526,-0.6999749241193747,-0.6638764678321293,-1.5731137980377181,-34.57341485321808,7.338322752976571,0.3881560987167788,0.09087232521047431,0.07362769431250925,-0.13230962736468882,0.504815069602178,0.6610831084449582,12.383722632570487,-14.990112405989347,7.200993533223192,-3.9034132186011608,2.640093171576144,-1.2515757197022548,-0.04844191931756153,0.2548235349190613,-0.08351582134683463,-0.5761117107341022,-0.9982920258360013,0.3814960267141076,-0.4134218619518909,2.9237249285797997,1.3379090949723749,-1.2940137004512522,3.338967728850061,0.9941050661335958,-1.1351488257994775,0.13479126346541798,-0.47135554259875706,-0.07367957245917447,0.24685012436998954,-0.2612527962570655,0.8805010891497218,-0.12268964729704562,0.34932456978263526,0.33067316790128254,-5.598481804258641,10.157442768756754,10.59166233619053,-0.27710384143988587,0.5938691598582864,0.9482790526792171,-1.5031717675448326,1.1333778647398554,-0.6814781046516863,1.1262153023491166,-0.5674976144567088,-0.29619400555684505,-0.3848413874949289,-0.8589130646034614,-0.7353348474058286,-4.609635842107256,3.1065893857648037,0.9706848650047762,-3.3373433509382067,-1.1464522865634588,-0.8115023992707767,-0.24216849792820963,1.005441500946759,0.10472179369285162,-0.53632280366515,0.9934111094345135,0.28406539681596804,-0.09073957675171918,0.3249453249940357,-0.9244677707953869,2.3026089293935326,-16.681950026716454,4.633302687432136,-0.43733878191705694,-1.7977925428131334,-1.7227285854009808,2.5741116399895074,-1.7709582261524404,0.27893133657409513,-0.5280963603295825,0.7297839532065414,-0.2733219281159364,0.32357413984737676,0.40280224844422186,0.1652887275442072,-1.1502747454663946,1.699111972779495,-3.1747261641166036,0.872380587981646,-0.6309772481416662,0.11539020136051784,-0.705673825898108,0.8319668705805429,-0.461134517595141,-0.39074224322224294,0.7378117484961371,-0.25809159409309546,0.552402686844292,-0.6948089292140573,9.17850764638798,-19.832251639318184,5.673565530419576,-4.664948262670424,3.4905367194872547,-3.3168055968048087,1.6218036351123524,-0.4653243182523958,0.12354024189174098,0.5316136221611392,-0.5411121699029645,0.03638911322476944,-0.26611124870731867,-0.8031623926036602,-3.5024673158421886,2.966989655778822,0.12458029873106516,2.2090584390684875,-1.667567513022838,0.3989960907418366,0.664693315231361,-0.048506767533489654,-0.34132941791624166,0.22050646464641316,1.2142696470615497,-1.1481689992161226,0.12594857301206253,0.1360528280936095,-0.96168966318739,10.02207349656247,-2.518239163439061,10.88800692209384,-6.21038677080164,0.8465372411768028,1.463081266154829,0.01480600308829701,0.6210125741314414,-0.37815356864837457,-0.3100093905205806,0.3838831489629247,0.7007178314879224,-1.047613951986176,-0.5315689450358011,1.6187946998373852,-3.6325360595521454,3.4294681586175857,-1.5205805643900403,0.9212588725946165,-2.3300288197424903,1.2959961983656614,-0.8854296300417263,0.3821689379826772,0.5838170185319821,-0.11048120300235613,-1.051711202787843,0.39182181533968535,-0.12632196601833717,-0.12860144616991304,5.739200398206229,-0.3426952344457951,-3.6630297564056247,-2.400756922245891,0.7973440237898346,1.573854276674348,-0.26200578208828024,0.9182067551604283,-0.23097418110146445,0.3646912712512315,1.2382056339113765,0.4389245528960541,-0.34434527126649384,0.7178865073109157,-1.2407691114341108,-5.273374317497592,3.649691477647558,-0.5264421263365473,5.886680488307974,-1.372500593796559,0.32992195003835234,-1.3056730398807024,-0.2867108378021315,-0.7710132296072671,0.9326681023518336,-0.5664394807455319,0.07730452379662249,-0.10062810586254539,-0.12123150176988702,-0.3930505820517656,4.729588120076561,8.329780080817272,0.014199694371615015,-1.2345568053333058,-1.2636851691679851,-3.170633400331309,-13.454837119050433
29,20.904677315667545,17.130094052440764,22.64301673509662,16.322509115787298,21.56345371780946,18.619773116189343,21.397417515980237,6.526775864893855,-1.7051003816168355,2.7603912426957864,-1.9162626860522487,-0.6018310905650883,2.2423763458065906,-3.914124507452552,3.813786982161874,-5.471840202298508,5.874301319610465,-5.765357891502871,9.327564987892663,13.81410801976043,0.5772774663585518,-2.83564986146489,2.76700122968843,-1.8951739475965363,8.409920575738967,5.020872730798303,-5.116311202479603,2.293390190333593,-10.662816559135079,4.421217026193992,-8.23067253632302,8.78855595339743,2.663116779197703,4.262267979687099,-1.0954728640064761,-6.805420862640196,6.373906756594731,2.988468900821056,-8.544510906301408,-0.45557865857254065,-0.9311124607083022,-7.504303699317057,-5.345541861625112,5.476617555124356,12.564877805210928,3.993868806482493,0.3538867242881786,-13.941732416354498,2.7271377148175495,-3.579144359557763,5.839323969094316,-3.3625214587610803,-4.802840513898306,-0.8958262530887335,5.612130913081909,9.762324974446619,3.9792356394150246,0.751419127504283,-14.749998247034858,-1.3601806093396636,-6.637750413197503,9.740653662349887,6.5588286523525525,0.40903350472386035,2.467889351757969,-1.5704828623553542,10.314787995640772,-12.471249815944944,3.548373363053642,-1.3659539855861775,-3.7471998400138453,0.7818496153805917,17.075921844175888,5.0905336313529945,12.895433593860986,4.514664720465131,-3.054496140250779,-0.35874135881907493,3.240611369664324,-1.5129655364249326,5.704851625557349,20.098960046066175,-5.112589688510917,2.7742247539313203,-2.9254955885621743,3.754692592159839,-6.7119130734727515,7.178857021844622,-9.168986089256217,-15.380863058351919,7.934570960846913,-5.606353213076968,3.6876436755950737,-3.9350748432726714,5.600573441072389,-12.079881407749076,-2.1918892849297626,8.923069227102268,-5.493801372649978,4.049745731327813,1.2772589153718257,-0.015816261722375696,-4.004269806700392,16.118382345335128,2.972070326477708,-0.009064144911457364,-0.4842132844456558,0.6715532409664873,-1.062265627653988,3.2681765264422786,17.2225110370881,-6.269551537295527,2.7491514617663135,-1.716391424744374,-0.4850115975865699,-4.830902053889748,6.925145797488884,-3.4779627853875077,-13.177060618025012,6.148670293315578,-3.1428837277864656,-0.014793418949836056,12.32192853754475,0.2079819435357049,0.23783905188085508,-14.683396128067193,3.082507408677912,-11.874207892752194,7.932019258679583,-3.5255483041717914,1.322128977679233,-0.9234955796302546,0.2842896431984,-1.0220690403435668,-1.1029806851112482,2.359952952201419,0.40267278231045556,0.059134239407438435,0.7479647395200546,-1.2347045311787055,3.66896216812045,18.093640407457602,-5.129466022818957,1.2301658655456569,-0.2884511057779729,0.6395373570647986,-1.6809429944325907,1.2725011053452318,-0.4400947416117598,-3.806915462027443,1.4035125922552345,2.5860957570815604,-0.5312453905688133,0.9432083869970493,-1.4233254863170581,-1.218869578110419,2.3983632830733477,3.9076560806695335,0.0035876612433936566,-0.8000523173066694,-0.6766643601159955,0.4379754733048607,0.31528092673175195,0.6209447069412511,0.898834287793543,-2.680219205173329,1.0495739198125005,0.05646425786610964,-1.5851319466929854,3.197124594567752,11.749733836043367,-3.962496172011786,6.134777398833661,-2.86107714434169,1.4462509088172377,0.8184839043075036,0.5012131209572864,1.85088377670262,-4.524996909287808,0.9738759394566455,1.7951246669632446,-0.7952034630007595,-0.04152477804677274,0.3400329423897629,-3.8157502872306472,-8.174796616744876,4.171496340241757,-1.3978494770980285,-1.0760054657900726,-1.533973589654081,1.1183551520997095,-0.6785567748886621,1.7475262580484896,2.9527427273053037,-0.3131151850924594,-0.6155718443540561,0.5714059125199523,-2.343328751896316,1.7085307072821632,10.576417563685776,-4.105466479323051,3.343384877818383,-1.1729964623700486,1.3254320438876614,-0.4037645489824851,0.3240424834419451,0.5392636166406974,-4.42229068155755,-0.7792551848313068,1.9649077217952888,-0.04608009681998199,0.7104359400240928,-0.28082577824139304,-3.687452201958894,-12.155311359426314,7.061786076031716,-0.8997691591119134,-2.0159595300523323,0.17877933524811432,2.046346355216441,-1.2429100040720575,-1.3967534699703297,-1.5623706090644514,-4.576829903285659,-10.795424171163067,2.852155039127969,0.7656966274931749,0.666906722713499,-0.4226477130078963,0.1072768720132675,-0.31300355957412607,0.4130737164394214,-0.07229069885830178,0.1374112179969102,-0.1882108640729987,0.13557161898874517,-0.008108966438604972,0.7856536446303057,-0.498998431875284,-1.9549816562174107,1.0436630496820631,-0.5771672234152804,2.0694785117314205,-0.16133508012606526,-0.2945269122162416,0.3533612733955353,-0.7525449213145199,0.032556078618340215,-0.811353989568905,-0.489318087563892,0.5190937058589863,-0.07335633639997306,-5.297622071712019,-3.4058085788468495,5.099377220983298,1.9769548845397278,-1.001680458134643,-0.5924914668561209,0.21896872405619341,-0.003885658180560518,-0.5656249945636772,0.5516612828987256,0.31803051017556444,0.31078188385764055,-0.13320882498078698,-0.29895657921987584,-0.3186670059467592,0.523866669751425,0.05507947872971462,-1.4906089265021931,0.04941233484335472,-2.6671292413414,1.5583748523820555,-0.6383850280966507,-0.22692960380557464,0.45251855657902634,-1.0837635550645777,0.2129585902669474,0.37969093143121607,-0.11420118330627492,-0.3502080893685687,-0.2151048268958722,4.724825137369338,-0.7462344575525031,6.619893882058272,-3.5519284572546463,0.9524889459989508,-0.47133590457895863,0.7548208814558448,-0.15626326726857934,0.14298766950325326,0.5859413335181073,0.26477212981144066,-0.2719558654016303,0.25218492956362243,-0.4074153304963787,-0.1656873207093906,0.5451151852432997,-1.7181631437865892,0.7023340423918402,-2.5681038065162314,1.3766638589325644,-0.4824739398069206,0.30038310415018743,0.16014239040633643,-0.13920887179826294,-0.6999675450208387,-0.5124842058953559,0.25870283631489027,-0.31343211957188205,1.1732460802163902,13.832594968119167,-1.843867049556992,-0.3219759079651039,-1.1223652263098127,-0.43921845922546754,-0.001957743766181794,0.7008105985031294,0.13902359430785585,-0.40947778776501564,-0.18176151516623898,0.2717627229652969,-0.14995035165199344,-0.23213749277018025,-1.1180053405715027,-0.247250061282419,1.1925109676666705,0.753260880499842,-0.35866848343388824,-1.2961836530593955,1.7233408799093066,-0.5631894535654688,-0.21756018440062597,-0.24017031993361548,-1.2167046473387058,0.026979177770804035,-0.20642806819584467,0.24105763816185855,-0.18930975574620365,0.1413970443891123,3.433681285497966,-0.4231217326786351,1.0634861347626083,-0.8509750402957218,-0.052962661485065246,0.6847920091229767,-0.4742281954194427,-0.6393391279313594,-0.5754342551373692,0.15694791117087728,-0.23475999454794244,0.15961893170386512,0.10658687120964166,-0.5834291597350081,-0.584905956568914,1.3868367905201202,-1.9944267881357596,2.2249156843294946,1.3383847427318991,0.25506045983658265,-0.10067287846563515,0.2019030342672541,-0.48909120355413327,0.00954456027421801,-0.22691273193301978,-1.1679908777042138,0.20037208387525937,-0.44565282626064057,-3.5304361127646025,-8.064913173203905,2.04663943227063,2.9318883510952416,-1.1131629769240579,0.06595782379636456,-0.09127671958774311,-0.8599566206376902,0.5857418629753114,-0.12972504144243102,0.21367719796508264,-0.2125750073618242,-0.035580517488565236,0.20742441832719605,-0.5980079231676324,-0.8038315716296512,1.0290743854538589,0.7616416339691436,0.6934612931176044,-3.8575730970105133,1.1718764573891671,-0.3249388350565386,0.3698161541566548,0.28755413785469475,0.14754978934313764,-0.1893371550382814,0.08968267464186201,-0.008066501514299163,-0.28126971463448336,-1.0108657848161013,0.7712383312522338,0.24125338877166122,1.5724124947722598,-0.7729317940534902,0.5254187965101649,-0.28214170501514874,0.7511673048685739,-0.19582966859943376,-0.3842535280318719,0.8036532179250693,-1.1078838715485062,0.1977752521756427,-31.22199938881978,-32.45830972217054,-35.46826764320699,-27.128604283932248,-33.7936966454395,-32.87730434976393,-35.644704770692506,-7.175715031751125,-0.2682782805024968,-5.562398079184559,4.255772641783356,1.1481900962155922,-1.1873874001692653,1.9225288856109983,-4.663091548350601,4.660807217312559,-2.764972782341836,3.552077330320076,-7.484718267307063,-10.623180562759895,0.4713048505257543,10.020618796495663,3.2832330790393227,-2.856038082489169,-13.603764915989714,-13.478354574532764,-4.476172403770875,-7.133354119521439,7.220977496805258,-0.46074495371800295,13.881779435621842,1.5041406797989587,5.185123837315236,-6.293378883969701,-3.5558658848641667,2.9340876044052595,-1.625223742064794,2.5252656796574335,7.021569164479378,-8.278184778204091,0.7574884506199827,-5.86216289976585,3.0593081482978977,-13.494334176112881,-4.990553365433903,3.732606620518593,17.79519856847287,5.882209047319342,-5.085082096868296,-0.39915894832813714,2.3395813837436634,7.81931536333995,-3.9271157028585804,-2.7710929056122424,-23.891237406037796,1.7631350597680022,3.3890020491466357,18.087196833582734,10.763499832044786,-5.331273005221591,-4.571568409011401,-13.799886660026342,6.792005135427047,-2.299001967961697,7.724244070705125,-14.605830923366234,-6.972373658046849,10.86943453248425,11.716144931732352,-10.737439465381865,4.0530693816785295,-2.9978092311125915,-20.95254572058718,-18.11116345607065,-0.13805026771271398,-1.9161233995566616,6.385540893489146,-1.0634266703809054,3.3458942528808633,-5.984848791737892,-4.016233149910082,-30.520909861501025,10.275823125175602,-7.446807359722236,1.2732970117152722,-2.038287869781418,-4.4449918265954915,4.217375791564824,-7.127785712507775,6.0506956542059225,-11.323038202276438,2.602141843427941,-3.318315642307759,1.9809096765318057,6.740314617574672,8.737084794416587,14.234790654141092,-8.561281715480309,6.208039862142461,-0.555705939917659,3.845879819646528,-0.8454899303506801,1.1327557701825293,-8.91867433206965,6.676735242074982,1.2381579907880482,-1.0170991572576336,0.013563858661588907,-6.033746356387089,-2.0817344337340615,-17.79379391688279,11.45628804706805,-5.999567389835768,1.6735924219467921,-1.621881119606753,-5.193420995780139,1.7097586019135462,-4.433406959297495,18.309662035859187,-9.87656344064671,3.8104477781892556,0.8856906603273833,-11.961092998824153,2.934516062550098,-3.287913517444666,12.665619277875194,-18.694021385214217,19.530133021555322,0.6871458773825702,-2.8910109834625723,0.3790552679672393,0.7369963231669027,1.1228906189060965,-2.2561181496874827,-1.00652270889222,0.29158283792732104,-0.6473722406270149,1.2949310503782008,-1.6914003394096495,0.37441007148414684,2.065262791980966,-20.122020257371968,-7.573862700065688,7.499967141572142,-2.54290091150397,1.3757836586385979,-1.7286733241913728,2.9212172960745244,-1.6959130734223218,-2.501697192626658,1.555709292517402,-1.5875975484904685,3.942614538572924,-0.726784936991707,-0.3392204667583365,-4.398601688197672,6.3883375783987795,-2.455779572323082,-4.242650015199652,-0.6481116736878819,1.0529231917676907,-3.079125878541901,-0.889156876217801,1.41007262036561,0.6936774931543415,-0.8846900618206591,2.7793578980083624,-2.4118189717945855,0.7114684166585108,0.15854152076385014,-19.033218846137732,-0.599996459118252,6.986597490159704,-0.0704989333579861,3.1123948909980763,-1.8958330634362184,1.62474769350414,0.010150684457461503,-3.1829955206160108,0.3728562416501387,-2.012196630915318,3.618204929366277,-1.6568967751523025,0.31999155145938,3.6937431141854042,25.81523782140644,-12.487917534292803,-0.2092894858409893,-0.010677092059797,0.17546874848099367,-1.5697613191078035,-2.3406915185499013,2.8369007033051585,1.8663725498312056,-1.9939523825281704,2.4416010609471734,-2.011745799651507,0.34586383586267694,2.220694772009463,-10.776240223186814,-6.129428892891706,8.4706289344303,-1.6387993349326166,1.0173523177243788,-2.2116548330571,4.513833643462404,-0.9979330531092137,-4.261740195104156,1.0895161184630937,-2.967501576309255,1.7972348752781215,-0.5285834028526741,-0.45799388984983974,1.8202509247841392,24.9378708914504,-10.358030652271134,-1.7759094279035172,-1.7947621893043428,0.4514880032985655,2.3841142750028435,3.2875339132284735,1.8261066397535033,-2.305793824486002,0.4559115090575979,19.075450589721786,-8.49952637665749,6.7875407527621805,0.8206435914235406,-2.4616770201811313,2.297043781055185,-2.7416058389799254,1.8584634521330339,-0.48343974455526934,0.2510802053684617,-0.08856412726231651,0.5142626480656618,-0.7116292910099663,0.5606261474001676,0.2334345369872169,-1.861605478919219,0.16162287090997512,0.07669243523213214,0.3015253947939452,-0.43196638889561817,-0.7419804189680542,0.6076760390761504,-1.3393016972426832,1.3859750651334055,-0.6647836694428765,0.021938798955031123,0.06127718888638178,-0.6250263609284681,-0.7255053579582486,0.8025755853923402,-12.549621770925786,8.43608832296959,-4.7155602287065514,0.38963159123907454,0.2786994137036569,0.39613885976427005,-1.1702096642578292,1.0530848716509122,-0.7680869546224712,-0.8187449719907258,1.3982875154759045,0.41203215260164516,-0.21063461291253255,0.11285255222846255,-0.8675282929230512,0.006093872177699844,-0.7631423407917223,0.302108825674512,-1.2992671417227133,0.9121453480320358,-0.21294696313134617,0.7741704673858882,-0.2565279040466905,-0.662936565851748,0.2736074008827949,-0.18440960860266875,-0.23365773535573034,-2.095496323506746,1.9252312285135194,3.7437962609013966,5.633910091695569,-2.5987901766268124,1.16455716960308,-0.36252994112213066,1.2928901076875723,-0.41428565562044806,0.7833358110483866,-0.15611394506487597,-0.4288399921540621,0.33747966365457527,-0.8699265804122643,0.6290477280066714,1.4028826446218359,-0.40755688723286765,0.6798307065087946,-1.1809513378816334,0.26160360009805894,0.44192776394810757,1.6745623618695151,0.5634047680504367,-1.4821288013044367,1.0416285688138183,-0.7498058221537343,0.06008358654009489,-0.20266312591786353,-0.009992156264696041,0.3705442719308445,-10.973722872459337,-9.637799541980298,2.9131903828055297,-2.2018470633723353,-0.2302112603922789,0.06370483246512504,-0.22210008330970338,0.9820772610414538,-1.0232803797186438,0.6555273860048084,-0.4518220679507507,0.8255178589077816,-0.5302494370304307,-0.5503932706818234,-0.4605912496961478,-1.9099027113004787,1.2161094238898256,-1.8292703635725722,0.5881251168972654,0.648764153483486,-0.2150728269689156,-0.21047683336692563,0.6398345407305698,-0.17411315229665644,0.8532137790615252,-0.0415360026301195,0.20580386311768603,0.5718093677735959,1.787229283051093,5.656873278240303,-9.6056555258108,2.2346665901793417,-0.9317113544439629,4.347131130708956,-4.696567930258968,2.013267556881411,-0.12784683540088249,-0.9225780959465255,0.4010825915670461,-0.41584197567252296,1.1003957023130115,-0.6896462379807133,-1.3595567154753643,0.08825848043760116,-1.6389688719049211,0.6727781813827671,-2.4080848943635353,0.3309437980423849,-0.7069025473247288,0.7201757048664118,0.21684690104692722,-0.05999183769161438,0.6832298355801765,-0.6531987742299393,0.10847713176009402,-0.2416061982419848,0.8478640005174022,6.772719732197856,19.12497598909776,-9.104606374367862,8.250630766074416,-3.090237402607012,-0.04711230740964874,-0.30371740960130267,0.011493742396375524,-0.3535995679063128,-0.6090337941655168,-0.4896271660086965,-0.15180154186780062,0.9030975916135217,-0.40504446151014123,-0.8135308450830928,1.385766578916645,-2.013795805547494,1.2031480981254568,-2.2418913155912468,0.30247415770560626,-0.1148163036156347,0.9006062564634544,0.08132945488707385,-1.576607464065171,1.343115711318542,-0.834754583917027,0.03232855488139654,0.17795914423150247,-0.22746593990014768,3.6739483994285798,11.10792225548313,-12.831174481715209,7.993957981725761,-1.885087680662731,-0.5731671367619444,1.0635737960272897,-0.44638850549698,-0.1813601794349134,-0.21514085853429782,0.9411410950927521,-0.8276037047376485,0.421592482165602,-32.83255702894047,-35.327933978253114,-37.69677109009402,-30.283600630166934,-36.48345887545487,-35.62433421559346,-37.0383391314094,-6.6454147036152165,-1.7330125273901078,-1.0672097707417108,1.5004114783336342,0.4098494321089219,0.032845186893401435,0.8734458105406012,-4.469152722274741,1.0402492996247505,1.436030060774464,-2.437522185735978,11.242863045545915,10.179003913394643,0.22747571100848468,7.315851945603723,1.4229264384634228,-6.7626436517387845,-19.97856256418751,-2.541741898508602,3.786366269467208,6.0301041726434494,11.52959721891523,7.216404690276341,6.444690733418284,-4.131032406765402,-12.234466101246767,-11.42113758587566,-9.690098200461481,2.217139640739885,-1.6583771666626135,13.281619231563049,11.065347120126756,9.955287128291111,0.2910376940427227,-5.522331394043966,0.7031841300484174,-13.799673420672748,-6.661290134170456,10.36892147877627,1.23999912017149,14.293410032720399,-17.27091877610321,8.478295771000584,-5.1411411883569045,17.187979270967656,-2.9956144568333736,-2.320720871839573,-12.168800147772798,-8.798460576487408,10.82020485383115,3.2647392551890495,21.109398339812348,-19.369809286221592,4.7435922917277065,-14.011753770227642,7.470719176261145,6.466331750006152,-1.6906331329058588,1.8629218186735095,-9.72330031512797,9.261767782226045,1.1408753813932893,-4.599630282244127,-2.3118423454641324,-2.4791664434505054,-14.972037804065174,-14.758427511253368,-0.04592253702943773,-5.1210757151214255,-1.5807833370569038,-6.361931990350404,-7.788996900194953,7.844510472066707,-1.855211635826126,-25.250167800640146,2.1236937747033977,-0.9797133093327935,4.125051695628764,11.83266920349166,4.492297485090192,-7.258762321474725,0.21052679692300447,12.337388838351217,-6.575900206032835,1.3640198217868509,2.2475080669557395,-6.571073076615602,-7.108719940187251,11.277764691115127,11.414139026259827,-7.04111041436902,0.1724451916438986,-4.3942000157903,-14.739749475323913,6.061513605240985,5.972567661363432,-13.553090500134779,-3.4961689658651265,-2.18323370012778,-4.246894283193994,-1.8661914512637388,9.013922556403276,-2.8733246555503125,-19.65574067667075,7.4273664525615075,-1.1273269908660009,6.254877811713452,17.113744746267457,3.4480168178985227,-6.997723961864767,-1.462687222283235,24.247514374239234,-7.822496218459957,2.9337634683849867,-0.45243254288825907,-21.099434230875357,5.859780723025608,-3.4207000512342995,3.814830879039575,-19.536398549391837,13.189120448318771,-4.528764823807892,-0.4576991192818492,2.0324166603366693,0.764290698065496,0.8210441904437139,-7.60358226171064,2.4109404069692983,1.1144832108511702,3.594710707534921,-3.107318624674088,-2.8876490700047164,2.5801807470863247,5.9843182339024805,-2.2644290816804027,0.5805367286012699,6.775505701915473,-2.809236743992052,1.6176090366771132,0.7994261472693625,2.3902134604006244,-4.029645702945321,-4.566095777175264,2.679850693397068,-1.3856623873795106,0.027516508676943538,0.5721589239329027,-3.05656294447784,-1.7051445642902112,2.923132253660931,-10.311728620632842,-0.552346513183991,-0.6807043373563537,-2.647458427579215,0.30653438326107424,-0.385106575970794,5.741749756471578,-14.884888996935787,5.591820748161147,-2.300683867300414,-1.9629332541551232,0.6217734294163819,0.6516690309107206,-12.124470908568426,2.0818707938013254,3.858733505396244,1.4726725297261885,1.0504213893615226,-0.2406144684607966,3.4096445460573865,5.364854396095208,-1.2469573203933924,5.0990819613765215,0.644583373696625,0.9993319564431196,3.566282292248958,-3.7050867739766034,2.982853649658926,21.637248240286052,-13.686886005473026,5.0170249353401895,-2.6941137223473155,-1.4712434215833021,-0.3629668184525048,-7.520186279999376,5.647062240629198,-11.521419515719948,5.363212790324687,-2.7765302832086545,-0.8283153472550535,1.8660511408830847,-0.263017683143203,-13.561650390631918,3.3119737983148014,5.452245613957903,-3.8779374327452545,2.503264878361548,1.7384827737677337,3.0303595210110554,-1.108319766055918,0.6465015197117977,6.261937836649313,-2.244226502492459,0.06954789657450874,4.776993066211388,-2.963362604966486,2.866634606795079,23.244934921604287,-8.164688108494486,2.5373892691227473,0.6414776664679716,-0.29257953524870967,-0.9118793709285602,1.123533276558955,-2.2731033163710332,-4.595045319519427,-8.705398579194037,2.5546801396077665,-3.142623353332472,0.9703846310456223,4.569991410316721,-2.9684356846998194,1.5373225147798113,-0.5555081611667553,1.364710348904374,-0.1805408367469891,0.650461287475026,0.10175391197692496,0.17228138063005366,0.8009944483175937,3.382333287784451,1.1745269591231178,0.7287586378455584,0.7622305297388651,0.26499237463957825,-0.7799081719028477,0.5764913417169153,-0.44794762907870733,0.4844220792287819,0.6944382359465239,0.367930655332363,3.0234411104657686,-0.9116630364677883,0.991164270687096,-0.4532337166076176,-10.604731713215713,-1.6234256015074136,-3.9699712724515943,2.065979978175134,-6.205482192400353,-0.6670005439429869,0.45360596232916217,0.25222766999255397,-0.2750516982431354,-0.5878921811547511,1.0583960868611348,-1.29844444501207,0.7945860841909902,0.5643039721954777,-1.4823970456485933,2.530558627479593,-0.6961956656475903,0.08570100394289554,1.3404119943553239,-1.0390202852269894,1.6468604854743902,-0.9371781621584384,0.4547559204632688,0.15992498785285442,1.0264003583896275,0.25175984976666577,-0.9367931176137977,0.08185067782285846,0.11392380787688101,-3.5345282807365432,0.6332328477757138,1.61909423193605,-3.131214030401634,-1.7005286048268884,1.1267725382530582,-0.43369855712816185,1.0081507081192285,-1.0283589298207325,1.265031434717693,-0.14410212981478088,-1.1419802813223465,0.3876615419639971,-0.6416765624372349,1.3912812573628544,5.090155826114869,2.9675131202049143,0.7137113414924504,-0.9798031857155062,-0.19667223575940804,0.7218768337389273,-0.5503385892632104,0.11362007693409293,-0.6574569297390935,-0.2965445046227052,0.779496481916387,-0.20022017492182542,0.7086443621755825,-0.650593728997696,2.448332978410715,8.015000152914482,-6.395792911572874,3.9337545331069643,-5.927638058983867,-0.06473323520318951,0.08586230945578653,0.07208169363532227,0.24373250160161067,-1.1028364059609694,1.8547771909153672,-1.375100431505463,0.6401874566960176,-0.4263517789109321,-5.5605386855604415,-0.9180827719550785,-1.4162459216988483,0.5049052266553884,2.6955756222232,-1.9957803311825135,-1.0845228963005118,-1.2045003816883657,0.7611331558158358,0.3535267976747172,1.8066787326321425,2.4224280512816416,-0.6821492299619312,0.7366526353766206,0.1318977402977321,5.32246446269429,21.880835310086283,-6.580414465920246,3.6219686087006298,-3.256847064758949,7.007050828284927,-3.6064285255053625,1.3939819992476654,0.7289218472079797,0.3427526377398757,0.5152573761605198,-0.45747664212434846,0.06904155043279936,-0.28166503472094434,-4.73258667533731,2.7975726900249636,-4.091255416210663,2.397256782495036,-0.17619795058436666,-2.0553400837145808,2.8764789644049413,-1.4416053112392078,0.6151120476738051,0.2621570235939287,-0.16376602903677068,2.1812869000311554,-1.1435515171724433,0.2687393440764612,0.0972272206917754,5.035743498291767,14.464556247359068,-5.843625599612015,1.5531614372621214,-4.935354911703592,0.15551215864330237,-0.034639065266410515,1.1874167974357202,0.474236267872594,0.8813329358124838,1.166163379575189,-0.40592468818823335,0.1981798037476369,0.14145870528458782,-2.8021095000733376,3.445449678070308,-1.675091565830766,2.293739781775298,1.215266584578851,-2.629183077201579,1.8361979565965911,-0.860177904145886,0.5726881153259266,-0.9377434203595918,-0.14145030691022112,1.030951950476226,-0.4798372998453922,0.6958625892589151,-0.5000874439312466,5.470043067689212,20.54418966993792,-11.410969333085834,3.993899220669841,-0.33094407223920874,1.1231550679379554,-0.43138118263871106,-0.749860006122597,-0.42054362937777,0.2809472455370037,0.20433152514997283,0.7591251981740643,0.22957712818424922,74.32366494189066,72.66458669286342,77.90462208537615,68.55003649548925,76.46880404153869,71.79045353827847,83.71503241760253,31.290613785572354,48.240793886430495,30.600554848706995,40.256671340137956,29.67861059286149,41.901365549172475,33.50963306292073,40.556339754655234,38.58317384580831,33.68443805184936,43.851124460590384,35.52417671344083,38.97538223036439,-0.26184247830272,-10.370290193502143,-2.078070578419848,2.939431417285855,5.959284721235492,20.827910101155027,1.255532609977271,4.930828389438172,-1.2753849793768153,-9.95509334362586,0.011977035598475447,-17.384951072720014,10.32037015103669,-6.3345271710663065,17.217258752655837,-1.1056287309806885,-1.1074118628579823,-17.02656904674061,7.639534401014438,-6.920702796251434,-1.209983504201455,1.5732663449790796,-6.210522421514378,10.760819980266717,-2.8262207428192085,-1.5212948165459435,-9.561451757140762,-4.339133425393068,6.7963998309394436,-3.8125155526851033,-3.2031336044281966,-7.072101092002054,4.645026058137059,0.5539871443493798,12.799225598950947,-4.249225027756814,-0.07674668904311623,-9.370080374070206,-10.474973192023207,6.524849603952655,-2.9815248171156634,8.514030260544802,-8.526937031237537,10.049209006376037,-4.800808219485757,10.569749890974373,6.342621715481216,-6.978912031062051,-13.091309926433109,7.625955298067494,-8.59753834920331,3.2340570881630573,28.683125702163522,19.05473614786034,1.590132221865559,2.636669875614037,0.6767327855798618,2.675302920539647,-2.8123254688852617,2.8499496251468943,6.641565697405709,32.66316648065519,-2.8867911490802753,3.158807762316005,-2.935641448385591,1.7311513210077862,4.8578376374446215,-3.1626842295715174,-4.872993764998203,-6.164728894700302,0.7105435098211753,-0.35169364499395617,2.84307946565556,-4.393982190420092,-2.7212473782084867,-11.927089939143759,-16.133595722128483,1.637657781254174,-0.2577660887787212,0.963697022533703,-4.306276098825357,1.7519265882068744,0.1883031605857864,14.3156791536405,7.961486354498732,0.9863778422553912,1.187444603804367,-0.9379002278354083,4.431322590507553,4.282633549186236,17.348067074168604,2.4717773708769384,1.7576704437351485,-1.9315715203249562,1.5181469975480215,2.505515902727266,-1.6412572694051732,-2.092021382937734,-15.168394171612709,4.322285416167129,-2.16181564685919,2.8953251065192473,10.173049835426918,2.8537005800901176,3.621718211711254,-16.41413467237736,23.601803764730903,-24.798009372709227,8.86416254851708,-5.307074030221001,2.338116742396837,-1.2828250202699174,-0.9572654900529776,5.137784122526395,1.150024444336531,2.1297156717322534,0.627124718358653,-1.5243644767010336,0.8792999891933865,-1.3472064407475761,-5.795614297870303,23.690939894683876,8.725162278444802,2.425376348137564,-2.1878116988903886,1.2285634213765488,-1.5346028262591722,-2.505077247681262,-1.3282973684130643,-1.3856286063559684,0.03573441159090936,-0.02135605046737258,-0.029948756271190858,2.184335737693874,-0.09851781085162105,0.1850077581238974,-4.671348791986523,0.14329589181709873,-4.602125898063657,2.5248189127495,-1.250473660041142,1.3631412008965127,0.8103629809904735,-1.6898291846911482,0.024402298069080144,1.359219396949727,-1.9484452734661297,1.8995916591793949,-0.59511317346561,2.4180210236509434,29.922168659362217,0.19285804252938465,1.4100988108391135,1.5804022441845955,-0.03426234767772732,1.1724543365440105,-3.4889040284489563,-5.204602516812903,1.9875963440678086,-0.5504102974656835,2.1584388168560777,-0.6094195408497982,1.3131347520517367,-1.3287312484315683,-9.749595020116184,-31.595435281855238,10.518374706289155,-5.622055249525665,1.615342869650802,-1.1411018486924944,1.723008953639631,7.10878774237787,-1.5436851883286178,-1.3827051437715114,2.2660335262029774,-1.4736502106836782,1.5246789566311796,-0.7487898505958634,1.4383330171158197,22.234061457175482,6.3530255429159475,4.630597292692016,-2.8804169750517388,1.160455759005927,-1.3889478121172374,-3.9544386887369516,-2.59127296052415,3.0379527437525096,-1.0246382326683885,1.296925264477622,-1.831997946077732,1.001682203615318,-1.2824330229024,-8.545219963862733,-31.972708698378455,11.51420344599739,-6.935574507481822,1.7506286848047115,-0.8902289967440062,0.514087604194417,3.3956860513936395,-2.1585661402471774,3.9443364427454464,6.999154452711144,-19.25829189460352,5.631201834704323,-4.664948262670424,3.4905367194872547,-3.3168055968048087,1.6218036351123524,-0.4653243182523958,0.12354024189174098,0.5316136221611392,-0.5411121699029645,0.03638911322476944,-0.26611124870731867,-0.8031623926036602,-3.5024673158421886,2.966989655778822,0.12458029873106516,2.2090584390684875,-1.667567513022838,0.3989960907418366,0.664693315231361,-0.048506767533489654,-0.34132941791624166,0.22050646464641316,1.2142696470615497,-1.1481689992161226,0.12594857301206253,0.1360528280936095,-0.96168966318739,10.02207349656247,-2.518239163439061,10.88800692209384,-6.21038677080164,0.8465372411768028,1.463081266154829,0.01480600308829701,0.6210125741314414,-0.37815356864837457,-0.3100093905205806,0.3838831489629247,0.7007178314879224,-1.047613951986176,-0.5315689450358011,1.6187946998373852,-3.6325360595521454,3.4294681586175857,-1.5205805643900403,0.9212588725946165,-2.3300288197424903,1.2959961983656614,-0.8854296300417263,0.3821689379826772,0.5838170185319821,-0.11048120300235613,-1.051711202787843,0.39182181533968535,-0.12632196601833717,-0.12860144616991304,5.739200398206229,-0.3426952344457951,-3.6630297564056247,-2.400756922245891,0.7973440237898346,1.573854276674348,-0.26200578208828024,0.9182067551604283,-0.23097418110146445,0.3646912712512315,1.2382056339113765,0.4389245528960541,-0.34434527126649384,0.7178865073109157,-1.2407691114341108,-5.273374317497592,3.649691477647558,-0.5264421263365473,5.886680488307974,-1.372500593796559,0.32992195003835234,-1.3056730398807024,-0.2867108378021315,-0.7710132296072671,0.9326681023518336,-0.5664394807455319,0.07730452379662249,-0.10062810586254539,-0.12123150176988702,-0.3930505820517656,4.729588120076561,8.329780080817272,0.014199694371615015,-1.9590261849598254,2.029444485306662,-0.01844864208167766,-0.26497629761833286,0.018366064349671845,-0.547400178648721,-0.7254443333888368,0.9396136470187453,-0.7087092908260751,0.5513577930850301,5.42045280833383,1.4838957773702253,-1.339210501756271,-1.1192382516578774,1.5596789156817574,-1.1658204706915614,-0.726268262342811,-0.48769555599058007,0.6020704518790352,0.4395818731436426,0.005836686784819181,-0.04640452178120778,0.4199864629897798,0.0676974259284137,0.6153881521757636,-7.11028491224401,-17.75964561201114,10.597806440946481,-1.4436527155754857,-1.8794463527509642,5.694220615539007,-4.4736448973016625,1.27726792284055,-0.36217900879613113,-0.2979029453152974,0.36006184744423236,-0.0022812924829639057,-0.35316820174649216,0.4547155356937822,4.916935608781287,-3.986748537191173,-0.7159447018586469,0.332697056741926,4.676522297998938,-0.4674168052736166,0.4474247483301031,-0.8864223274406532,0.11246117357898813,0.8196160464198328,0.5470491821449782,-1.3327751599620548,0.5400413201545011,-0.30339460998898427,0.8426426959795957,-5.882445785861432,-25.666599136538643,8.05087878710737,-6.628569123339154,-0.9541282463009563,1.1482423536901878,-0.3057202324587224,0.5287465540147368,0.3514115259783644,0.06329355266790834,0.2997532084395602,-0.0852140590230194,-0.6306822764904333,0.2277454101013571,2.9777510468841566,-5.037440814157202,2.5489041495069933,-0.48126858086855345,4.326027233491325,-0.4744016531336308,0.8624363179681362,-1.060060208368296,0.22413306311906556,-1.4537406801533699,1.4703139340270213,-0.5678069609363972,0.13119015266285478,0.23301806257867436,-0.23002868769499368,-6.350249928850246,-22.12085438872994,14.282526851295763,-5.138920984734436,0.5143993665364301,0.7019277132313329,0.377363492880148,-0.6521176606557846,0.1004551319475131,-0.12261310132913225,0.17848017283658826,0.178658862792854,0.3196431222778282
30,-3.579311995262582,-9.154007065235284,-6.095730412806313,-5.5157931627707555,-5.83220616331406,-8.886118485744534,-4.676657172747232,-0.8275753683459133,0.8252172976552237,-3.3164331368280595,4.0454218021728305,-4.182371481559989,3.6870526128157373,-6.18304974405863,4.131113810682584,-2.4681034370742605,0.9236451731171487,-3.4226941871078336,3.555492711333469,6.376247511936772,0.5190458528531876,2.2886727887153864,2.954633790742586,-4.63646140756102,-9.6127913850618,2.3331403774124952,-9.196691149917486,7.082900395649661,-1.3049480272699316,7.787884442386547,4.762343750793462,0.08393487840221239,4.349992614941855,-9.541455785985036,7.227794011526202,-0.7308347046596214,-1.2019435486960612,-3.5070109022305025,7.21003572454373,-3.109536608397721,-0.9796321714949715,-11.953391841644557,-6.2068059219194485,-6.201691570044151,-7.967434064294388,-4.713135736580353,11.087646308986951,7.853822980500764,1.5042751516410025,3.2072654938662226,-13.747940136378219,-0.1342739408654896,-4.621460395369862,3.781835138319164,-4.227687540404693,-3.9012736147331792,1.9158362971102836,7.602959262137409,9.836897465772369,-0.8423659800678012,-0.0038921755537814733,-18.523000001084903,-4.88309772691737,-6.217148575243881,7.458646857966275,1.3310350182830288,-5.178171274259662,5.988939428202919,-4.303217208874364,-5.078617345071038,8.81905837232032,-1.016132078503013,7.7546322946611745,-6.2774421025928,8.632296026481484,-5.314479849778809,4.068254653724563,1.2595535602948826,-0.015816261722375696,-4.004269806700392,16.118382345335128,2.972070326477708,-0.009064144911457364,-0.4842132844456558,0.6715532409664873,-1.062265627653988,3.2681765264422786,17.2225110370881,-6.269551537295527,2.7491514617663135,-1.716391424744374,-0.4850115975865699,-4.830902053889748,6.925145797488884,-3.4781695497382126,-13.156236312843257,6.446162031494029,-4.296723216932862,4.068567159804235,-5.113195675021592,4.095192121471263,-12.79881436965839,-8.463361578470657,9.374486380715352,-4.3240354433388655,1.4407581615346516,-1.0875987654384534,0.43902975944390066,-5.51557961276307,18.293367867445465,5.368575213108444,-3.173456317728887,0.05145400452492124,0.6096755907330007,-2.1486670634685994,3.2103168176992507,9.791415423459094,-9.876824740573987,5.26022102974034,-1.8278079604370272,1.3135878248584152,-0.7186297710330587,-3.228694954690494,9.422929046986674,-0.24061130686714322,1.0904679815572722,5.1393195604088895,-2.452215152919944,1.3859289310715437,0.813539730538949,0.5012131209572864,1.85088377670262,-4.524996909287808,0.9738759394566455,1.7951246669632446,-0.7952034630007595,-0.04152477804677274,0.3400329423897629,-3.8157502872306472,-8.174796616744876,4.171496340241757,-1.3978494770980285,-1.0760054657900726,-1.533973589654081,1.1183551520997095,-0.6785567748886621,1.7475262580484896,2.9527427273053037,-0.3131151850924594,-0.6155718443540561,0.5714059125199523,-2.343328751896316,1.7085307072821632,10.576417563685776,-4.105466479323051,3.343384877818383,-1.1729964623700486,1.3254320438876614,-0.4037645489824851,0.3240424834419451,0.5392636166406974,-4.42229068155755,-0.7792551848313068,1.9649077217952888,-0.04608009681998199,0.7104359400240928,-0.28082577824139304,-3.687452201958894,-12.155311359426314,7.061786076031716,-0.901834564680127,-2.0989426249464875,-0.8073571527047524,2.011808917003781,2.211367334119927,0.15896618351333547,6.102801675760804,0.3598744939592108,-1.084915927810794,-1.052690462736059,-2.086914138461451,1.547414922798224,9.93646526791932,-3.954022850647501,2.297161549816583,-1.7255011002803853,1.3462577645736409,-0.6118548524436157,0.16308992392598873,-0.5443888126569985,-4.575884996798496,-0.25541362173881993,1.1417348873396522,-0.5031387802298516,0.906147142935984,0.16968967082968117,-1.8660967155157597,-8.62855308036828,3.5313611659186455,-1.6091680581861918,-0.6225309713894445,0.06791229524845457,0.47113903216446923,-0.4204933304067986,-0.27649809232137934,4.680139010495404,-1.3584568723484534,0.3096447874712928,-0.0988200063218518,-1.3054399091738687,2.8902826665164922,9.343266864313078,-10.206183582515948,5.058048017875526,-2.653823375808226,2.465111526339017,-0.5689432003342287,0.37879496111848504,0.10007347109200204,-0.5002823754871455,0.6053222647916314,-2.6201792442205374,0.7426774766049962,-1.0089957619626724,0.11613164274349012,0.6861577273470596,0.13902359430785585,-0.40947778776501564,-0.18176151516623898,0.2717627229652969,-0.14995035165199344,-0.23213749277018025,-1.1180053405715027,-0.247250061282419,1.1925109676666705,0.753260880499842,-0.35866848343388824,-1.2961836530593955,1.7233408799093066,-0.5631894535654688,-0.21756018440062597,-0.24017031993361548,-1.2167046473387058,0.026979177770804035,-0.20642806819584467,0.24105763816185855,-0.18930975574620365,0.1413970443891123,3.433681285497966,-0.4231217326786351,1.0634861347626083,-0.8509750402957218,-0.052962661485065246,0.6847920091229767,-0.4742281954194427,-0.6393391279313594,-0.5754342551373692,0.15694791117087728,-0.23475999454794244,0.15961893170386512,0.10658687120964166,-0.5834291597350081,-0.584905956568914,1.3868367905201202,-1.9944267881357596,2.2249156843294946,1.3383847427318991,0.25506045983658265,-0.10067287846563515,0.2019030342672541,-0.48909120355413327,0.00954456027421801,-0.22691273193301978,-1.1679908777042138,0.20037208387525937,-0.44565282626064057,-3.5304361127646025,-8.064913173203905,2.04663943227063,2.9318883510952416,-1.1131629769240579,0.06595782379636456,-0.09127671958774311,-0.8599566206376902,0.5857418629753114,-0.12972504144243102,0.21367719796508264,-0.2125750073618242,-0.035580517488565236,0.20742441832719605,-0.5980079231676324,-0.8038315716296512,1.0290743854538589,0.7616416339691436,0.6934612931176044,-3.8575730970105133,1.1718764573891671,-0.3249388350565386,0.3698161541566548,0.28755413785469475,0.14754978934313764,-0.1893371550382814,0.08968267464186201,-0.008066501514299163,-0.28126971463448336,-1.0108657848161013,0.7712383312522338,0.24125338877166122,1.5724124947722598,-0.7729317940534902,0.5254187965101649,-0.28214170501514874,0.7511673048685739,-0.19582966859943376,-0.3424363842934614,0.609616399653575,-0.34333292645244007,-0.17300749517831696,-1.511122878754891,1.1133606365676159,-0.7098478426540639,0.05537128452660814,1.6024243837245427,-2.3722080815420776,2.7728103004449816,-1.1833409647454936,0.2962859941384948,-0.16109614657092794,-0.3978815095753356,-0.9245299960810416,-0.16706122467559217,0.18599128671877954,0.043046367221332454,-0.30595160421676965,-3.1754408248234127,-8.754591484758409,2.8526260657891056,2.8939419242925397,-2.890808320538767,-0.9604330160937948,0.2165974458755061,-0.02603652074223424,-0.862499693725935,0.05950915717746751,-0.46132174424328115,0.6106156973230481,-0.234651675190729,0.04742552181270775,0.0326651082615327,0.4343720491708035,1.061354677776976,-0.5110250122193233,1.79817002716948,-1.1987618511471394,0.29395831953639295,-0.45786715838688985,-0.05321034134203049,-0.47500982176574136,-0.5274588446930402,0.17737806343922774,-0.38939531825300433,0.3013302457502727,-0.13909822734763858,-1.8494635171348879,-4.296676477875243,2.9746374925186028,1.6428760296329212,-0.6231808426959438,0.389837373248004,-0.6267919154169065,-0.50025662677944,-0.12298719237395474,-0.3417991635751348,-0.09124151908681302,0.11177750639178624,0.05639556118213304,0.4187218342777933,1.8857015693084327,-1.0446974051235192,0.7084124378416242,0.2462423145422658,-0.4595074490177829,-0.4120853268536579,0.3705585932163655,-0.30690378309289307,0.1333300282409398,-0.3362203241019363,-0.09211932597318673,1.3740222714133277,0.8531013860634498,0.3383723591301075,-0.1528959836729655,0.6377284670762841,10.14200805385855,-0.01050091654488607,3.7768888672987146,-2.6997322401923496,-0.7956085720206034,0.09667735270872226,0.28440322123132034,0.29345480233106686,-0.7890502196856969,0.4831742239831393,0.25310847405405723,-0.19098576515951668,-0.14361541546861753,0.19473263451117154,-0.039158952365731796,0.039231983499261505,-0.20336183442848887,8.358904923258303,9.568210666447682,9.708955207640134,8.18962793696684,9.53003575304081,9.286173782326577,10.035564819649574,0.7269255348194616,-1.8991164285331934,1.608726450582733,-0.8507067859463828,3.0575020241443753,-4.587089489650143,3.004624871999932,-4.434461827451535,1.4324883454726736,-3.909631051773709,3.4849455500111786,-4.468538068787556,-8.584029221154916,-0.1107728480548756,-1.7327622744896818,-0.6779378732411163,2.1973109475002173,3.7561726486913702,-1.7866363052852434,11.36461784144302,0.7849373698673169,10.485279640096161,-2.4822963269923712,-2.571514889891829,-6.082935227096643,-10.87132670140954,-1.2656444983515134,-4.271110285358262,5.233857476928241,-4.213023349380753,2.7390769167381945,5.089915561137964,8.988903939858924,0.10895841873998015,2.858877011482846,0.7076155637037581,1.9612596889474896,-1.6150112999080797,-7.439832458822769,-23.80877297821432,4.640262617456839,0.9840398301707468,13.890650087459877,0.7209413315541602,-2.007719728777568,-1.6022237868878995,-1.3919310617759901,15.946539474549292,-3.4256446641809855,-2.476319410008873,-20.935630834198577,2.3517744609458595,3.8658433062673527,17.34868481863128,11.772358628009513,-3.812914407722363,-3.7192720942668216,-13.097857038216553,9.357871435490592,-3.8192207474861295,2.710050116223191,-6.176118163892438,11.959645167137838,5.059767423763239,0.7501796635860492,2.516824451598775,4.5551291485443715,-1.874808162417408,4.539522738817725,-0.4863538726551931,3.8922427874842436,-0.8454899303506801,1.1327557701825293,-8.91867433206965,6.676735242074982,1.2381579907880482,-1.0170991572576336,0.013563858661588907,-6.033746356387089,-2.0817344337340615,-17.79379391688279,11.45628804706805,-5.999567389835768,1.6735924219467921,-1.621881119606753,-5.193420995780139,1.7097586019135462,-4.433976332747347,18.227827050224665,-11.075135559323863,2.325785764972429,-1.2291214403629929,1.2947250707952749,5.747208396158454,7.395446920781414,14.915018291003213,-6.851421869431129,4.87636553286303,-2.8352250536981285,2.7604612912636255,2.2023707467749754,2.4187646934365183,-5.756616118546252,0.003266390905033793,4.06330135564135,-0.5292827052444072,0.8292818751596385,-5.762889202010054,-2.080347513286327,-19.927349088924963,8.547947984029763,-5.906071828337397,2.822733248365517,-0.15078335950603616,-1.431878127829592,2.7134662649463523,-3.7324632795389183,1.6267002966151862,4.023635246548174,8.784666225168827,-1.061793534642661,3.292973237111674,-1.8851112619811563,1.62474769350414,0.010150684457461503,-3.1829955206160108,0.3728562416501387,-2.012196630915318,3.618204929366277,-1.6568967751523025,0.31999155145938,3.6937431141854042,25.81523782140644,-12.487917534292803,-0.2092894858409893,-0.010677092059797,0.17546874848099367,-1.5697613191078035,-2.3406915185499013,2.8369007033051585,1.8663725498312056,-1.9939523825281704,2.4416010609471734,-2.011745799651507,0.34586383586267694,2.220694772009463,-10.776240223186814,-6.129428892891706,8.4706289344303,-1.6387993349326166,1.0173523177243788,-2.2116548330571,4.513833643462404,-0.9979330531092137,-4.261740195104156,1.0895161184630937,-2.967501576309255,1.7972348752781215,-0.5285834028526741,-0.45799388984983974,1.8202509247841392,24.9378708914504,-10.358030652271134,-1.7925226042521814,-2.13435219847583,1.2993582995560145,0.4164278877483135,-0.1286298816515365,0.8968563076536444,1.9636495753503704,-1.1754101232633671,1.1641563399836712,-1.2355505430847395,0.8965732453765436,3.3223315332141,-6.342105055588441,-5.963205888184501,8.08468651872647,-0.6287666448613576,2.1360232940916943,-1.506532864676357,4.040861448463684,0.5952222770883264,-1.8543568462225166,1.1591090816528,-1.7618588718863921,2.2302014853197742,-0.9198482124939675,0.5393364654691658,-1.6675062646240268,20.85007944235092,-6.348896729865334,-4.070216515407073,-0.8419859599362598,2.228794221165133,-0.25668013070995194,-2.8248028411681263,2.9243261668027665,2.2466142430307228,-1.6961922931196385,2.2861939053718787,-1.9646490037447477,0.44386910117232065,-0.9025687127071261,-21.702628893460716,1.472777931889817,6.501132687579916,-1.2536903029836668,1.2621570055015419,-2.350988051439321,2.0349780759148253,0.045315241031463255,-2.07558140170435,2.129441648672084,-0.5181862141859161,1.7974107684772664,-1.3701034466566953,0.31094387606296797,-0.23983163960554083,0.9820772610414538,-1.0232803797186438,0.6555273860048084,-0.4518220679507507,0.8255178589077816,-0.5302494370304307,-0.5503932706818234,-0.4605912496961478,-1.9099027113004787,1.2161094238898256,-1.8292703635725722,0.5881251168972654,0.648764153483486,-0.2150728269689156,-0.21047683336692563,0.6398345407305698,-0.17411315229665644,0.8532137790615252,-0.0415360026301195,0.20580386311768603,0.5718093677735959,1.787229283051093,5.656873278240303,-9.6056555258108,2.2346665901793417,-0.9317113544439629,4.347131130708956,-4.696567930258968,2.013267556881411,-0.12784683540088249,-0.9225780959465255,0.4010825915670461,-0.41584197567252296,1.1003957023130115,-0.6896462379807133,-1.3595567154753643,0.08825848043760116,-1.6389688719049211,0.6727781813827671,-2.4080848943635353,0.3309437980423849,-0.7069025473247288,0.7201757048664118,0.21684690104692722,-0.05999183769161438,0.6832298355801765,-0.6531987742299393,0.10847713176009402,-0.2416061982419848,0.8478640005174022,6.772719732197856,19.12497598909776,-9.104606374367862,8.250630766074416,-3.090237402607012,-0.04711230740964874,-0.30371740960130267,0.011493742396375524,-0.3535995679063128,-0.6090337941655168,-0.4896271660086965,-0.15180154186780062,0.9030975916135217,-0.40504446151014123,-0.8135308450830928,1.385766578916645,-2.013795805547494,1.2031480981254568,-2.2418913155912468,0.30247415770560626,-0.1148163036156347,0.9006062564634544,0.08132945488707385,-1.576607464065171,1.343115711318542,-0.834754583917027,0.03232855488139654,0.17795914423150247,-0.22746593990014768,3.6739483994285798,11.10792225548313,-12.831174481715209,7.993957981725761,-1.885087680662731,-0.5731671367619444,1.0635737960272897,-0.44638850549698,-0.1813601794349134,0.22008235817631647,0.38552701754179075,-0.7449799607922907,1.266869740403676,-0.64284654145376,-0.8154439318334501,0.6737842931771909,-3.8359772869704214,2.911098233669063,-0.649629335035321,0.23082662760431893,-0.1386624375849696,-0.03695893486795149,-0.23346327850942297,-0.7513193193571635,0.6238250328993848,-0.24689403296995338,-0.276187037765933,0.12897346531521542,-0.6009436018809088,2.167111903165576,18.94477002883352,-8.777327084190716,5.967234583796504,-5.536439079273111,3.817093087913059,0.4012940937481635,-0.9985579834605054,0.8141772213062706,0.043384755778409265,-0.033059903250468516,-0.06682804658735837,0.8050751713512283,-0.09826439463960371,-0.3883506756351337,1.2019790484805661,-2.805841592140881,1.3506381300483266,-1.300847585064594,-0.06477675055236315,-0.1264732612961833,0.07491373209554444,0.03171885676014145,0.05380541138840518,0.26105730864114973,-0.8784589116548045,0.5726301893154402,0.06675058245214532,-0.362318314937366,2.93433414881689,15.037081034473568,-8.341847165440017,7.926441547179474,-2.812265585915757,-0.26506307749338687,1.4339927450715677,-0.6223688022408401,-0.5547113006333056,-0.2954078203188785,-0.32324082171724544,0.09259017289583854,0.9659702590839915,-0.2953642419157292,0.20328873321658197,-0.8102818399281747,-2.9415529073786946,0.7151219545414027,-1.1137989404512236,0.31891313710575125,0.044524253483459494,0.2765363731077994,-0.18833784655533378,-0.26885693288634777,0.658538219267584,0.37141161907916,-0.009553067153208665,0.181784397568335,-0.061047724699971925,0.575405465666742,-11.99411997654367,-3.454665876153954,2.3837462594988743,-4.266497419367948,1.2828298658699042,-0.8283601418279397,0.6558867926762706,-2.0761780553074667,0.054959713707640495,0.10709425989381732,-0.32312322296942186,0.9632687058899916,-0.6261287350079537,0.5807932518145533,-0.36931380350231774,-0.6342455306621303,0.7082545083019501,22.86219301290659,23.62089424960969,24.702545519027915,22.813385840682145,24.900759312332262,23.120846863010865,26.037570271961652,3.9844737750667374,-4.290195715813887,0.5273405330785387,0.3597428047046839,1.220916724373491,-1.1041008063831557,4.0951243583670305,-3.0042597208541384,-2.742005223739319,-0.23959155127228954,5.3140182512551615,-13.305909280895307,-15.77011150364969,0.12939246652153258,-0.6976045994200996,1.1029618896932427,7.743147749357458,17.83246280537533,9.423876655115668,7.497313618681061,-2.195141953303124,-5.965807527830376,-9.746992248213541,-12.287527819928224,-9.856604045601582,-2.571339202217688,11.29294324809025,9.574571110465474,3.6273394908355856,-4.515416844630898,-13.128920737501193,-7.567878122164887,5.334901428437795,-0.17283722667323773,-1.3064828718881942,-0.8234944240499564,3.781162622296433,-3.488042704588895,-2.3563841147410187,-19.942927003983282,2.3365901076458586,10.753496011742016,-1.489323189387949,12.936005310032737,-18.51999282435656,7.270056470086422,-8.771866474013715,17.049973465815146,2.8924133166996593,-2.850816656638477,-11.742386460543953,-4.3772440903421375,12.072017228546093,-0.6388784471441512,23.77230690598799,-15.960968401647424,2.708248276404017,-9.195193608996723,9.785249252334356,0.22844329001478364,-0.374235383831527,-11.328308930348326,13.525472771258807,-4.245089380745404,0.22981958314815473,3.6842274380858924,1.5081312501373585,2.20810209959248,-2.744518518061518,-3.9691066944297284,-14.721858861372155,6.061513605240985,5.972567661363432,-13.553090500134779,-3.4961689658651265,-2.18323370012778,-4.246894283193994,-1.8661914512637388,9.013922556403276,-2.8733246555503125,-19.65574067667075,7.4273664525615075,-1.1273269908660009,6.254877811713452,17.113744746267457,3.4480168178985227,-6.997723961864767,-1.463144305049935,24.269234308720993,-6.3283401430439445,3.2953019201767444,19.971838398471597,-2.931886717529727,-4.861867002301282,11.939491294644496,15.150917894316777,-10.880290481790588,-1.3004046838481131,-12.146850009954596,-12.974895554847864,4.598572107794848,7.891610934753488,-10.666994183306914,-3.641661243567443,-2.0594144466518602,-3.566590391373883,-9.826924140513723,10.216672897619587,-0.844175371334777,-15.430112748498669,7.562980680482043,-1.7892313709370566,4.4428402851335,-1.104596024879075,-1.8450160010150574,-2.4627850556814517,-3.1987288155205764,1.2528087988540009,4.521272304303379,8.546909934501802,-0.573401020540833,1.5924167287504896,-0.2829342334899077,3.4096445460573865,5.364854396095208,-1.2469573203933924,5.0990819613765215,0.644583373696625,0.9993319564431196,3.566282292248958,-3.7050867739766034,2.982853649658926,21.637248240286052,-13.686886005473026,5.0170249353401895,-2.6941137223473155,-1.4712434215833021,-0.3629668184525048,-7.520186279999376,5.647062240629198,-11.521419515719948,5.363212790324687,-2.7765302832086545,-0.8283153472550535,1.8660511408830847,-0.263017683143203,-13.561650390631918,3.3119737983148014,5.452245613957903,-3.8779374327452545,2.503264878361548,1.7384827737677337,3.0303595210110554,-1.108319766055918,0.6465015197117977,6.261937836649313,-2.244226502492459,0.06954789657450874,4.776993066211388,-2.963362604966486,2.866634606795079,23.244934921604287,-8.164688108494486,2.4982226682021587,0.10625778386808962,-2.142503358505193,6.552698073793681,3.322397889805564,-7.6792872379036465,1.361907081980045,2.22136778719734,-1.9763804399798268,0.589489992974286,-0.2250832769362631,2.8876357428145942,-7.6499517380916675,1.1606557238749113,2.658307726735485,0.9034344798135102,0.7073944261456615,2.3152037342788185,4.235537558615829,-1.9190248638053529,-1.4664099140644888,7.580103506308008,-2.256463083281658,1.2857848560421012,2.614300511929852,-2.9734283833331614,-0.09001383687088234,19.802522084631807,-13.167048635208161,1.5297906802523402,1.0659425796618107,-0.17705947417584877,0.9953940959435146,-4.131673471617931,-1.6849530503101824,-3.8000882677054935,4.118534427105708,-1.370558072526624,-0.9591258478331625,1.2309094483203382,-1.0987082159534263,-11.651306407255884,10.08366923295813,0.5395597738335745,0.903674810237394,0.9305930136808072,1.944438189586531,0.23524699629081822,0.056812217060598996,-1.1665652190622653,-0.79137654716292,-1.8976191264572384,1.5745866233768209,-2.505062019376721,0.7992452884321294,-0.024086828983370737,0.24373250160161067,-1.1028364059609694,1.8547771909153672,-1.375100431505463,0.6401874566960176,-0.4263517789109321,-5.5605386855604415,-0.9180827719550785,-1.4162459216988483,0.5049052266553884,2.6955756222232,-1.9957803311825135,-1.0845228963005118,-1.2045003816883657,0.7611331558158358,0.3535267976747172,1.8066787326321425,2.4224280512816416,-0.6821492299619312,0.7366526353766206,0.1318977402977321,5.32246446269429,21.880835310086283,-6.580414465920246,3.6219686087006298,-3.256847064758949,7.007050828284927,-3.6064285255053625,1.3939819992476654,0.7289218472079797,0.3427526377398757,0.5152573761605198,-0.45747664212434846,0.06904155043279936,-0.28166503472094434,-4.73258667533731,2.7975726900249636,-4.091255416210663,2.397256782495036,-0.17619795058436666,-2.0553400837145808,2.8764789644049413,-1.4416053112392078,0.6151120476738051,0.2621570235939287,-0.16376602903677068,2.1812869000311554,-1.1435515171724433,0.2687393440764612,0.0972272206917754,5.035743498291767,14.464556247359068,-5.843625599612015,1.5531614372621214,-4.935354911703592,0.15551215864330237,-0.034639065266410515,1.1874167974357202,0.474236267872594,0.8813329358124838,1.166163379575189,-0.40592468818823335,0.1981798037476369,0.14145870528458782,-2.8021095000733376,3.445449678070308,-1.675091565830766,2.293739781775298,1.215266584578851,-2.629183077201579,1.8361979565965911,-0.860177904145886,0.5726881153259266,-0.9377434203595918,-0.14145030691022112,1.030951950476226,-0.4798372998453922,0.6958625892589151,-0.5000874439312466,5.470043067689212,20.54418966993792,-11.410969333085834,3.993899220669841,-0.33094407223920874,1.1231550679379554,-0.43138118263871106,-0.749860006122597,-0.42054362937777,1.5029521335735352,0.8864808518793724,-0.6648548095828972,0.34471184665144056,-7.693414452533422,3.3790056653897422,-1.0671321789723724,1.7982225413492314,-4.336604062679136,0.3817172231950797,0.40816270205820826,-0.32989205581456227,-0.021165032796115348,0.6284589078518448,0.4711161134465322,-0.15238527529518922,-0.7530186209247233,-0.37702270781121666,0.4937514497422719,-0.345595208539388,-0.4735559256634135,11.654695863032025,-4.621945003863749,1.4349918129874597,-4.589464633280784,2.2616282481680066,-0.4342753965294199,0.1974645944912239,0.11218137632241547,-0.7904014411719119,0.5066881242295007,-1.0216438353264723,0.3675411294507175,0.22566863540153906,-4.771788100648831,4.936500221211436,-1.3343245720710497,2.2435577257860677,2.4178264296166834,-4.105252956046555,0.37176698622624393,-0.35041584401065673,0.8395812373286485,0.015447185663390147,0.4712525409767079,2.137441380743517,-1.7936573325408585,0.5946455657885021,-0.9301283117156527,4.118368162034026,21.941470964267463,-7.297428055431087,3.547169072664714,0.1557605417410617,-1.9818713079409138,1.661313233192659,0.19928497948278745,0.10169291208437937,-0.1692075945658631,0.7193753343388876,-0.42915287199987884,0.3266455149757742,1.0359943343372808,5.617135322491404,-4.207541361246968,-0.27660471694515065,1.9364205824350684,2.7802295771296666,-1.3085803614189633,-0.31268104056651463,-0.17850634162611825,0.49100666610498317,-0.9104023251858288,-0.1698203386942361,1.794323560572304,-0.5067325979733395,0.7844131134303697,-0.7215458022612314,1.579466164908334,-0.46793775102079244,-0.2806118685366529,1.1152576419678013,-5.082619359361895,1.5219195834556214,-0.8688232932412077,0.5837312290245892,-1.5813397271840497,-0.5185283829005514,1.6204940493746294,-1.1744583233386046,0.41626633034181676,-0.2059814233989782,0.26887491430243365,-0.2775464175663569,0.06462124526183098,0.4314263761406161,36.44642403241129,40.033867533839484,37.81991966940907,37.7226732690916,37.85964872875292,38.659137778703474,40.2364775802706,27.010672803909042,45.92104590381325,33.34883013868484,38.920381124330056,38.756628345678976,38.753248695187466,40.95865690089024,30.719256239060247,46.296045007721474,30.000997075024127,43.90553024326644,25.66139674495406,23.4645215817796,-0.4019119424183928,-1.6689449334649626,-2.238276251345967,2.816818157273946,-5.128839559991875,-9.328926725559874,-1.2511242209994984,-15.40537249584782,8.087916850398068,-5.748511451931421,16.542160277628902,1.9334398848214438,14.532963165990202,-1.6325267624821176,-0.35985936829553455,0.8098078829536638,0.9248695756154579,-3.5413045397543845,3.6636285833037694,-18.601542598519643,0.5874858423559257,7.968034121885659,3.7785878083004487,3.9111382791519063,3.128752090237746,1.9039822465503433,16.629683736564946,-6.240219466253627,4.9503594708609935,-6.5707484887476,0.6115117656268116,-0.32282677567621826,-3.611898603558,2.2344569026570253,-16.720513342491476,11.619903578537974,0.22066258796262642,13.707001835893916,-4.20401402286577,-2.4761721321769317,-7.530857060207039,-9.394794817320715,6.96991404612177,-0.9678490340675875,6.524597317480882,-9.221032437288422,5.3174562521266004,-3.3657893348584373,6.81776103710607,-7.396069934717023,0.8227793416765186,0.7488237836662308,-4.375517535264368,4.407112081939818,-7.1733429795180115,2.266545974453872,0.600580883733909,-4.3080188835202256,1.7519265882068744,0.1883031605857864,14.3156791536405,7.961486354498732,0.9863778422553912,1.187444603804367,-0.9379002278354083,4.431322590507553,4.282633549186236,17.348067074168604,2.4717773708769384,1.7576704437351485,-1.9315715203249562,1.5181469975480215,2.505515902727266,-1.6412572694051732,-2.0922362886636447,-15.146708527809805,4.653612940115218,-4.406995665470375,-1.9633232184634948,2.4098582947662313,-5.46031884454666,-10.835088124747854,-15.97429380123613,0.7587532618917916,1.1466523309598575,5.875073753115515,-4.178803225270922,1.494796310875383,-1.0121709187816241,9.789625126847655,2.4632753174214823,2.45448722379358,-0.22673028697928418,-1.5360932172205584,5.061946309297838,3.3619326480162144,13.64401667787055,-3.709336419327627,4.029635631234749,-2.2567297570839595,-0.0034939168696552364,1.4304100959597574,-1.8269318296446784,-0.29780264599020534,0.9020153861061982,3.4255812113240154,2.2767134556945003,1.9887557526705943,-0.2543828463289942,1.1930348547576641,-3.4889040284489563,-5.204602516812903,1.9875963440678086,-0.5504102974656835,2.1584388168560777,-0.6094195408497982,1.3131347520517367,-1.3287312484315683,-9.749595020116184,-31.595435281855238,10.518374706289155,-5.622055249525665,1.615342869650802,-1.1411018486924944,1.723008953639631,7.10878774237787,-1.5436851883286178,-1.3827051437715114,2.2660335262029774,-1.4736502106836782,1.5246789566311796,-0.7487898505958634,1.4383330171158197,22.234061457175482,6.3530255429159475,4.630597292692016,-2.8804169750517388,1.160455759005927,-1.3889478121172374,-3.9544386887369516,-2.59127296052415,3.0379527437525096,-1.0246382326683885,1.296925264477622,-1.831997946077732,1.001682203615318,-1.2824330229024,-8.545219963862733,-31.972708698378455,11.51420344599739,-6.949375870490538,1.5458894798348761,-2.8094588032101946,-4.736098113732098,-7.758333163641083,1.5721721100993484,0.27105838277159056,0.6548681636899683,-1.0968302941479708,1.774890358081039,-0.08824547359471444,-3.592284971958588,16.624412698031588,7.2049017315763,1.130684448868794,1.0641216728161267,-0.5013952758335039,-1.3283408760720143,-5.303763857789693,-2.697208499101646,2.7545839449667606,-3.072390721631514,1.299819593217778,-0.7040197940954603,1.1611149910875147,0.14884085711221506,-3.803744203416649,-28.309369449531015,9.468828511052807,-5.883643744700478,2.6728162715639647,-0.8828292363976318,-0.44979992195055657,2.5913646972892916,0.727391398521803,-0.28322827948788265,2.2556871344042153,-1.6886130105341357,1.0996834951204577,-0.4644669880512779,4.118399639289174,26.344104882220293,-4.659326353065023,4.039928511246118,-0.8690966077023055,0.9354527095682506,-0.20393774781882157,-1.2673758236065644,-0.10622491977349484,1.7920228230023714,-0.33235241748300026,-1.0816525040418126,0.9700605278262938,0.9495864137794929,0.14775720106916865,-0.26868055101028615,0.018366064349671845,-0.547400178648721,-0.7254443333888368,0.9396136470187453,-0.7087092908260751,0.5513577930850301,5.42045280833383,1.4838957773702253,-1.339210501756271,-1.1192382516578774,1.5596789156817574,-1.1658204706915614,-0.726268262342811,-0.48769555599058007,0.6020704518790352,0.4395818731436426,0.005836686784819181,-0.04640452178120778,0.4199864629897798,0.0676974259284137,0.6153881521757636,-7.11028491224401,-17.75964561201114,10.597806440946481,-1.4436527155754857,-1.8794463527509642,5.694220615539007,-4.4736448973016625,1.27726792284055,-0.36217900879613113,-0.2979029453152974,0.36006184744423236,-0.0022812924829639057,-0.35316820174649216,0.4547155356937822,4.916935608781287,-3.986748537191173,-0.7159447018586469,0.332697056741926,4.676522297998938,-0.4674168052736166,0.4474247483301031,-0.8864223274406532,0.11246117357898813,0.8196160464198328,0.5470491821449782,-1.3327751599620548,0.5400413201545011,-0.30339460998898427,0.8426426959795957,-5.882445785861432,-25.666599136538643,8.05087878710737,-6.628569123339154,-0.9541282463009563,1.1482423536901878,-0.3057202324587224,0.5287465540147368,0.3514115259783644,0.06329355266790834,0.2997532084395602,-0.0852140590230194,-0.6306822764904333,0.2277454101013571,2.9777510468841566,-5.037440814157202,2.5489041495069933,-0.48126858086855345,4.326027233491325,-0.4744016531336308,0.8624363179681362,-1.060060208368296,0.22413306311906556,-1.4537406801533699,1.4703139340270213,-0.5678069609363972,0.13119015266285478,0.23301806257867436,-0.23002868769499368,-6.350249928850246,-22.12085438872994,14.282526851295763,-5.138920984734436,0.5143993665364301,0.7019277132313329,0.377363492880148,-0.6521176606557846,0.1004551319475131,0.31803203549872605,0.5209280160784211,0.36402915111527606,-0.822113927527639,7.976582828183725,-3.784833122482546,1.4922786985703222,-0.13389803020713778,-3.1299237650038156,-0.47904888561351594,-0.4763495542541808,0.5666223841977771,-0.383026345210309,0.42758744211245675,0.45110418497351634,0.2672775129418216,-0.3281010727273938,-0.22063557365967287,0.1664750043067889,-0.5853642625329021,0.17268267633085838,-23.95618731601172,6.9392890393510624,-5.3828185947324485,0.07600547704208489,5.008078031250641,-0.056461346208201216,-0.3224060964218391,-0.7691765115431688,-0.3937387464710796,0.08065231027079943,0.7140371831633344,-0.609020042842213,-0.1357864653134917,4.629659815043155,-5.818181374545252,5.341996167708295,-1.8622959218440127,1.581112649021789,2.4051581927960717,-0.7464341812925402,0.07909532119426148,0.6400995138314522,0.3356255027889718,0.68939323874954,-1.7724105323426804,0.8623899080486741,-0.1609473294095706,-0.5014578233053538,-3.847231182374761,-26.734841648915364,10.412693382400917,-4.415723591628673,0.2730295811128965,-0.747571512498016,1.9139100743328767,-0.5223404252816675,0.38863375478357187,-0.1066911342890454,-0.5687137674902744,0.6126453228678574,-0.7109363060500903,-1.0028170164064152,-6.156615312069355,1.1836343042227306,-1.509122789806679,0.6898002913424102,0.02337999671733302,0.6986016921053505,-0.36506823411023664,-0.251183089005969,0.3052802483421134,0.2079724563447784,0.6670529036524883,0.2206797929326967,-0.00982898135675377,0.08881051856964163,-0.16841293083489633,-2.4394177406650654,11.777399516755736,3.2335926513724926,1.3513158582574227,-1.0197701588024946,4.057198374688927,-1.439110662450419,0.7545575720510406,-0.8351969969636306,-1.1061085859892188,0.2573615775070541,0.785683701226074,-0.7205916519948387,0.19969932565551968,-0.3864759550228565,0.5828640643603074,0.10987351662684129,-0.7115010057298901
31,14.70062547173248,16.886005778492702,16.003500913917996,15.397824303995742,16.17448606747747,15.357674610849676,20.37646282598957,-4.9499727761973435,5.124689393936624,-5.1629372182249575,4.61634638410084,-5.166977983934318,1.7036330934328128,-1.3533011264141988,-1.127555189740016,0.48400135918156173,-3.5373144422365126,5.841826073842215,-5.9904347708896815,-6.907317435978856,-0.1550994959457774,-0.9360111382761576,-0.8090413278832388,3.8315512767158024,-0.3405465820715995,6.952317043751139,4.32196805416141,3.034063137313298,4.115056607215197,-8.599085137105597,2.103776165008291,-12.250681581118105,4.439660798974456,-8.458411427795948,8.367356005813445,3.2810349628111743,-4.127925794455195,-8.297846436251497,10.096472131249339,-3.5180349048823905,0.40693843190710294,4.593820246140241,2.5289891678458702,2.331485626816811,-0.7754156432300752,-0.6726355259681472,-13.614366612719916,-2.4037857673730993,-2.4900791566199425,12.961109969273368,12.03355980528973,3.422408808120268,2.2539317018666964,-7.98183967308453,0.754362251832894,-6.113814090768689,4.614921161519042,-3.0867014179801857,0.29553195488114015,2.7849709999338987,3.033451462234933,9.313824446600531,0.3872746065608912,-0.802359040032054,-18.507342439564034,-3.5698086911395235,-5.941195538203491,8.937384780573431,3.4009014730471776,17.46534882576481,0.39624890551458475,0.4669905826667738,-2.560808030283959,2.93503492674613,-2.5667623803487936,3.3937293409346383,-5.035463301063652,4.114842949455185,-12.79881436965839,-8.463361578470657,9.374486380715352,-4.3240354433388655,1.4407581615346516,-1.0875987654384534,0.43902975944390066,-5.51557961276307,18.293367867445465,5.368575213108444,-3.173456317728887,0.05145400452492124,0.6096755907330007,-2.1486670634685994,3.2103168176992507,9.791415423459094,-9.877028934249523,5.224616905056626,-2.626814582416344,1.7972675675314544,-4.892060663274959,8.583242860593801,-2.4043193454010825,-16.277582961563485,6.766134916413802,-4.293140101124739,3.4418861065593593,-5.071981667726739,7.648882066410907,-9.866231515190535,-15.815877019859553,11.482739817707188,-6.194877411041338,3.3686292510528193,2.062935917378183,2.6165912337689727,-13.587185894695516,2.922426387795486,5.369031796528363,-3.4230319434668766,2.401008630741808,1.8209745455571982,1.1790336270111252,-4.764989142460629,1.0307171282697887,-1.3374670952010579,0.1912096514030332,-0.4993335722993296,-1.2422806369580643,2.0928767991341117,2.1776367771992557,0.17435665914839857,6.102801675760804,0.3598744939592108,-1.084915927810794,-1.052690462736059,-2.086914138461451,1.547414922798224,9.93646526791932,-3.954022850647501,2.297161549816583,-1.7255011002803853,1.3462577645736409,-0.6118548524436157,0.16308992392598873,-0.5443888126569985,-4.575884996798496,-0.25541362173881993,1.1417348873396522,-0.5031387802298516,0.906147142935984,0.16968967082968117,-1.8660967155157597,-8.62855308036828,3.5313611659186455,-1.6091680581861918,-0.6225309713894445,0.06791229524845457,0.47113903216446923,-0.4204933304067986,-0.27649809232137934,4.680139010495404,-1.3584568723484534,0.3096447874712928,-0.0988200063218518,-1.3054399091738687,2.8902826665164922,9.343266864313078,-10.206183582515948,5.058048017875526,-2.653823375808226,2.465111526339017,-0.5597395752160508,0.4111508807098873,0.9022012940774804,-3.0457348056250195,-1.8994925457172354,1.496787126935618,-0.7195857705454524,-1.2632922117132916,1.1748981878071687,-0.7787466136819369,-11.72039780675782,5.3620961880839,-2.5211002016296065,-0.7055978514241112,-1.0324631084637161,0.8051177070812174,-0.8743086521538053,2.0331677934542123,2.9799645954849487,1.033430860593687,0.07031451259382501,0.3091685628943115,-0.38006032361076486,-3.509319174922491,-2.1915333290002907,4.608627215762419,4.966563530899879,-2.8183510235561924,0.42387474613580656,-0.6364306480834981,-0.36801336721415,0.31417224869765553,-0.7592425254274429,-4.961967915794937,2.4093255861701848,-0.15876678297359065,-2.718182971545266,2.702614183131888,10.193451499915275,-6.353616483046948,6.0756359252457415,-2.3076617965459514,0.5861242848105969,-1.286939017675597,1.4520593432910518,2.017222934426005,-4.586761067711381,-0.6493749122014754,1.326198758911488,-0.2918445262620358,4.2911836357355915,-2.7524557975818214,-0.1462894217795085,0.5673703425324806,-0.3713665460726916,-0.16079477115348892,-1.511122878754891,1.1133606365676159,-0.7098478426540639,0.05537128452660814,1.6024243837245427,-2.3722080815420776,2.7728103004449816,-1.1833409647454936,0.2962859941384948,-0.16109614657092794,-0.3978815095753356,-0.9245299960810416,-0.16706122467559217,0.18599128671877954,0.043046367221332454,-0.30595160421676965,-3.1754408248234127,-8.754591484758409,2.8526260657891056,2.8939419242925397,-2.890808320538767,-0.9604330160937948,0.2165974458755061,-0.02603652074223424,-0.862499693725935,0.05950915717746751,-0.46132174424328115,0.6106156973230481,-0.234651675190729,0.04742552181270775,0.0326651082615327,0.4343720491708035,1.061354677776976,-0.5110250122193233,1.79817002716948,-1.1987618511471394,0.29395831953639295,-0.45786715838688985,-0.05321034134203049,-0.47500982176574136,-0.5274588446930402,0.17737806343922774,-0.38939531825300433,0.3013302457502727,-0.13909822734763858,-1.8494635171348879,-4.296676477875243,2.9746374925186028,1.6428760296329212,-0.6231808426959438,0.389837373248004,-0.6267919154169065,-0.50025662677944,-0.12298719237395474,-0.3417991635751348,-0.09124151908681302,0.11177750639178624,0.05639556118213304,0.4187218342777933,1.8857015693084327,-1.0446974051235192,0.7084124378416242,0.2462423145422658,-0.4595074490177829,-0.4120853268536579,0.3705585932163655,-0.30690378309289307,0.1333300282409398,-0.3362203241019363,-0.09211932597318673,1.3740222714133277,0.8531013860634498,0.3383723591301075,-0.1528959836729655,0.6377284670762841,10.14200805385855,-0.01050091654488607,3.7768888672987146,-2.6997322401923496,-0.7956085720206034,0.09667735270872226,0.28440322123132034,0.29345480233106686,-0.7890502196856969,0.4831742239831393,0.25310847405405723,-0.19098576515951668,-0.14361541546861753,-0.1371403926489638,-0.654090407178392,1.6121771855940974,-0.8149626064038719,1.263183525271683,-1.2381589583988142,0.4768591982668674,0.2709005792955172,-0.20153913806876297,-0.35466882632262287,-1.3806727175576177,-1.126873399509267,-0.36858317588602374,-0.08246825188310716,-0.2206046141347193,-1.6312023672766116,-10.329647103601683,2.0124661892291438,1.0707116916729917,-1.433576176012234,-0.8335565674500083,0.023756641819568873,0.5094889197913117,-0.6272655065312773,-1.1186725070815144,0.6059058107616895,-0.14714657087816896,0.07330933099276937,0.035815636059024734,-0.5706252742369343,-0.9593581050549035,-1.2566887487208231,0.9237345739384074,-2.4207398242708913,2.045196460634676,-0.5519446128936918,0.10733301546652418,0.09574017218786893,-1.0196850715757753,1.0442362340211708,-0.5960561085105737,0.4401053435554336,-0.5471794104906053,0.3006126758980393,9.629117514194109,0.3365978290132006,1.125052319326148,-0.7924135623197273,-0.6041412210753332,-2.661863956547622,0.6574531478656382,-0.5603779229787424,0.37882694437401543,-0.07254874546540192,-0.1645878997199918,0.08228503670813053,-0.1895323005116164,-0.15250075808950886,0.6767457921961147,-0.4967009116843759,-1.5431076560903467,1.237379534716795,-0.4025911351521742,1.113159586118244,-0.3250412792629118,-0.519561887540533,-0.20740480258235122,0.836663383485858,-0.8709682322999124,1.631144897712534,0.03671704874158761,-0.2585951724589196,-2.4148340045510004,-1.5093186238830543,3.5835064476289373,-2.893787001022938,0.8910962627629162,0.34994863422262806,-0.33393863147323466,-0.39798545400277396,-0.5736709663739593,0.5243467317858865,-0.10130302661185588,0.8932465745799425,-0.2222530271233818,0.16220172701424793,-0.7975353205754173,0.3488105745943978,0.8738589370691253,-2.337935425179574,3.135388377248366,-2.5868525237307045,0.9258608706209024,1.533796515483936,-3.6301747598830922,3.7023888578362185,-7.065495253995929,-5.849470371402508,-6.836307335963153,-6.602944114416413,-6.917154020028642,-5.183880521716846,-9.852091924667278,1.8945936540898003,-4.426407178577485,2.4542843101854444,-5.606282575605208,4.149588194712365,-1.795144538263386,0.705913164679342,-0.016008445954831085,-0.28378996341068996,3.009775826962392,1.1241865908104622,0.14931099298142397,-0.10642638127289597,-0.19359643804909601,-0.6893035587168644,-1.0991757720899165,1.9532079626435672,10.14043296153284,-0.5836731036521136,-0.5801459558641595,-5.915372206711842,-7.145790859645173,-2.676083709413151,-5.856125676696083,8.783493132682544,-0.5066944313841838,11.598552794699962,-3.6593422869139878,-2.0687911415073823,2.9967344086968346,1.1963999266389893,-11.609330857862675,0.4074728609223719,0.22190481435980516,3.306543991106808,1.446057374793486,1.0982641934057935,0.8047189821699907,12.564150566287198,12.63925054328827,-6.628832216536687,-6.112709478615129,-23.802118720313672,3.267995980880724,-0.769019761094942,14.126178681383474,-1.908897686374187,-4.358329099220552,-2.912510248636858,-4.714876115053213,11.61555913250351,-5.479221055787314,3.091817767756813,-15.792452516412103,2.5701454847384806,2.8191918813908403,15.910135578191145,15.632803916171085,-5.800204421896522,4.419129914240315,-4.385336166531644,3.477662913660066,-16.957448322278687,-16.753094786592833,0.2955497933786132,-1.8219568956967143,1.7106650717536704,-3.251193182809563,0.20435370119408908,1.0910222637061193,5.751157427052491,7.395446920781414,14.915018291003213,-6.851421869431129,4.87636553286303,-2.8352250536981285,2.7604612912636255,2.2023707467749754,2.4187646934365183,-5.756616118546252,0.003266390905033793,4.06330135564135,-0.5292827052444072,0.8292818751596385,-5.762889202010054,-2.080347513286327,-19.927349088924963,8.548396482725385,-5.9103802130751975,2.2806617030595793,0.11494658066034696,-6.463632299578622,1.5484195583107858,-15.148415875630464,11.392924652818266,-10.252787025663501,2.1829301680112785,-0.7989230151700946,-2.925854778879754,5.158584710888824,-0.3756942191917146,11.888531233381382,-4.721626535185833,1.7864866260393875,0.5658074597910226,5.42885297688748,7.81475985802198,8.598181341527836,14.582533682618797,-1.3691171568558593,6.931726781602798,-2.2748377260297397,0.721195619268307,-0.7518738800284404,0.33905220376558043,1.2197839768299192,-5.793485691010025,0.2224259014850405,0.5253875398788963,0.255931009869611,0.9746678330185098,-0.3170103543617348,0.9178116855087161,1.9636495753503704,-1.1754101232633671,1.1641563399836712,-1.2355505430847395,0.8965732453765436,3.3223315332141,-6.342105055588441,-5.963205888184501,8.08468651872647,-0.6287666448613576,2.1360232940916943,-1.506532864676357,4.040861448463684,0.5952222770883264,-1.8543568462225166,1.1591090816528,-1.7618588718863921,2.2302014853197742,-0.9198482124939675,0.5393364654691658,-1.6675062646240268,20.85007944235092,-6.348896729865334,-4.070216515407073,-0.8419859599362598,2.228794221165133,-0.25668013070995194,-2.8248028411681263,2.9243261668027665,2.2466142430307228,-1.6961922931196385,2.2861939053718787,-1.9646490037447477,0.44386910117232065,-0.9025687127071261,-21.702628893460716,1.472777931889817,6.501132687579916,-1.2536903029836668,1.2621570055015419,-2.312068935322812,2.565108490797113,1.9647275653540608,-3.4047197935205267,0.40275702346047054,-0.2522605886296571,1.5866372221848917,-1.3236118492270224,-2.141069887947919,-18.984216296316923,15.190111031729227,-6.678937889901659,-1.312569601066373,-1.5415689038111942,1.1842653162772014,-0.8766273855682253,-4.095084717980207,-1.0065099604379555,1.1754947402649996,-1.957219466453129,4.55394475472723,-1.6799577252176763,0.39241495338786925,6.53988709054849,18.811944210576026,-3.9243902427505057,8.400116393983794,-0.9483060059958364,1.6351230361517592,-2.9333767632519976,1.3201599409498357,3.624158513077697,-0.6329223801019004,-0.058024291595059146,-0.5035489297844726,-2.5626522185884775,0.4315657629637257,-0.41704338354312087,-22.21221806576678,-2.7108151012133117,4.796032805491158,-7.166531156140002,5.515595598677425,-1.604115444633778,3.13920036169286,-2.3160855148201605,-3.728721106931023,1.5383903773179353,-0.38765494476802687,-0.6057426316641884,3.9041626921661456,1.4852269987349647,0.20401044340689733,0.5135256201035806,-0.8595699116222218,1.291015072187635,-0.64284654145376,-0.8154439318334501,0.6737842931771909,-3.8359772869704214,2.911098233669063,-0.649629335035321,0.23082662760431893,-0.1386624375849696,-0.03695893486795149,-0.23346327850942297,-0.7513193193571635,0.6238250328993848,-0.24689403296995338,-0.276187037765933,0.12897346531521542,-0.6009436018809088,2.167111903165576,18.94477002883352,-8.777327084190716,5.967234583796504,-5.536439079273111,3.817093087913059,0.4012940937481635,-0.9985579834605054,0.8141772213062706,0.043384755778409265,-0.033059903250468516,-0.06682804658735837,0.8050751713512283,-0.09826439463960371,-0.3883506756351337,1.2019790484805661,-2.805841592140881,1.3506381300483266,-1.300847585064594,-0.06477675055236315,-0.1264732612961833,0.07491373209554444,0.03171885676014145,0.05380541138840518,0.26105730864114973,-0.8784589116548045,0.5726301893154402,0.06675058245214532,-0.362318314937366,2.93433414881689,15.037081034473568,-8.341847165440017,7.926441547179474,-2.812265585915757,-0.26506307749338687,1.4339927450715677,-0.6223688022408401,-0.5547113006333056,-0.2954078203188785,-0.32324082171724544,0.09259017289583854,0.9659702590839915,-0.2953642419157292,0.20328873321658197,-0.8102818399281747,-2.9415529073786946,0.7151219545414027,-1.1137989404512236,0.31891313710575125,0.044524253483459494,0.2765363731077994,-0.18833784655533378,-0.26885693288634777,0.658538219267584,0.37141161907916,-0.009553067153208665,0.181784397568335,-0.061047724699971925,0.575405465666742,-11.99411997654367,-3.454665876153954,2.3837462594988743,-4.266497419367948,1.2828298658699042,-0.8283601418279397,0.6558867926762706,-2.0761780553074667,0.054959713707640495,0.10709425989381732,-0.32312322296942186,0.9632687058899916,-0.6261287350079537,-0.6775518898516144,-1.4951142107630726,-0.4530909796484559,2.1501116162551863,-1.665238204003949,-0.5373294037357497,-0.04386005169103782,1.3826177116701408,-1.6025315248135144,-0.6531440310665079,-0.04407167815408254,0.3686498737627007,-0.06025045021258881,0.10400731654215582,0.6345352253430594,-11.604423289591722,16.966908270328904,-7.350464372179729,6.89925760575021,-5.761906947116722,1.1974001334519984,-0.5463271570328692,0.20851982411505304,-0.3717086487595717,-0.7512256685106176,0.4098337348081153,-0.41923284948787537,0.9036873983184359,-0.645879511286879,-0.30623545242051775,1.4641455292370023,-0.5354053691037833,0.10531743125475788,0.621940400664,-0.16631643705343482,-0.21957086303813694,0.2880575367382064,0.6773657415269739,-0.1246176308577777,0.3484141505408571,-0.2092248728821146,0.08571082057273313,0.35364180867438155,-0.9740348101964054,-16.993555530912058,-2.82012278673696,-0.768192989869419,0.7959861995058685,-0.43953132485047147,-4.708973701917174,2.2302326689700838,-0.039629082483599615,2.488823550999651,-0.3161587651575921,0.1530197785501801,-1.0348932301741085,0.162385107879244,-0.8970312070170549,-1.0803220943469525,0.467346141388677,0.3380732698620409,0.6670971995859429,-0.9152494080051234,0.2775432423606712,-0.03936009271981961,-0.14054900974501175,-0.00860024499357486,0.12907677182339064,-0.09983046277617794,-0.06365087328110726,-0.043888680293216804,0.5690180763901459,6.163952212300278,13.70045991355998,-11.548110668243119,1.8673153763485586,3.671332243769367,4.355456677303024,-1.088405128874661,3.027050102430986,-0.9977779563807689,0.07936741900488924,0.7078465321331648,0.43720298091709564,-1.223162656027869,-0.07449701122515923,-0.47342172493143136,0.09362994590471725,1.762791239439296,-1.8792899847443927,-0.07388339869418062,-0.5030840807179575,0.2487533615114966,0.2223521429809896,0.2323361331323676,2.3030164509447864,-15.971645948324406,-14.56178698647582,-15.923933091865631,-16.312006674921964,-16.59624682094267,-13.268408899627936,-20.203134497018574,1.58724115670215,-1.784174047311704,-2.7468300998566306,-1.0766981429156424,2.600837250805239,0.4462943327303475,-0.984966578569106,-0.48527040286728296,3.122328522294695,1.1089288483119133,0.6084575144207536,-11.092634953763755,-13.106773739216555,-0.1780034004698263,-0.970251822792239,-1.834533016486419,-4.833781456290776,-3.5080109931675527,-9.943347879370116,-11.369943407106229,-6.879067929607755,-5.345842026480688,8.522931791693948,8.02075719199007,8.766729141222957,0.003885433984203649,3.6782253083484444,0.3636395195646515,1.1758641338415199,-0.6784612647487521,-2.21908791418047,-2.413295293319556,-1.909774706067818,0.7805242460060947,7.52243649004184,4.233558881960243,-3.1895024714934954,1.9055655926024824,1.7633687790133743,18.748084536961766,-14.725706361591179,3.8367936119549553,-20.409586006795898,-1.818968675181982,11.111260737303253,-2.4265271978795244,6.639868116123228,-19.114366602819818,7.456895594005658,-12.654576469351246,15.172221994901738,-2.948937467044433,-3.5510144210182393,-2.8111507505246296,-10.414799663091017,11.397307055359231,-0.6461881854884337,25.98534036262526,-19.337217651655834,-7.073901876893089,12.061947559782263,11.361254647081164,-25.40858451576886,-0.09635727582606377,0.5858935987938102,-6.0225419181911475,3.963467831216704,-3.2746249086592023,21.81741609727346,-3.0271310648562224,-4.9208686008917875,11.939491294644496,15.150917894316777,-10.880290481790588,-1.3004046838481131,-12.146850009954596,-12.974895554847864,4.598572107794848,7.891610934753488,-10.666994183306914,-3.641661243567443,-2.0594144466518602,-3.566590391373883,-9.826924140513723,10.216672897619587,-0.844175371334777,-15.430112748498669,7.568747625275866,-1.487542414687377,5.4993446170576155,12.653778997670218,4.390416989691892,-9.038216118703465,-13.731931466539352,14.648136210019723,-5.496676785648017,7.227215273792084,13.712658071260782,-0.017157206924059896,-6.503737946626646,2.551369181829621,14.479793315086996,-2.3759535253734145,-1.2195796310087608,-3.4271802873680586,-9.905709113087173,-0.38672808617679605,16.31260084977497,8.956351267084079,-8.88884213294336,0.4909631685064971,-6.737345069773555,-11.405654870321195,4.401833452432282,6.5363551659818935,10.218972594595893,-0.8896758901802991,-0.045798041095219066,-0.841094142225374,-3.847906430542424,7.275154467814585,3.241403896774179,-7.7075689198119015,1.361907081980045,2.22136778719734,-1.9763804399798268,0.589489992974286,-0.2250832769362631,2.8876357428145942,-7.6499517380916675,1.1606557238749113,2.658307726735485,0.9034344798135102,0.7073944261456615,2.3152037342788185,4.235537558615829,-1.9190248638053529,-1.4664099140644888,7.580103506308008,-2.256463083281658,1.2857848560421012,2.614300511929852,-2.9734283833331614,-0.09001383687088234,19.802522084631807,-13.167048635208161,1.5297906802523402,1.0659425796618107,-0.17705947417584877,0.9953940959435146,-4.131673471617931,-1.6849530503101824,-3.8000882677054935,4.118534427105708,-1.370558072526624,-0.9591258478331625,1.2309094483203382,-1.0987082159534263,-11.651306407255884,10.08366923295813,0.5395597738335745,0.903674810237394,0.9305930136808072,2.182924098584536,4.3886941768219705,6.9192342400560065,-5.488098431936146,8.158268952834554,-3.2692651113019404,0.7527205674521464,4.734986292540391,-6.5252263631352205,-22.222907633034488,10.196035418411604,-11.725896153420504,0.15491696239662991,0.30579616917216523,-3.1691898093714683,-0.7910992265369566,-9.28877434288845,13.191015430184136,0.5107704072597916,-1.1391507722236156,-0.9961675501818702,5.566523013432956,-4.085334737239918,2.018436201667757,4.2403697913942064,-1.0539276637648352,8.986453814148687,-2.051902721888283,-1.8490823034541557,1.1410852951878432,3.665194446766292,4.355830406466387,-13.872654329143513,7.589486446964125,-3.163993891838739,-2.6021411123869878,4.056066832988792,-0.8703178069594207,-16.260238093238613,2.193611730056403,-1.4580439089788297,-1.298999077058827,3.924189704479844,-1.2797016142609894,4.6591198896043675,7.134248228721798,-4.096498851045152,3.302323271636674,-0.5526722813773854,-0.6343787848772336,-1.765461150276667,-3.2758016397162026,-0.4950120698953862,1.6118997614356465,-0.7924178938246258,0.33988387049463686,-7.693414452533422,3.3790056653897422,-1.0671321789723724,1.7982225413492314,-4.336604062679136,0.3817172231950797,0.40816270205820826,-0.32989205581456227,-0.021165032796115348,0.6284589078518448,0.4711161134465322,-0.15238527529518922,-0.7530186209247233,-0.37702270781121666,0.4937514497422719,-0.345595208539388,-0.4735559256634135,11.654695863032025,-4.621945003863749,1.4349918129874597,-4.589464633280784,2.2616282481680066,-0.4342753965294199,0.1974645944912239,0.11218137632241547,-0.7904014411719119,0.5066881242295007,-1.0216438353264723,0.3675411294507175,0.22566863540153906,-4.771788100648831,4.936500221211436,-1.3343245720710497,2.2435577257860677,2.4178264296166834,-4.105252956046555,0.37176698622624393,-0.35041584401065673,0.8395812373286485,0.015447185663390147,0.4712525409767079,2.137441380743517,-1.7936573325408585,0.5946455657885021,-0.9301283117156527,4.118368162034026,21.941470964267463,-7.297428055431087,3.547169072664714,0.1557605417410617,-1.9818713079409138,1.661313233192659,0.19928497948278745,0.10169291208437937,-0.1692075945658631,0.7193753343388876,-0.42915287199987884,0.3266455149757742,1.0359943343372808,5.617135322491404,-4.207541361246968,-0.27660471694515065,1.9364205824350684,2.7802295771296666,-1.3085803614189633,-0.31268104056651463,-0.17850634162611825,0.49100666610498317,-0.9104023251858288,-0.1698203386942361,1.794323560572304,-0.5067325979733395,0.7844131134303697,-0.7215458022612314,1.579466164908334,-0.46793775102079244,-0.2806118685366529,1.1152576419678013,-5.082619359361895,1.5219195834556214,-0.8688232932412077,0.5837312290245892,-1.5813397271840497,-0.5185283829005514,1.6204940493746294,-1.1744583233386046,0.41626633034181676,-0.2059814233989782,-6.690350140691197,0.46487170242296555,-1.9467787240348542,-0.42034299982403167,2.727306211897965,-2.3190782113529362,0.5556556279788291,-0.6078846374776216,0.15846516082821144,-0.015565713457537522,1.299993194825923,1.0322307739670538,-0.3758477355839368,0.874507459816737,0.007863240498274532,-22.896617937933165,-1.0687038637136828,-2.000089121406455,0.9506695481312709,-4.996340784596545,-1.018393550457812,0.22649536099588943,0.2462445189645576,-1.010702081790375,-0.7480709090086772,0.9177829646176262,-0.31975026339844576,0.2113598567174034,-0.23878355136978238,-4.434651251097216,8.926370724754461,-1.609873795336196,-2.719076940004227,1.1701089982767328,-0.08974312814366353,0.1389554334812797,-0.49085231337260854,-2.313572138149871,1.5977417217355379,2.698817707370203,-0.4023031101637703,0.5168237209275875,-0.5785177347763335,-0.4995871061644041,-5.07895698601055,2.019781199002727,-0.3316064343270018,2.0540899770961043,1.0052359482219413,-5.483346686050001,1.755891009185585,-0.11331179461691436,-0.2123678166693991,-0.07533409180299105,-0.14032670910662193,-0.5388539324945855,0.7167450559982195,-0.6192594677405772,-6.366347169592904,0.9224138296556351,-1.8786573321755364,-8.257414331088816,-0.6222791374398412,-1.8723815672492938,0.3079112891390791,-0.10264923109510253,-0.8665875539680176,-0.25512996352787287,2.917194692654505,-1.5488583237046007,0.023213633091965162,0.43906776475659004,6.646594225370402,23.239011541668532,-11.04924069387175,1.271031057710781,0.33393207083854953,3.9607072715801217,-1.3023516324949818,2.02039560902775,-0.9703520936434207,-0.6163800573135415,-2.3742007491027954,0.6720888046751632,-1.098721742843253,1.0439527330850444,-7.445032169399973,1.6864813196643313,-3.2459461235836087,4.021574668994247,0.31405071026002085,-0.644806701722203,0.027743926630704237,0.37485993031405473,-0.3164040087791741,-3.5810748481741226,29.270007225428177,29.24590061619776,28.559799414110927,29.821901323532867,28.794962101264847,28.94064295102829,28.35288507695045,36.18920762334404,34.98165990370122,42.07472504994596,33.11751126454442,42.25446257842241,30.226841015039305,48.314849618672234,35.64532743057369,38.76270316606913,37.69801232805401,46.83111127584604,30.73305596113677,22.139148216988776,-0.15190655878263737,0.09125656909853608,-0.8024939210214448,-0.34079223106189555,-4.260725902434607,-7.060181356059663,13.17000891356128,-5.340442319905863,15.239436377371378,-4.089372900647359,-1.0611385733175547,1.4395678214922247,-10.738419238747175,2.8987663768922163,-12.300088670367598,8.555735769993674,-5.776354798787287,8.733460459273495,0.4611756599911304,8.181587879118664,-0.10292318349170393,0.05238529207982816,-0.47802746920922345,-1.9584180624493255,-6.170173036223221,-3.699849657691069,-12.548140103444752,11.541092855088381,-1.3477407931534513,16.475128033988515,-6.967369558673164,2.705688720017995,-5.6334847328711195,1.3056305973950688,1.8944249825970614,-2.911669636160231,8.818072619376256,-12.492387782167402,13.772445580834969,-2.3949377450474096,8.753567349880818,-3.653044333194709,0.7784584028366375,-9.575314067095766,-11.431501331841913,10.683178399615024,-5.255476493074117,3.563401725822384,-6.328843548347423,10.112458702071981,9.726510051779458,-0.09416554679328024,-0.36825907671631186,-0.970158808792982,-1.9769402400063663,-2.2384649690918326,2.3336717445816144,-5.44830494819751,-10.835088124747854,-15.97429380123613,0.7587532618917916,1.1466523309598575,5.875073753115515,-4.178803225270922,1.494796310875383,-1.0121709187816241,9.789625126847655,2.4632753174214823,2.45448722379358,-0.22673028697928418,-1.5360932172205584,5.061946309297838,3.3619326480162144,13.64401667787055,-3.713990429431719,3.7973754453745876,-3.41023054189924,-0.9776051449334556,5.2538122420132725,0.2672667198297051,16.115003573264758,-11.573182694179469,2.1677415461227336,-3.714592371419867,4.888149121902812,1.3701046848162801,-3.9901114252873486,-7.9547709983839585,-9.91202407586697,-2.9384633141377785,2.5030332618339433,1.2193990854452779,-7.297543199198141,0.005520876192924559,-13.07960710347511,-20.144008257554084,8.109942878149178,0.8460999228085372,5.284792236568936,-2.6240716064903995,0.9633771292826698,1.1827299940298017,-6.6234972540243415,-0.3901405570241409,-0.3008515495434666,-1.0571306509596958,-2.138919850241446,-4.968209424793803,-7.743559932120073,1.5780998795981938,0.27105838277159056,0.6548681636899683,-1.0968302941479708,1.774890358081039,-0.08824547359471444,-3.592284971958588,16.624412698031588,7.2049017315763,1.130684448868794,1.0641216728161267,-0.5013952758335039,-1.3283408760720143,-5.303763857789693,-2.697208499101646,2.7545839449667606,-3.072390721631514,1.299819593217778,-0.7040197940954603,1.1611149910875147,0.14884085711221506,-3.803744203416649,-28.309369449531015,9.468828511052807,-5.883643744700478,2.6728162715639647,-0.8828292363976318,-0.44979992195055657,2.5913646972892916,0.727391398521803,-0.28322827948788265,2.2556871344042153,-1.6886130105341357,1.0996834951204577,-0.4644669880512779,4.118399639289174,26.344104882220293,-4.659326353065023,4.039928511246118,-0.8690966077023055,0.9354527095682506,-0.43403969104422724,-5.001945112441024,-7.713325238780612,0.08678806538584027,-1.525846637946608,0.32411683529430196,-1.1411065720444828,0.20986270751244662,4.273403691314876,23.13133491178293,-20.637173685105562,4.859224744910003,-5.749291598965597,2.5067591142284216,-0.7283052641496325,2.1085013514571282,6.840519949458642,-1.863290908401449,-0.49865060020998225,0.8812925722436936,-1.723541207498927,2.179202924322291,-1.630196241828826,-12.635544346941826,-11.283181955257737,8.172436003950775,-3.588855411726062,2.621541994135184,-0.9537662173175081,0.09523855833891688,-3.5853902634427053,-6.076788430889411,2.0024962040373007,-0.20627297727768745,-1.1309597095120414,-1.57788363319647,-0.22227825546473134,0.35030262243512966,23.07478587405888,0.2173633448863242,1.351900981372249,-7.232273202714399,3.192110849160116,-3.0287577439256412,-3.7058767106675745,-5.9763194966003415,3.5214354623454494,0.2952884048882837,-0.34810234158284653,-0.47219956749378367,-1.7419106716332664,5.083724533080544,-0.33643986746760773,0.6977879568052194,0.3207335013288111,-0.8142135412892133,7.976582828183725,-3.784833122482546,1.4922786985703222,-0.13389803020713778,-3.1299237650038156,-0.47904888561351594,-0.4763495542541808,0.5666223841977771,-0.383026345210309,0.42758744211245675,0.45110418497351634,0.2672775129418216,-0.3281010727273938,-0.22063557365967287,0.1664750043067889,-0.5853642625329021,0.17268267633085838,-23.95618731601172,6.9392890393510624,-5.3828185947324485,0.07600547704208489,5.008078031250641,-0.056461346208201216,-0.3224060964218391,-0.7691765115431688,-0.3937387464710796,0.08065231027079943,0.7140371831633344,-0.609020042842213,-0.1357864653134917,4.629659815043155,-5.818181374545252,5.341996167708295,-1.8622959218440127,1.581112649021789,2.4051581927960717,-0.7464341812925402,0.07909532119426148,0.6400995138314522,0.3356255027889718,0.68939323874954,-1.7724105323426804,0.8623899080486741,-0.1609473294095706,-0.5014578233053538,-3.847231182374761,-26.734841648915364,10.412693382400917,-4.415723591628673,0.2730295811128965,-0.747571512498016,1.9139100743328767,-0.5223404252816675,0.38863375478357187,-0.1066911342890454,-0.5687137674902744,0.6126453228678574,-0.7109363060500903,-1.0028170164064152,-6.156615312069355,1.1836343042227306,-1.509122789806679,0.6898002913424102,0.02337999671733302,0.6986016921053505,-0.36506823411023664,-0.251183089005969,0.3052802483421134,0.2079724563447784,0.6670529036524883,0.2206797929326967,-0.00982898135675377,0.08881051856964163,-0.16841293083489633,-2.4394177406650654,11.777399516755736,3.2335926513724926,1.3513158582574227,-1.0197701588024946,4.057198374688927,-1.439110662450419,0.7545575720510406,-0.8351969969636306,-1.1061085859892188,0.2573615775070541,0.785683701226074,-0.7205916519948387,0.19969932565551968,6.472133134084623,1.3309041350205812,-1.6149824916669975,-3.1215734301457387,0.5681629559676079,1.6266830067467246,-0.4961378263927575,-1.2868023380893248,0.4599372454844504,-0.7153475495049182,-0.29595728595411414,0.03583798355287583,0.31993225644555157,0.15701059559952968,0.6366083071986594,22.96172106281084,-13.920739474203371,4.465736464070246,-4.178791012042288,-0.05448669061633757,1.048015754046448,-0.2710232492444062,0.3520882828277124,-0.6012769435689344,-1.2848265719189178,0.6136621625883161,-0.03315864128890542,-0.51734378271515,0.33566249183581,4.088590295264135,-3.8931074847172864,2.351100354807469,3.7310912236671,-1.6700266523059597,0.01610620654888074,0.028906499209953654,-0.5508964029513933,-0.4497670223003349,0.11565351049034357,0.3065863286992911,0.24960343127951048,-0.0722141374164289,0.32114640404304046,1.256615608456098,18.585334921834452,1.562599256540778,3.78410980271402,-1.0108377959109933,0.20362928428110544,-2.2026809609541074,1.0257462893727434,-0.6351052986173663,-0.44003369577109436,0.8601996776163604,-0.3103833318403937,1.0568138967757568,-0.7170849168446692,0.7854037029330799,6.380952180439115,1.1642011853652812,-1.7027996184403689,1.3170529108594626,1.4031587551810083,-0.2807936973526621,-0.027162344869271268,-0.06177988401249275,0.5616142526135206,-0.6405522222473958,-1.4678506692280096,0.4099652982943989,-0.31618382779520343,0.6958260592043327,-7.312613143839451,-22.718732771968728,13.912961282088844,-3.3466712968675827,-0.8587104015817292,3.822878778558377,-0.92606383104534,2.7779581432866545,-0.7875219201593052,0.3207629442662975,0.2317881215789675,0.7206378835925784,1.104532315321159,-0.7910673821932663,7.366864961598928,-0.5140695294436547,-1.203170219069952,3.265528407928002,3.76297040575581,-0.03595708729316891,-0.053861263527282446,-0.7759459121344702,-3.5954926109601653,-3.0847329154928276
32,4.4886466665057005,5.26182826357878,5.50633284528538,4.8035211044663795,5.660771230169165,4.601109149294235,6.768832987234925,-5.401152483944604,3.111288108848176,-3.2679222049993335,-1.060767705742486,4.16514846568928,-4.419920531497314,4.1815251720649425,-5.509835815702571,4.019131636889905,-3.1192747244533825,4.672059568798415,-1.1925155736517372,-3.121134609103816,-0.016225360294664662,-0.5559849904918474,0.3425232745788099,3.7500199469178983,3.0401493963139954,-5.260355630195962,1.9428938969848502,-12.0480822651508,2.8205037844994902,-9.126804385481234,8.062727428622381,-1.723785186117618,8.007720512533341,5.651532367280553,-9.069386212706172,-1.214734678474364,3.8286887060874575,5.304683925225334,-5.378643982682258,-9.23112251742533,-0.12062010260041675,-0.3519441692923358,-0.48446862846791156,4.3935264245884404,2.2400747141506754,-3.0361572326052637,4.524408248435358,-6.076622806924131,2.4331327149237807,-10.021750414584332,-3.86275588060706,-2.6541247306061035,13.746664165346667,11.198604229409,2.024501814498771,2.017533963927721,-13.479723627028378,-2.0436857712228726,-7.155219023708442,8.089821664704123,3.1119591716801525,1.424798850623351,1.6135583427898688,-0.37751917310701993,6.045317506978612,0.6010921403425068,11.678011350879858,-13.937671401897957,1.3734769354470933,-6.8620395255338416,0.10713735999921022,0.1032726055799779,1.7365055896369836,0.7166274751644702,0.5143570448491822,-4.441373506793236,8.502402289833928,-2.4013490262683463,-16.277582961563485,6.766134916413802,-4.293140101124739,3.4418861065593593,-5.071981667726739,7.648882066410907,-9.866231515190535,-15.815877019859553,11.482739817707188,-6.194877411041338,3.3686292510528193,2.062935917378183,2.6165912337689727,-13.587185894695516,2.922426387795486,5.369031796528363,-3.4240290201361616,2.3188504211274665,0.7441831803495031,-1.34438685116513,-1.6376111395556179,16.245314909005884,-2.3447385587918426,1.3075132016458877,0.15243452482335437,-0.08055523880499052,-4.633410154874253,6.228881758527054,8.343473688472553,-10.670013131230922,5.930165294876455,-3.2070678174385296,3.142563528676515,-6.56699148784536,8.167997675192485,-3.0490295340141516,-16.269876123321918,9.486366080492095,-4.247868178591789,3.6434260571552417,-7.914585109668103,8.165647854553779,-3.7002679525178017,-2.4458466211134047,5.532780243707011,-2.1182779801890903,0.32255802792628835,0.1345023610602433,1.324734278318465,-3.112379724497386,-1.912698509232366,1.4999109252475022,-0.7195857705454524,-1.2632922117132916,1.1748981878071687,-0.7787466136819369,-11.72039780675782,5.3620961880839,-2.5211002016296065,-0.7055978514241112,-1.0324631084637161,0.8051177070812174,-0.8743086521538053,2.0331677934542123,2.9799645954849487,1.033430860593687,0.07031451259382501,0.3091685628943115,-0.38006032361076486,-3.509319174922491,-2.1915333290002907,4.608627215762419,4.966563530899879,-2.8183510235561924,0.42387474613580656,-0.6364306480834981,-0.36801336721415,0.31417224869765553,-0.7592425254274429,-4.961967915794937,2.4093255861701848,-0.15876678297359065,-2.718182971545266,2.702614183131888,10.193451499915275,-6.353616483046948,6.0756359252457415,-2.3076617965459514,0.5861242848105969,-1.286939017675597,1.4520593432910518,2.017222934426005,-4.584440719811992,-0.9246932403010553,2.3357977174977456,-0.6541960394195304,1.0383498959601498,-0.9805236532296784,-2.2583950299205884,-0.28970277892115115,1.375014647452342,2.255599887055032,-1.3711332177846745,0.027426465843752152,0.1689419486878208,-0.2992211839016975,-0.8757257781642733,-3.2405934673158,-3.3144244002032055,1.3662957240778504,-0.5255307854653549,-1.425743001732726,3.076260596414137,9.54715751901047,-7.246383509035411,4.300917417931582,-1.799905469322229,1.6470366243398384,-0.500426593115518,0.04755976600599283,0.38540007166336143,-3.222317715475431,-3.1972649938947804,2.622783028439949,0.8996065634126116,0.6128739882119298,0.44241021132325786,-1.6205587053187767,-7.94232583659031,2.2060377019526505,-1.0779526163335986,0.039444386644973586,-2.015121522053997,1.0052314878427504,-1.7050303581540478,-1.5310880967636242,3.352561341832643,1.9673740442384589,-0.49563451437077166,2.056992729984019,-0.3861448886573196,-2.5737379304266392,1.4081082446227353,-1.8898306499505464,0.15880658669027756,-0.752262056292127,1.6253425983964416,-0.8143384248310569,1.263183525271683,-1.2381589583988142,0.4768591982668674,0.2709005792955172,-0.20153913806876297,-0.35466882632262287,-1.3806727175576177,-1.126873399509267,-0.36858317588602374,-0.08246825188310716,-0.2206046141347193,-1.6312023672766116,-10.329647103601683,2.0124661892291438,1.0707116916729917,-1.433576176012234,-0.8335565674500083,0.023756641819568873,0.5094889197913117,-0.6272655065312773,-1.1186725070815144,0.6059058107616895,-0.14714657087816896,0.07330933099276937,0.035815636059024734,-0.5706252742369343,-0.9593581050549035,-1.2566887487208231,0.9237345739384074,-2.4207398242708913,2.045196460634676,-0.5519446128936918,0.10733301546652418,0.09574017218786893,-1.0196850715757753,1.0442362340211708,-0.5960561085105737,0.4401053435554336,-0.5471794104906053,0.3006126758980393,9.629117514194109,0.3365978290132006,1.125052319326148,-0.7924135623197273,-0.6041412210753332,-2.661863956547622,0.6574531478656382,-0.5603779229787424,0.37882694437401543,-0.07254874546540192,-0.1645878997199918,0.08228503670813053,-0.1895323005116164,-0.15250075808950886,0.6767457921961147,-0.4967009116843759,-1.5431076560903467,1.237379534716795,-0.4025911351521742,1.113159586118244,-0.3250412792629118,-0.519561887540533,-0.20740480258235122,0.836663383485858,-0.8709682322999124,1.631144897712534,0.03671704874158761,-0.2585951724589196,-2.4148340045510004,-1.5093186238830543,3.5835064476289373,-2.893787001022938,0.8910962627629162,0.34994863422262806,-0.33393863147323466,-0.39798545400277396,-0.5736709663739593,0.5243467317858865,-0.10130302661185588,0.8932465745799425,-0.2222530271233818,0.16220172701424793,-0.7975353205754173,0.3488105745943978,0.8738589370691253,-2.337935425179574,3.135388377248366,-2.5868525237307045,0.6773738224000245,-0.29688075405691516,-0.5892413113452745,0.10882915222835267,1.493649685351557,-0.5940833756415154,0.023491373125511743,0.4799196696983672,-0.25628100112883884,-0.4185574406927238,5.704809690355886,0.8752104285564861,-1.3258388711639797,0.8021843644596122,1.4642036748171892,-0.500728503112218,0.27077540166369934,0.6987787392153189,-0.5365332263614914,-0.2618593257705118,0.26491731045344374,-0.09881604818660973,-0.0623000204482842,0.06261625496874555,0.2298837624494924,-0.21577754487415254,-0.8205633010934396,0.8547603527110637,-0.527723971748156,1.897016424226535,-0.21936374845533743,-0.198608589102522,-0.4882257873600091,0.4293755080080308,0.7935855634613129,-1.168458812024831,0.8172861818087698,-0.09118624262877523,0.6076068606554552,11.480302080745279,-4.046172361359742,-0.8464514940622576,0.4066461048844695,1.2978293645952705,-0.43175187449565444,0.38579944685373224,-0.6710308395103839,0.23551447213366972,0.581671739810158,0.3674062844244877,0.06256492282679219,0.37828384162086176,1.6250890913821043,-0.5508548267298686,0.9999165151823363,2.1502353029748384,-0.5716665053369996,-0.9323625907228922,0.3289038529295364,-0.08696732044886733,0.10099608289577508,0.9415896272872304,-0.1375251114325611,-0.056143618827472555,0.6521473504091546,-0.26701557651328073,0.23188293603546825,-2.406095081578812,-5.271195810232318,1.7139411628818313,-3.027070993486035,0.9015768843466777,-1.7888382114463652,0.9404471317843122,0.565265110486221,-0.08552257037600873,-0.6452165300366319,0.4133315233697937,-0.15532570708805482,-0.42237223705816496,0.4905657201766353,-0.31902110465888933,-1.3485975251671445,-0.7843507253534112,0.9272037530142465,0.7728600320682378,2.6608105151669164,-0.604609393880383,-0.020604901434593835,0.18972068845556442,1.4908777434049887,0.8683904693237536,0.2872101707340938,-1.9610052604341512,-0.8035117949328784,-0.012697001523176713,-7.224464919007927,-8.549955759752864,-7.512045178534801,-8.265187574188914,-8.089797156071064,-7.393656784708354,-9.91082205642191,2.9562662654856906,-3.597161573077027,2.9990927479169107,0.1924908250641116,1.0423584468655218,4.613013522312797,2.0472587263763335,4.190964883003262,-4.2817813156544595,3.7228474018506184,-8.587763728160644,19.5940109331693,24.091831295933368,0.048917205533589275,-0.6940700149788691,0.11005450900670537,-5.867616561576446,-7.684982609490262,-5.230888776778763,-8.934575625203173,5.803272878294581,0.7182391597166699,11.224013096534872,-5.510515343733703,8.86013402715216,-7.269860844620171,-9.183848316129621,-8.242992039720349,-5.4311625568159645,5.3738012521239105,13.630573918777127,4.774116221819472,6.395769654693137,-0.43734362596725507,-2.8875037892654425,-2.516766354115776,1.4066005162278583,8.60483573547798,-8.988601111066368,-0.8117340441227411,1.3378601180633887,4.528267392545287,10.910584930153098,-6.269783219241749,-4.3691588935636965,-24.65619982659156,0.5634846694345996,3.95252133180682,11.200070596612585,0.43816138721942927,-2.1229903931121106,-4.747867817940359,-13.501542638493907,8.444655653399508,-1.6675267515702703,10.896627543773802,-7.158678093192262,-0.9253803013121521,2.6779194303766958,4.297406441358765,-7.519862745487417,2.5153812528760624,-0.9133137611920198,7.48686944442891,0.0349534018576704,5.051469639701265,0.3476171410189017,1.4222141155591004,-6.69532531352805,1.5959174192377994,-15.160714567758264,11.392924652818266,-10.252787025663501,2.1829301680112785,-0.7989230151700946,-2.925854778879754,5.158584710888824,-0.3756942191917146,11.888531233381382,-4.721626535185833,1.7864866260393875,0.5658074597910226,5.42885297688748,7.81475985802198,8.598181341527836,14.582533682618797,-1.3691171568558593,6.9321767568396275,-2.188356908183516,2.4855215947640916,-0.7336401407696009,-0.2662148192288549,-5.889926598429498,0.7534563286267668,-1.4350490898879047,-1.246864043874261,1.2055695772475614,-7.483302655408335,-2.1487358866983213,-20.836302049744866,9.849340053405538,-7.199440334926561,-0.22765043368582571,0.5272832594998127,-8.364033923440687,1.3971526161733385,-15.669758687873724,14.972640165329738,-14.556380952169906,3.5514833508614414,-0.673666949096747,-4.215800054987264,5.806894667741986,-2.246800673384509,-3.0089801479971765,3.919725266157147,0.4521607582477929,0.43330900467569794,-0.7649151864728296,3.6602608844560556,-3.9198959442836254,0.5433990962062932,-0.27365009210800667,1.5866372221848917,-1.3236118492270224,-2.141069887947919,-18.984216296316923,15.190111031729227,-6.678937889901659,-1.312569601066373,-1.5415689038111942,1.1842653162772014,-0.8766273855682253,-4.095084717980207,-1.0065099604379555,1.1754947402649996,-1.957219466453129,4.55394475472723,-1.6799577252176763,0.39241495338786925,6.53988709054849,18.811944210576026,-3.9243902427505057,8.400116393983794,-0.9483060059958364,1.6351230361517592,-2.9333767632519976,1.3201599409498357,3.624158513077697,-0.6329223801019004,-0.058024291595059146,-0.5035489297844726,-2.5626522185884775,0.4315657629637257,-0.41704338354312087,-22.21221806576678,-2.7108151012133117,4.796032805491158,-7.166531156140002,5.515595598677425,-1.604115444633778,3.13920036169286,-2.3160855148201605,-3.6998170170136127,1.9671441049528384,-0.9288895539685866,3.565166437416253,-1.9457302973473545,0.2968339014197114,1.400087933179055,10.478646870153998,1.1044001677703927,9.00037944236583,-6.592115809668733,2.2855206864656816,-2.0401521910090272,0.2626347418869605,4.354826869084519,0.22511742312173644,-0.32315297302866675,-1.77711998998889,-2.4237370818066997,0.8817393311359565,-1.0624161153462328,-22.221138137922985,2.3921568242936906,2.9593275189534127,0.8475843737962817,3.1973978916439685,-1.2442115292697804,3.3491751429717413,0.734801828266838,-1.9551410097608042,0.4083296690782393,-1.8935432261229044,1.9019302041383706,0.09928805481544016,-1.028123373578981,-12.782607633152478,19.169934345024643,-13.415375043564117,-2.4920690177598948,2.7655112962547803,-1.243443326078918,-0.010369995874875701,-2.365941621415358,-2.0541908819154613,-0.35897970019300973,-1.959982419859621,3.510037253974595,-2.019555969119134,0.5784051983702921,0.32506829354808303,-2.0672317999522885,2.4531774774481536,0.2888668993993334,-1.8892588593973447,-0.2930144401570199,2.121225479263007,-1.665238204003949,-0.5373294037357497,-0.04386005169103782,1.3826177116701408,-1.6025315248135144,-0.6531440310665079,-0.04407167815408254,0.3686498737627007,-0.06025045021258881,0.10400731654215582,0.6345352253430594,-11.604423289591722,16.966908270328904,-7.350464372179729,6.89925760575021,-5.761906947116722,1.1974001334519984,-0.5463271570328692,0.20851982411505304,-0.3717086487595717,-0.7512256685106176,0.4098337348081153,-0.41923284948787537,0.9036873983184359,-0.645879511286879,-0.30623545242051775,1.4641455292370023,-0.5354053691037833,0.10531743125475788,0.621940400664,-0.16631643705343482,-0.21957086303813694,0.2880575367382064,0.6773657415269739,-0.1246176308577777,0.3484141505408571,-0.2092248728821146,0.08571082057273313,0.35364180867438155,-0.9740348101964054,-16.993555530912058,-2.82012278673696,-0.768192989869419,0.7959861995058685,-0.43953132485047147,-4.708973701917174,2.2302326689700838,-0.039629082483599615,2.488823550999651,-0.3161587651575921,0.1530197785501801,-1.0348932301741085,0.162385107879244,-0.8970312070170549,-1.0803220943469525,0.467346141388677,0.3380732698620409,0.6670971995859429,-0.9152494080051234,0.2775432423606712,-0.03936009271981961,-0.14054900974501175,-0.00860024499357486,0.12907677182339064,-0.09983046277617794,-0.06365087328110726,-0.043888680293216804,0.5690180763901459,6.163952212300278,13.70045991355998,-11.548110668243119,1.8673153763485586,3.671332243769367,4.355456677303024,-1.088405128874661,3.027050102430986,-0.9977779563807689,0.07936741900488924,0.7078465321331648,0.43720298091709564,-1.223162656027869,-0.07449701122515923,-0.47342172493143136,0.09362994590471725,1.762791239439296,-1.8792899847443927,-0.07388339869418062,-0.5030840807179575,-0.6298258446980369,-0.0448518329534228,0.8168499845139293,-0.10333529243099827,0.2804242686714162,0.1568077317045947,-0.08761611480438186,0.03457272610091734,0.5451481296310736,1.041425256224641,-3.695922709442289,-3.258684653076504,-0.8843736260488394,0.015038658320008717,-4.615366231205985,-2.9405500570625964,1.0080687277238105,0.24966631034212175,-0.5896780673615781,-0.47871278247944243,0.1852058843778832,-0.48668517066318545,0.3422485005176273,-0.7688782992635403,0.1411489294671705,-1.2313079306011503,0.9105101361921625,-0.10762854928008758,1.3748988494272496,-0.06510486208446786,0.485507704721966,0.452746276136319,-1.2250621839443645,1.2469701656705203,-0.0934002398758605,0.03503285903083311,-0.1493522036297093,0.0349233583421807,0.9105334481958168,-10.255979988524874,-4.873813485835054,0.742441054616084,1.4344935598402708,5.485305561490143,-2.685011238140979,1.96897897936613,-0.3336013696403062,0.6408786011065288,0.45125707313028135,-0.28675168558082215,0.7216031062625307,-0.5168635598097338,1.5427232908727921,-0.6488442033345981,-2.7244877986392577,2.436916297773149,-0.838632973438719,0.10196118048274984,0.32858831267491456,0.2537154799634761,1.081809897282666,-2.165203721404827,1.4571864825070915,-0.016224388664375356,0.02393307754615976,0.2508688128045783,-0.49299852695171176,-6.34674263761923,12.536835278357973,-9.004652048076254,3.6627392428808303,-4.230475769912009,-1.9286421903766642,2.049650233007969,-2.1198848901768144,1.157631043166988,-0.9691480068414401,0.24821518444210608,-0.9685417511837291,-0.18768233600204456,-1.2805599250389839,0.6627327464227953,0.5491690651272685,0.02684870871899209,-0.2851220999634529,0.10826295931090175,0.6420633534969896,0.33120549912168296,0.06540380866468087,0.9815402286880762,0.059349335992564096,0.39073654007451003,-0.13345769084086515,-0.21715373488340461,-0.2061054736195268,-1.3765591589194268,8.700144287115336,-1.9176264726882128,6.774586149904831,2.4640452094994347,6.356668454297845,-0.36645109162868783,7.242781528335507,1.9662832219828512,-2.4409011911378222,3.175858590134823,2.6053427025289606,-2.2551812692640834,3.08672862697397,3.36777415577721,0.645403907856875,-2.4880791897273666,-0.7289432941764078,-6.708721223638876,8.603315230512692,9.608444074419628,1.3679303234753337,2.109499017697064,6.983905291719006,-8.766364109603613,-8.260204598176006,0.16901984744581272,7.173473054670998,18.30125174951495,11.92626156956281,4.6878935844874,-9.780097499347931,-5.144802785949756,-16.8536956130884,-10.936788564524635,-1.5132322792711537,1.7364705499067568,-2.8832413053078034,6.103007340752068,11.48628944528818,15.957561832023401,-1.9357323272129878,-23.289893025524936,-12.072687629588005,-6.727371334344651,3.4730746070758034,3.4268122127414977,-15.416714170032312,12.60393174891457,-4.368780549310499,13.153719455584637,-4.253796129336095,-1.8755328006038916,-17.42418641677432,-5.112081084440137,12.6482392923411,-4.566388168000886,13.477663620290489,-13.198523035755635,8.549853230366688,-14.21710391227902,12.579469835969562,2.249923830104423,-1.4945176811766878,2.6202139999312526,-16.171979387712316,11.690368931318694,-7.906212275010894,6.087303341944397,-7.069780989736549,13.08717694394096,0.43071455005004494,-1.0275090563421607,22.25630134392359,-6.155490916036364,23.57120601401659,1.5028942244672483,-8.646991630718295,-13.731179395255078,14.648136210019723,-5.496676785648017,7.227215273792084,13.712658071260782,-0.017157206924059896,-6.503737946626646,2.551369181829621,14.479793315086996,-2.3759535253734145,-1.2195796310087608,-3.4271802873680586,-9.905709113087173,-0.38672808617679605,16.31260084977497,8.956351267084079,-8.88884213294336,0.48823947270250356,-7.026773327754086,-14.668016514508654,8.555878195544953,2.5671903621293,-15.546444354024482,-4.8488924245146725,2.740310935602364,2.437072221781046,11.958577774676897,7.072659637883325,-2.0317290500808602,-19.32279607019587,10.785494169992901,-2.0801801931391974,2.673062529818706,12.465971312517711,5.203763539739826,-6.1842110306913405,-14.726095868062922,18.332720209005448,-7.2678547857085585,7.093379683655991,17.627851434109335,-2.559496831040738,-9.549621872364046,2.4883109856010144,8.792002924940135,-3.2637354026634924,-16.9260001159694,0.6770617187116664,-1.2841939974794143,15.599891985821502,-8.608618736644628,8.938255678020601,-3.3455231495374855,0.7527205674521464,4.734986292540391,-6.5252263631352205,-22.222907633034488,10.196035418411604,-11.725896153420504,0.15491696239662991,0.30579616917216523,-3.1691898093714683,-0.7910992265369566,-9.28877434288845,13.191015430184136,0.5107704072597916,-1.1391507722236156,-0.9961675501818702,5.566523013432956,-4.085334737239918,2.018436201667757,4.2403697913942064,-1.0539276637648352,8.986453814148687,-2.051902721888283,-1.8490823034541557,1.1410852951878432,3.665194446766292,4.355830406466387,-13.872654329143513,7.589486446964125,-3.163993891838739,-2.6021411123869878,4.056066832988792,-0.8703178069594207,-16.260238093238613,2.193611730056403,-1.4580439089788297,-1.298999077058827,3.924189704479844,-1.2797016142609894,4.6591198896043675,7.134248228721798,-4.200944034250484,1.4239421467387663,0.7502201690133143,0.8364913596705063,-0.2650769994918719,-2.1966642155302316,3.0371406983601363,1.5839026380904606,2.3870982348860594,6.404898873332639,-2.3893346333531635,-0.26044146967424847,1.890068045775548,2.8150927692346177,7.674393565398307,-15.476896582351399,9.221640659340002,-3.1291806461876237,-4.9319823537949725,2.1294376670410955,-0.4069663852775449,-16.03973515413855,2.4097358017072703,-1.1872709110660924,2.0979616952276054,1.2487323091491036,1.5205268464499584,3.8540848518229147,5.866548152892486,-8.434214981672817,4.1501073252458776,-2.441081126472171,-0.8974905101510484,6.407407444351215,-5.445764326868891,-21.860267959526663,9.69322434851492,-12.0417929693969,0.5543973718539327,2.0625311194097664,-1.5246002746153389,-1.3101220084248806,-11.651244188059819,-0.15465380736816867,1.054856044644503,3.511846019252514,-0.7777380820431099,-2.4976564473205083,-0.7640012780857873,5.445124186066462,-3.2000202505457347,-2.6394870633147107,2.019791777720074,-2.7269919666599045,-0.9272668280251845,-0.5674729626247252,2.727306211897965,-2.3190782113529362,0.5556556279788291,-0.6078846374776216,0.15846516082821144,-0.015565713457537522,1.299993194825923,1.0322307739670538,-0.3758477355839368,0.874507459816737,0.007863240498274532,-22.896617937933165,-1.0687038637136828,-2.000089121406455,0.9506695481312709,-4.996340784596545,-1.018393550457812,0.22649536099588943,0.2462445189645576,-1.010702081790375,-0.7480709090086772,0.9177829646176262,-0.31975026339844576,0.2113598567174034,-0.23878355136978238,-4.434651251097216,8.926370724754461,-1.609873795336196,-2.719076940004227,1.1701089982767328,-0.08974312814366353,0.1389554334812797,-0.49085231337260854,-2.313572138149871,1.5977417217355379,2.698817707370203,-0.4023031101637703,0.5168237209275875,-0.5785177347763335,-0.4995871061644041,-5.07895698601055,2.019781199002727,-0.3316064343270018,2.0540899770961043,1.0052359482219413,-5.483346686050001,1.755891009185585,-0.11331179461691436,-0.2123678166693991,-0.07533409180299105,-0.14032670910662193,-0.5388539324945855,0.7167450559982195,-0.6192594677405772,-6.366347169592904,0.9224138296556351,-1.8786573321755364,-8.257414331088816,-0.6222791374398412,-1.8723815672492938,0.3079112891390791,-0.10264923109510253,-0.8665875539680176,-0.25512996352787287,2.917194692654505,-1.5488583237046007,0.023213633091965162,0.43906776475659004,6.646594225370402,23.239011541668532,-11.04924069387175,1.271031057710781,0.33393207083854953,3.9607072715801217,-1.3023516324949818,2.02039560902775,-0.9703520936434207,-0.6163800573135415,-2.3742007491027954,0.6720888046751632,-1.098721742843253,1.0439527330850444,-7.445032169399973,1.6864813196643313,-3.2459461235836087,4.021574668994247,0.31405071026002085,-0.644806701722203,3.0051512365630115,-0.6659490357960504,0.33281408116904043,-0.018546870413883823,-2.882792678206301,3.2731061683767066,-1.845543538453697,0.3191501674286496,-0.07559867532628889,0.6340254331828656,-3.1841976167375154,-2.210367738849997,2.190406085671655,-0.12350164554922496,-4.105116632930089,-3.053027274795904,-0.06810026733625013,-0.4245349008725025,-0.009272727498401176,-1.7819440228806014,1.1699627027948485,-0.6664680547496477,0.6368838294755403,1.1768886583439533,0.8604696433526562,-6.648660159102377,-0.07257651652694189,-4.424598629392541,5.394097474116156,-2.199745763071478,0.11395257028587838,-0.23294619071519806,-0.25731247315289624,0.5388466895147841,3.362406813002641,-0.8251210605018864,0.33994505071062114,-0.250151927012781,2.552037941057001,3.497356201253643,-1.6126589762593195,1.4803906529501119,2.2336712719663043,3.165156877217874,-1.1101264129376232,1.3170746034066025,-0.39821233659806693,0.7713337520773377,-0.16243408133178888,-1.3078081180956131,0.5058265143291465,1.9509144916975558,7.293027388368579,1.7148194311216738,-1.8290173637328804,-2.4228009625864204,0.9658021538697955,-0.9096959084725272,-0.514296534426173,0.3187293909331763,0.5732380188672704,-2.3006235877283627,-1.0333123150174317,-1.3406842505390888,0.6055660297322314,0.3384017907843005,-0.23095495025426122,-21.357893751318965,-2.0024868498602317,-2.507050863200234,5.58889759155605,-7.900345155752909,-0.44262805973633607,0.1265666658794399,0.45820177673890855,1.0399612680009633,-1.3208716234542335,2.2155284186837862,-2.1130885020612427,0.006410086174576819,0.4791264919761304,0.052800857291953614,-6.39861972562548,5.580622871477141,-0.5776507076168482,-0.26550879044694164,-1.7473730439418906,-0.8378228379187583,0.2594550767601361,-0.5464753904954802,-1.6948475287515918,1.4015927641731876,-1.4810277463627908,0.9623976474146368,1.1205494586477072,0.0489025635057377,39.47477574751742,42.66613928771867,40.69058931978011,40.997737747154844,40.639844235778526,43.579307456614366,36.06064425647921,49.031589451861294,34.7649148087477,43.05984718923939,31.48239509008524,50.11631293446453,35.77257147078116,34.0024400684917,41.76269146602875,33.5037977392547,47.67564292342948,39.68979633469136,35.648774772199495,34.603237313861314,-0.267992244839803,-0.5820666931166318,-1.3139082464955592,5.406349515771639,21.000801210410184,3.600344978892068,5.316110836071469,-0.6904261002230556,-11.789222292739852,3.112513884496366,-10.810112501180136,7.971709387833387,-2.000731717832413,19.56284804890983,0.5761220611877719,-0.6773969603197275,0.5351195848113048,-3.2680613592355026,-20.276874613297167,5.658191828478415,0.6971546257397255,7.017878636003163,4.311222211990138,2.3085040992089287,-3.3287804977351723,1.112094616758542,0.49292814411080316,-6.493370005520087,-1.544103899712816,-7.093871695610465,6.252366156972977,0.2849948618352868,16.700298309251846,-5.740792822206858,-2.0287018973211737,0.11980167295182055,4.858221501116062,-0.6448156967147918,-3.565042928401777,9.753522499499848,-7.99905264525779,4.847886571537805,-4.3375999451659055,2.856312805311066,0.012945872686947475,-6.99210232304944,-0.06541347946192008,1.3022177565697346,5.65760457590618,2.436524739287084,-8.107165416855231,0.3678144799095238,-6.901436039787055,2.1181207719421433,-4.1476756047121786,6.105759358408982,-0.08800319406438992,16.193423565501533,-11.573182694179469,2.1677415461227336,-3.714592371419867,4.888149121902812,1.3701046848162801,-3.9901114252873486,-7.9547709983839585,-9.91202407586697,-2.9384633141377785,2.5030332618339433,1.2193990854452779,-7.297543199198141,0.005520876192924559,-13.07960710347511,-20.144008257554084,8.109942878149178,0.8455891992090251,5.231735261779413,-3.4095362420735382,2.1631879029013374,2.4972632365585676,4.769273741838516,0.8815303833693566,3.1591141239303315,-0.09082108153642264,-0.5951212518341947,5.563654617050332,2.0700873168276837,19.65974290935118,0.29026158279236514,3.4034814870782326,-0.9351679659264178,-3.9899896988955135,7.225621196796266,-1.1489919405631763,13.312835688848606,-12.62262780759057,2.1843420980320505,-5.467067487126291,-4.809425596535569,4.644847529210464,-3.5539874203864743,0.8483715169071914,1.6489199898130342,-1.9352610922559186,3.223157281827466,-1.2517908368320794,-6.687828054386862,-11.691019187624322,1.431926604428919,-2.0375652281165326,0.4226280873406384,-1.1411065720444828,0.20986270751244662,4.273403691314876,23.13133491178293,-20.637173685105562,4.859224744910003,-5.749291598965597,2.5067591142284216,-0.7283052641496325,2.1085013514571282,6.840519949458642,-1.863290908401449,-0.49865060020998225,0.8812925722436936,-1.723541207498927,2.179202924322291,-1.630196241828826,-12.635544346941826,-11.283181955257737,8.172436003950775,-3.588855411726062,2.621541994135184,-0.9537662173175081,0.09523855833891688,-3.5853902634427053,-6.076788430889411,2.0024962040373007,-0.20627297727768745,-1.1309597095120414,-1.57788363319647,-0.22227825546473134,0.35030262243512966,23.07478587405888,0.2173633448863242,1.351900981372249,-7.232273202714399,3.192110849160116,-3.0287577439256412,-3.7058767106675745,-5.9763194966003415,3.5013075076462217,-0.062452810448543936,-0.23410413398696064,-0.9770617148320504,0.2757729014877669,-0.6261652325085247,-8.319906665911125,-5.023159149440297,5.2825870514317375,-0.9738182018492789,1.5981722071357798,-0.9949258383564984,0.25709658539879987,-3.2587450548359294,-14.375723156703733,1.731006125787814,-1.5912622109910823,0.29724232896646036,-0.7459354177893273,-0.018819009620632966,4.509538067295965,30.500155874031986,-3.514893279513529,3.3280817994303007,-0.46782847197986593,0.46237467961919065,-0.8609121266022983,-4.335013030067171,-7.271036200067916,1.2630214762064504,-1.3554270110697728,0.15692960964040722,-0.9766239773003422,1.5104682013997006,4.4711567120142846,21.434877352863165,-25.90929066038214,8.20185936389163,-9.526558093793707,3.8825915468866836,-2.933580707863302,2.2773002113831944,9.437220602408734,1.8328579130195854,2.201886440808307,1.814961656330687,-0.8732522509370659,1.7928664806769714,-0.5154305832388301,-0.9692407610975253,0.1321812060753846,-2.3936877555974916,-2.031030546350258,4.1045608112921546,-2.5006635873226477,-2.9739356473198786,0.5681629559676079,1.6266830067467246,-0.4961378263927575,-1.2868023380893248,0.4599372454844504,-0.7153475495049182,-0.29595728595411414,0.03583798355287583,0.31993225644555157,0.15701059559952968,0.6366083071986594,22.96172106281084,-13.920739474203371,4.465736464070246,-4.178791012042288,-0.05448669061633757,1.048015754046448,-0.2710232492444062,0.3520882828277124,-0.6012769435689344,-1.2848265719189178,0.6136621625883161,-0.03315864128890542,-0.51734378271515,0.33566249183581,4.088590295264135,-3.8931074847172864,2.351100354807469,3.7310912236671,-1.6700266523059597,0.01610620654888074,0.028906499209953654,-0.5508964029513933,-0.4497670223003349,0.11565351049034357,0.3065863286992911,0.24960343127951048,-0.0722141374164289,0.32114640404304046,1.256615608456098,18.585334921834452,1.562599256540778,3.78410980271402,-1.0108377959109933,0.20362928428110544,-2.2026809609541074,1.0257462893727434,-0.6351052986173663,-0.44003369577109436,0.8601996776163604,-0.3103833318403937,1.0568138967757568,-0.7170849168446692,0.7854037029330799,6.380952180439115,1.1642011853652812,-1.7027996184403689,1.3170529108594626,1.4031587551810083,-0.2807936973526621,-0.027162344869271268,-0.06177988401249275,0.5616142526135206,-0.6405522222473958,-1.4678506692280096,0.4099652982943989,-0.31618382779520343,0.6958260592043327,-7.312613143839451,-22.718732771968728,13.912961282088844,-3.3466712968675827,-0.8587104015817292,3.822878778558377,-0.92606383104534,2.7779581432866545,-0.7875219201593052,0.3207629442662975,0.2317881215789675,0.7206378835925784,1.104532315321159,-0.7910673821932663,7.366864961598928,-0.5140695294436547,-1.203170219069952,3.265528407928002,3.76297040575581,-0.03595708729316891,0.6210590186484313,0.051680355969743505,0.0009915000742783536,0.6283744181183516,-0.8372220500592059,-1.026989996592132,0.22530111760738022,-0.2903141658465237,0.5421346078614931,-0.3275197901296341,7.038921602098132,2.4510358464462803,3.8542136814629546,-1.5600640784366875,2.135310158715324,-0.648673316110107,-0.6061137992098032,0.8515324188659172,-0.43016413089577826,-0.6669560570534679,-0.05647008962349427,0.4169941098254616,-0.6236231278883794,-0.5952559030596785,-0.8249118929776602,3.904946547215909,-2.904078814080121,1.6591007540778864,-2.6118882557177994,0.8778148864712301,-1.1547323406920416,-0.5235805990953101,0.5522287439012237,1.1346850503191295,-0.1384998948358136,0.24569455397862133,-0.3309207532993777,-0.10794616014746902,-3.641292110436517,6.994153633069735,3.4159649801211285,1.6987548986840437,-0.24453500262632727,3.543875481175646,-1.1213563827789539,1.3562242139158236,-0.4512368432194986,0.6725847742627625,1.2695345844372872,0.6989679706836398,-0.5439426345937143,-1.7620433987186015,-7.417000330179516,-0.7273003927501329,-0.13162366226766714,-1.7584854027172867,0.6435992898947694,1.1044505777066285,-0.507706949278685,-0.07329503611764808,0.10717029456161853,-1.3037714443898425,1.331807026547281,0.3027934778176443,0.12725872587689968,0.32305504203951296,-1.2155590468281319,22.072961826924132,-11.06996018386557,6.019592908851653,1.3443003897727932,-2.752093478766096,1.0140989126614668,0.931155456357095,1.054151639783646,-0.302215448730788,-0.8816446359592165,-0.5365798741788101,1.1537569097831637,0.13606173815008707,-0.07403518369100556,-1.7872060545994557,3.9008108822914727,1.3776645442282986,2.5442321157700025,-0.8009728592974673,0.07104213845187284,-0.5194563925841035,-0.011476015863258082,0.22479382024604386,-1.1508269559426854,0.11218223902320035,0.08631296972147748,-0.19797066774397956,1.387689900770713,-0.47041113027767556
33,-22.361043416163774,-22.394379888897372,-23.254783823174613,-21.854012181023947,-23.41489662361952,-21.397060387191242,-26.943705707488007,-2.5571837352089033,-2.586551425466233,3.338408127332925,-5.291857882465074,8.233236515787643,-9.284037966156438,3.5209634712945457,-4.663149705735754,0.08273020597685021,3.2326342115667335,-6.88270428257665,30.140175277875542,33.30834565617781,-0.14506593814463942,0.31897025552390923,-0.8608614300120978,-3.9531517769571582,-3.7685150128049454,-8.929407665488743,9.383875213457667,-3.9706537520350538,4.066165479123913,-0.04422438965634034,1.1190656589524375,-0.06316081073736908,-11.915037108800488,3.80535048814131,-25.766717566397986,-8.314091288192218,11.505606101752296,27.489983321660734,-7.308029351791582,10.881215503510626,0.04757273951804314,0.7527493765137165,0.09348605202244945,-0.9033133800776508,7.671379585278027,8.175110192276286,2.91710097604864,2.308063181194886,-8.743661307117305,0.1853251755178535,-5.807936591687159,5.553280485256606,-6.965558202015551,-2.0804485609044896,-1.1349424785045574,-0.2165368270564222,7.066045856323597,0.028965589016117163,4.840102040065494,-10.965874513443564,-4.5724696741734565,-7.6613626044238,12.460548041031808,9.85302681613969,2.702213958539995,6.700909403875128,17.293064894768044,-25.01812844870855,4.043704782277535,-9.71258316880664,-9.333748619168126,-0.030260562255852826,-1.1322884644350724,-0.448119126970452,-3.5209819185482316,-0.8962164739154798,16.244874377187237,-2.396109452885973,1.3075132016458877,0.15243452482335437,-0.08055523880499052,-4.633410154874253,6.228881758527054,8.343473688472553,-10.670013131230922,5.930165294876455,-3.2070678174385296,3.142563528676515,-6.56699148784536,8.167997675192485,-3.0490295340141516,-16.269876123321918,9.486366080492095,-4.247868178591789,3.6443224505184464,-7.821192784352706,9.667174598119649,-9.541825882308693,-7.237845120316847,4.351407841927598,-4.303638057502514,1.1104118946878345,-1.7739196714389385,4.4508407783311705,-9.73038317303517,2.314868075529938,4.607170030602813,-0.209168555211912,-0.18296742023266804,2.0339340900790637,-0.6436688406733914,-3.435410805149402,18.06236346795726,0.7793449025427066,-0.7276076208065568,-2.8291860471112096,2.5603092010816266,-4.016681885529093,3.7875462523985277,3.5271172778351785,-4.824021655250788,2.4256603489846396,-5.609038531694322,5.941808655134559,0.005560237219353191,1.0371802818930198,0.17240727599037076,0.11642915295812875,0.9602926848324924,-1.0044061879681656,-2.2583950299205884,-0.28970277892115115,1.375014647452342,2.255599887055032,-1.3711332177846745,0.027426465843752152,0.1689419486878208,-0.2992211839016975,-0.8757257781642733,-3.2405934673158,-3.3144244002032055,1.3662957240778504,-0.5255307854653549,-1.425743001732726,3.076260596414137,9.54715751901047,-7.246383509035411,4.300917417931582,-1.799905469322229,1.6470366243398384,-0.500426593115518,0.04755976600599283,0.38540007166336143,-3.222317715475431,-3.1972649938947804,2.622783028439949,0.8996065634126116,0.6128739882119298,0.44241021132325786,-1.6205587053187767,-7.94232583659031,2.2060377019526505,-1.0779526163335986,0.039444386644973586,-2.015121522053997,1.0052314878427504,-1.7050303581540478,-1.5310880967636242,3.352561341832643,1.9673740442384589,-0.48666449430661496,2.416913019096967,-1.1290917174411363,1.614932267249563,7.386491549712622,1.1403323382377093,0.7135361873667144,0.4031754121498507,1.071457994296882,0.36145141391085917,-0.29531222292422504,-0.6202637438625072,-4.15667181301339,-3.9097395360138254,2.07634954470636,0.3862617220218645,-1.5354448640628169,1.4695902639622278,2.068240091486029,-9.358900223441696,6.4754052330591945,-2.797784489380938,0.8659138525257681,-1.3759888568042087,1.2007292664600187,-0.12810648665958735,0.4244214234262913,2.70297883808268,1.3381002421304504,-1.465855550923162,1.6369670560603296,-0.6965704193946906,-5.377044213146699,-6.187531915499825,5.3896157780793885,-0.8768320375699311,-1.7059454532733804,0.18826326098888854,0.7272196066725802,-2.0026006486385004,1.516115303524913,4.165135888209077,-3.3027385572413506,0.5856837603045688,-1.0532719068731973,-1.7764064437850873,2.2540837337580437,8.164425573381603,-3.082270123740348,-6.784387997649025,0.9914062093544344,0.015456010935417763,0.14914290479954162,0.03801650826610105,-0.6477939655694392,0.09991592494900144,1.493649685351557,-0.5940833756415154,0.023491373125511743,0.4799196696983672,-0.25628100112883884,-0.4185574406927238,5.704809690355886,0.8752104285564861,-1.3258388711639797,0.8021843644596122,1.4642036748171892,-0.500728503112218,0.27077540166369934,0.6987787392153189,-0.5365332263614914,-0.2618593257705118,0.26491731045344374,-0.09881604818660973,-0.0623000204482842,0.06261625496874555,0.2298837624494924,-0.21577754487415254,-0.8205633010934396,0.8547603527110637,-0.527723971748156,1.897016424226535,-0.21936374845533743,-0.198608589102522,-0.4882257873600091,0.4293755080080308,0.7935855634613129,-1.168458812024831,0.8172861818087698,-0.09118624262877523,0.6076068606554552,11.480302080745279,-4.046172361359742,-0.8464514940622576,0.4066461048844695,1.2978293645952705,-0.43175187449565444,0.38579944685373224,-0.6710308395103839,0.23551447213366972,0.581671739810158,0.3674062844244877,0.06256492282679219,0.37828384162086176,1.6250890913821043,-0.5508548267298686,0.9999165151823363,2.1502353029748384,-0.5716665053369996,-0.9323625907228922,0.3289038529295364,-0.08696732044886733,0.10099608289577508,0.9415896272872304,-0.1375251114325611,-0.056143618827472555,0.6521473504091546,-0.26701557651328073,0.23188293603546825,-2.406095081578812,-5.271195810232318,1.7139411628818313,-3.027070993486035,0.9015768843466777,-1.7888382114463652,0.9404471317843122,0.565265110486221,-0.08552257037600873,-0.6452165300366319,0.4133315233697937,-0.15532570708805482,-0.42237223705816496,0.4905657201766353,-0.31902110465888933,-1.3485975251671445,-0.7843507253534112,0.9272037530142465,0.7728600320682378,2.6608105151669164,-0.604609393880383,-0.020604901434593835,0.18972068845556442,1.4908777434049887,0.8683904693237536,0.23284522004001978,0.1753613326933106,-0.1262980150012958,-0.09993412813765831,-2.803211694611396,-2.9883000732436575,-0.687003991648559,-0.5855435991296157,1.799528938584913,-0.20616630656674284,0.27152255587202556,-0.293150054420013,0.4035529226364548,-0.1499809557422634,0.5145976353005849,-0.19076117431209946,0.13229037529657683,0.07123647328268355,-0.1384975919052355,-0.6768035526500601,0.3064257716904331,2.4659677064712637,-0.3925971666232162,1.3552842069560787,-0.5539356907020199,-0.1230697097770479,0.6332988197797225,-0.26238940469681515,0.8591671871223369,0.5404966922904131,0.00670367618249155,0.03297706075305494,0.0705986028955559,1.1271427523054693,-2.595840362734732,2.351158521676037,-1.1061385291502255,0.4828634154317229,0.46755889274486295,0.04551301427417407,0.5019321896304594,-0.381660459272562,-0.887518389113721,-0.23719906752405634,0.1128889890690144,-0.1490492011956772,-0.2658924344273954,0.9755191689119109,0.860378210488525,0.3375909733925947,3.348176774580124,-2.6053560867785435,1.6936182567775802,-0.3566610648112618,-0.17022791488455083,0.30091298065979466,0.42438434736878883,-1.111344411469375,0.15873295090199233,0.1761015248486118,-0.7338239576335732,0.35472389850729935,11.415641722443914,-2.829492938349226,-2.5177430588215435,-0.4024846418496592,1.8334182658396114,-0.6157330441795432,0.4686212329696874,-0.049612940840268016,-0.47197151940817433,0.02639990299688291,0.14290214117710393,-0.1963240421952549,0.36753109450086224,1.0121615079369262,-0.7940951333607442,1.2248788964699957,-0.13783504352311904,0.7369791355748858,-1.7456905025648335,1.972601119943466,-0.6917877061622131,-0.24292497838393376,-0.43019674011440867,-0.03419034053699745,1.6564603032370906,-0.5461239543787123,0.44792228842594156,-0.3434800479602849,0.41690353837769184,8.056166681319668,-0.6831029351357032,-9.810048398297988,2.9561631058564495,-0.818264277831332,0.007915385407326836,-2.6855882790396834,-2.466184708108215,-0.018319765884337647,-1.992764771788087,-2.705807489865832,-1.0685925139149626,6.360338568329002,2.2069286795827163,-2.4838728062459094,2.962947104544591,-7.4196058258872375,9.96561399893243,-0.6484049438205384,3.783636119353775,-0.6025654996200664,-1.8012871471562872,5.366556063779302,-21.207779399691383,-23.42398624966289,0.19814424642110862,2.6806992520999446,1.030260887116685,-2.58492040263501,-3.907902155610531,15.292661794002571,-1.284294237943665,7.852866242919958,-2.783180669769803,1.9025529206248313,-9.459450524453244,-8.778666485134295,3.7563965558167762,-2.9856521759854853,24.217752613987106,8.1477129924789,-11.823383077211009,-24.65770936147054,6.910435706004417,-1.4843416359015802,-0.2195110157448969,-4.943067121744363,-1.7042533518554965,-7.953403421013706,-10.72705572756831,4.593549750402469,1.148234436292847,13.303263266676032,-0.6587958453102608,-2.705754628062302,-2.7931879073208536,-8.03820961809291,12.091665295510975,-6.862916410615728,1.3460912152376148,-16.014367423907107,1.3784592705228724,5.4158083105687975,15.331188619695515,9.891835086327493,-7.386663695730798,-8.587609244180458,-19.528340885179848,6.3430042784104135,2.219880299377979,13.569803275606859,-14.58050925975756,17.56652129656174,-22.543436075599846,3.954175585801462,-3.181820200985329,-0.9610945893343095,-1.801014124380492,-5.988979119125568,2.1673189316796635,-1.243630080711726,-5.634130059658903,0.7221173621184132,-1.4350490898879047,-1.246864043874261,1.2055695772475614,-7.483302655408335,-2.1487358866983213,-20.836302049744866,9.849340053405538,-7.199440334926561,-0.22765043368582571,0.5272832594998127,-8.364033923440687,1.3971526161733385,-15.669758687873724,14.972640165329738,-14.556380952169906,3.5514833508614414,-0.673611385117925,-4.204480819307342,5.975895941873146,-0.38349576446075906,2.4358283555775873,-5.924350077492181,4.5051069693032515,-1.180384232738405,4.203811400950158,5.195726270656767,6.140225153422157,8.489317168690544,2.556339369277234,2.802993202171675,-3.10592769711727,4.670834811226008,-1.3450351477779314,-1.3134760665321141,-12.73080610381462,6.216398340125193,0.852267044937808,-0.818509724747548,1.7504367331224084,-6.407696294641401,-3.4406022875414783,-23.183667127190592,6.676216940454123,20.47487207278181,-1.2120685804642903,8.825754218225496,-0.7983006222237033,2.8946436187248175,-1.4546992395687774,3.4982618721177063,-1.8012779794247797,0.26337200735284366,1.400087933179055,10.478646870153998,1.1044001677703927,9.00037944236583,-6.592115809668733,2.2855206864656816,-2.0401521910090272,0.2626347418869605,4.354826869084519,0.22511742312173644,-0.32315297302866675,-1.77711998998889,-2.4237370818066997,0.8817393311359565,-1.0624161153462328,-22.221138137922985,2.3921568242936906,2.9593275189534127,0.8475843737962817,3.1973978916439685,-1.2442115292697804,3.3491751429717413,0.734801828266838,-1.9551410097608042,0.4083296690782393,-1.8935432261229044,1.9019302041383706,0.09928805481544016,-1.028123373578981,-12.782607633152478,19.169934345024643,-13.415375043564117,-2.4920690177598948,2.7655112962547803,-1.243443326078918,-0.010369995874875701,-2.365941621415358,-2.0541908819154613,-0.35897970019300973,-1.959982419859621,3.5075119354133117,-2.0285727750287514,0.633574489781061,4.293517828638749,10.651039257123209,-2.694458768433178,5.718961372755665,-3.4552301675699777,3.0092387112778978,-3.2497097003735256,3.568913729552778,4.126389285261781,-0.7070066924491976,-0.3270136448617331,-0.6392977965293575,-0.8902364544933046,-0.5045974802593396,-1.320083423987612,-22.094208538143118,1.214232337252324,-6.242543580959907,-4.113907396721299,1.4976170865694414,-0.9236356905422343,1.6942364138427501,-2.5871617416382477,-2.4996260355520485,2.564513573620464,-1.7127250923077408,1.7215548248330006,-0.8805106444475412,0.9228375195386299,7.96377503583549,22.20052444197759,-9.440284929032305,-2.71381791399812,0.5060980644941435,1.3042093288950363,-2.7119359632114413,-1.4291273871596846,1.8820395282813955,2.153391926999759,-1.2744393371708436,0.5315729954361906,-2.2714765474981182,0.24960345007420584,0.5447527811849928,-22.404344127452323,1.2037257696955646,27.731050365445657,-9.638287953372688,3.405803740618818,-0.09334727087385673,-0.16587401435949978,0.9282452756796734,-0.1348499174544187,0.2804242686714162,0.1568077317045947,-0.08761611480438186,0.03457272610091734,0.5451481296310736,1.041425256224641,-3.695922709442289,-3.258684653076504,-0.8843736260488394,0.015038658320008717,-4.615366231205985,-2.9405500570625964,1.0080687277238105,0.24966631034212175,-0.5896780673615781,-0.47871278247944243,0.1852058843778832,-0.48668517066318545,0.3422485005176273,-0.7688782992635403,0.1411489294671705,-1.2313079306011503,0.9105101361921625,-0.10762854928008758,1.3748988494272496,-0.06510486208446786,0.485507704721966,0.452746276136319,-1.2250621839443645,1.2469701656705203,-0.0934002398758605,0.03503285903083311,-0.1493522036297093,0.0349233583421807,0.9105334481958168,-10.255979988524874,-4.873813485835054,0.742441054616084,1.4344935598402708,5.485305561490143,-2.685011238140979,1.96897897936613,-0.3336013696403062,0.6408786011065288,0.45125707313028135,-0.28675168558082215,0.7216031062625307,-0.5168635598097338,1.5427232908727921,-0.6488442033345981,-2.7244877986392577,2.436916297773149,-0.838632973438719,0.10196118048274984,0.32858831267491456,0.2537154799634761,1.081809897282666,-2.165203721404827,1.4571864825070915,-0.016224388664375356,0.02393307754615976,0.2508688128045783,-0.49299852695171176,-6.34674263761923,12.536835278357973,-9.004652048076254,3.6627392428808303,-4.230475769912009,-1.9286421903766642,2.049650233007969,-2.1198848901768144,1.157631043166988,-0.9691480068414401,0.24821518444210608,-0.9685417511837291,-0.18768233600204456,-1.2805599250389839,0.6627327464227953,0.5491690651272685,0.02684870871899209,-0.2851220999634529,0.10826295931090175,0.6420633534969896,0.33120549912168296,0.06540380866468087,0.9815402286880762,0.059349335992564096,0.39073654007451003,-0.013147821131901882,0.2489430747359464,0.3868028874497631,-0.5345836179523147,-5.352064882867057,0.5448085170497023,-2.827608778023647,0.4779269004536887,4.881813534973892,-4.389338321801003,0.34160121573855967,0.5805476361173838,1.1250018835614155,-1.0630770333293469,0.08018619601122667,-1.7309363845902221,0.5444151766895616,-1.0336735492979288,1.0401787730360454,-0.24807570560921555,-0.01999002341531553,1.4234830681531547,-0.12783841903083507,-0.29245279721640827,-0.23401725280282587,-0.034891754965366104,2.698820859422423,-0.6762094769794113,0.7202539374895074,0.43079726275155145,-0.2391112475832726,0.5233239650793716,-0.6142601845232013,-14.841852597289707,0.7400331890836025,-1.8953083780687032,0.6797092268738802,3.0968100422178737,-5.155368439910203,1.883039125742999,-1.6636230658883044,0.7440414259811322,-1.519675880352196,0.5985985769921385,-1.1405634094549282,0.15880967779736954,-0.31832964242993034,3.6782186710800855,0.2375631672753005,0.577190939782573,-0.2769544337139094,1.0722236334161968,-1.1678037461505908,0.2941996163817282,0.4338733754517913,0.24707722346234248,-1.1010767085849358,0.2541541390624186,0.006932442132647869,-0.028508825685855922,0.4129716067218724,0.3715699498810651,-14.11279546590778,-6.734591073267343,-1.978971846976528,-0.5655603342031855,2.7288444511181797,-1.8001965397709017,2.1976540276187513,-1.488710454279644,1.2055224586674589,-0.014599427524713595,0.02722722542586231,0.18262549451026758,0.0029600689594137374,0.06004020006882024,-0.14555319372224362,1.706133711838129,1.311765654703077,-0.815102096001029,0.37543943339236346,0.19264062094473475,-0.4639644337780612,-0.4934836923292222,-0.9266513374569528,1.474553090114205,0.006517638526781345,0.31921565481949765,-0.40916167865614617,0.5429220552479632,2.891301166913325,0.1346831997521156,-5.3052569394862905,8.945095176243175,-8.542370601241036,1.118323432948631,24.328294899821618,24.63972513955249,25.6187528765895,23.69300263175923,25.66787026431652,24.38364279125886,26.786683643175152,9.152311678038732,-0.08042759621664697,-1.6548256648830713,-0.4549350156288461,-6.153770658576159,3.388894752235864,1.2913172591684896,-0.08265396359520794,0.906058651013117,-1.075632251687979,7.871895353590718,-36.46602554823653,-40.368133603936315,0.16641597521877666,-0.5597322633973221,0.9563584527348034,5.829237638258204,15.008266600701555,12.236388556778639,-4.544614106319963,-5.5517197972406,-10.890697558935438,-6.023657525986266,-6.589772118095985,-0.18864040456020176,13.07530638036942,9.606884874814419,22.540304306901348,5.685167913683759,-7.5480388716706415,-27.90976132651707,-5.441549285989942,-11.364500997894373,0.02063627976189442,-0.13155113588489203,0.2912473911939296,1.4787270112263045,-7.240855730271224,-0.5458347403341756,5.77847847618036,-1.560406882819963,8.280986438475674,-18.78224282177225,11.984822114744071,-13.31382185251743,18.046334026737643,-3.7494458388544913,-1.817900907572938,-6.182847807996793,-7.58914057265905,13.61954184297814,0.3817152278555639,17.821653201575643,-17.943188993697596,3.111755193889205,-17.520408439611074,4.669241461216692,11.198661364749746,-3.5011100896744733,-4.409482787556935,9.567539949437073,-8.022181471675498,-3.8000940974727846,-5.28334192062584,0.1289160668738205,0.9954174064124758,1.1334241280406205,3.8538179575616365,3.6777427001838277,-15.954523237213301,-4.747159624910089,2.740310935602364,2.437072221781046,11.958577774676897,7.072659637883325,-2.0317290500808602,-19.32279607019587,10.785494169992901,-2.0801801931391974,2.673062529818706,12.465971312517711,5.203763539739826,-6.1842110306913405,-14.726095868062922,18.332720209005448,-7.2678547857085585,7.093379683655991,17.62856667170116,-2.4455284805279103,-8.277582086877631,9.737702489864207,12.923084317966865,-6.981075863841419,-0.8957200418875375,-4.351003001379463,-12.518555260820147,-2.599281949774394,15.202773262125918,8.130501252079078,-6.77128389135869,0.3794256769100396,-10.371212400551627,-13.528156764906312,4.349969917999321,3.2639146956866796,-17.01934326513278,1.1713618171752083,-0.9651739605477372,-9.130390665696414,-5.3801694004182306,9.639068712807735,-3.7414123953698035,-23.62911461026626,5.6218994113417935,21.620009760078283,-1.359880480860897,-8.389558941320928,0.1294214898799145,-0.7088589357061696,0.6947315367137197,1.2399600601170493,-0.6571689447569208,-2.095597038514538,3.0371406983601363,1.5839026380904606,2.3870982348860594,6.404898873332639,-2.3893346333531635,-0.26044146967424847,1.890068045775548,2.8150927692346177,7.674393565398307,-15.476896582351399,9.221640659340002,-3.1291806461876237,-4.9319823537949725,2.1294376670410955,-0.4069663852775449,-16.03973515413855,2.4097358017072703,-1.1872709110660924,2.0979616952276054,1.2487323091491036,1.5205268464499584,3.8540848518229147,5.866548152892486,-8.434214981672817,4.1501073252458776,-2.441081126472171,-0.8974905101510484,6.407407444351215,-5.445764326868891,-21.860267959526663,9.69322434851492,-12.0417929693969,0.5543973718539327,2.0625311194097664,-1.5246002746153389,-1.3101220084248806,-11.651244188059819,-0.15465380736816867,1.054856044644503,3.511846019252514,-0.7386577247073953,-1.8859224607004537,-1.719774132233782,6.337069051258775,5.019948595372827,-4.247973678351942,6.286457002152101,-1.6481109128300642,2.1834101961140333,1.2379519851626626,4.867474693986456,4.077042237971209,-12.46045490333181,6.514647835825603,-3.363840534644975,-1.4756402818500973,5.61612050307037,-4.637829061965652,-24.568188361230394,9.871929251223627,-7.887311481128595,-0.4350478108915947,-0.9443987755474441,-0.7591241989302836,1.5039308658209045,-7.534923411951412,-0.5530529895137385,4.474752963201427,0.3482760707044237,1.0060440352821847,1.7019309648337353,-2.785501269576481,7.1807112579763706,14.484261146534038,-8.23646606557453,0.9723967800236348,0.7539149029164562,-4.121161889901812,-0.7780754745077569,-9.779387955959676,2.7771423950227967,-1.8922566890372408,4.063060784694236,-2.5436531762643066,1.7547224471145564,3.7493582774678083,0.6901797770580619,-16.533761341934362,-0.05993242318835314,22.603244478401475,-10.437007662049226,-0.43294559789869147,0.08005671855458274,0.233908204697391,-0.12171453993339229,0.0882526921654854,-2.882792678206301,3.2731061683767066,-1.845543538453697,0.3191501674286496,-0.07559867532628889,0.6340254331828656,-3.1841976167375154,-2.210367738849997,2.190406085671655,-0.12350164554922496,-4.105116632930089,-3.053027274795904,-0.06810026733625013,-0.4245349008725025,-0.009272727498401176,-1.7819440228806014,1.1699627027948485,-0.6664680547496477,0.6368838294755403,1.1768886583439533,0.8604696433526562,-6.648660159102377,-0.07257651652694189,-4.424598629392541,5.394097474116156,-2.199745763071478,0.11395257028587838,-0.23294619071519806,-0.25731247315289624,0.5388466895147841,3.362406813002641,-0.8251210605018864,0.33994505071062114,-0.250151927012781,2.552037941057001,3.497356201253643,-1.6126589762593195,1.4803906529501119,2.2336712719663043,3.165156877217874,-1.1101264129376232,1.3170746034066025,-0.39821233659806693,0.7713337520773377,-0.16243408133178888,-1.3078081180956131,0.5058265143291465,1.9509144916975558,7.293027388368579,1.7148194311216738,-1.8290173637328804,-2.4228009625864204,0.9658021538697955,-0.9096959084725272,-0.514296534426173,0.3187293909331763,0.5732380188672704,-2.3006235877283627,-1.0333123150174317,-1.3406842505390888,0.6055660297322314,0.3384017907843005,-0.23095495025426122,-21.357893751318965,-2.0024868498602317,-2.507050863200234,5.58889759155605,-7.900345155752909,-0.44262805973633607,0.1265666658794399,0.45820177673890855,1.0399612680009633,-1.3208716234542335,2.2155284186837862,-2.1130885020612427,0.006410086174576819,0.4791264919761304,0.052800857291953614,-6.39861972562548,5.580622871477141,-0.5776507076168482,-0.26550879044694164,-1.7473730439418906,-0.8378228379187583,0.2594550767601361,-0.5464753904954802,-1.6948475287515918,1.4015927641731876,-2.6999207674693175,0.28603108044736764,0.2594179536936188,-0.11459742663147102,-9.961393366533356,1.3521915028892086,-0.45266010263141415,1.5944338259258286,6.26177176333662,-3.5921570173892983,0.3195304435961899,1.055151412508134,0.8528408224269142,0.5975682856741353,1.6339193330023891,-0.8499222532446572,0.007835672736145136,-0.2170411336187722,-5.984495243681348,0.8444450517803007,-1.4020307008664807,-3.9564653200759046,2.3860876120060537,-0.9273100191981305,-0.02840608936135781,0.10752655862143112,-0.9363923759043689,-0.01757187315749769,0.4402108855709142,-1.5842791629459254,0.16369404610037255,0.2001478137579474,0.04346055025428682,-21.44041110208233,0.38773679407221256,-0.3203777151717726,1.4855593726738034,7.16200359531479,-3.804243398430639,1.0756646304558886,-1.1291661167752118,0.8417694420249119,-2.407452576191793,0.04629825868963813,-0.21898626074932345,0.3794334459944789,2.2571911614462246,10.649554657190636,-4.896691273672962,3.1939124837357284,3.030091205137872,-0.42621530514854944,2.915025291120356,-0.44841554323165167,0.09412701462222885,-0.30294213158475547,-1.4912865135626165,2.336893160129361,-0.9712279009834588,0.6874644807076592,0.4859037366986039,1.4402206623675842,-5.551751679747429,-0.5840014904782257,0.7251137030881529,0.3980511562766299,3.405642489947894,-1.273869981153622,1.1069220074021264,-1.3626047154528729,0.3086732935093367,-0.45457910715923755,0.7983305956708451,-0.25716464381477283,1.7542154535504886,-0.7593502990893951,-0.4782346175257718,0.9363473028553216,-2.768335550062998,0.6653432694028156,-0.6362932892707798,0.6865939202762241,0.1014886643651882,1.1205507942119124,0.08087038103206336,0.22472262149010383,-2.066014378260326,-1.5232300889127286,1.1037064578826163,-0.1376790813280927,5.894297279425211,22.47207401281035,-8.46035010610561,-14.531679376978845,-6.922117001635641,1.174848596495286,37.06860349170994,36.340283336569854,37.0088641413073,36.46065254660971,36.82624809665959,36.711434381303334,36.39632363292547,38.33032977887176,35.837434712259935,39.122815842611146,41.867622994937,42.09279073221098,40.70415409308694,31.270091030487464,44.935268613523036,32.26845900125502,47.43746105336395,24.628912991637975,80.58329784880306,90.960829034366,0.07552891211345499,-0.19083501140648906,0.38067739053758626,-1.4436428973099664,-1.7181976067555518,-2.444468250677628,-10.587950519975077,10.246838197641818,-10.382146277489102,9.85972911273681,0.7034813824873126,6.91973160346062,-0.54222790001464,-7.421220475561786,-11.909314258336826,-12.773925789436952,12.084913303508303,20.456188241977035,-2.2855256437490366,3.029585393699785,-0.13517215972794294,-1.242122056890334,-0.8501790272205609,-0.06045899587789749,-0.48021769345138576,-7.307277630137478,8.684469760475588,-6.662698032905099,-1.8351498550927354,4.248833145201134,-3.1751697031730477,6.7541086830226265,-11.643816229569431,12.743217819369304,0.04349330593392176,3.6397878217918,-5.996050913265845,-1.6086251193121162,-7.013792038601661,-9.779570867464122,10.979781598549144,-2.25425456598371,10.397809725399828,-7.737749230445965,-0.9740632822986558,-4.602620930719458,8.850017348668727,-12.921136483139904,12.386899419069735,-1.872837821490648,6.641259510547552,0.012632968680154781,1.8868680730291754,0.14069902395072112,1.805560120320279,2.7233351732101783,4.616717631130488,0.917629878074544,3.1591141239303315,-0.09082108153642264,-0.5951212518341947,5.563654617050332,2.0700873168276837,19.65974290935118,0.29026158279236514,3.4034814870782326,-0.9351679659264178,-3.9899896988955135,7.225621196796266,-1.1489919405631763,13.312835688848606,-12.62262780759057,2.1843420980320505,-5.467067487126291,-4.809325804689799,4.639727247425878,-4.174615323135642,-3.451926235194315,-6.422942185355461,-3.0566123899679543,2.43409878581839,1.8797872054402787,-5.40508741715004,-1.7612927224667088,-7.292188395849632,-6.572854402186135,2.2488224313075116,2.0666045563570092,3.884152132330533,-6.088595194508261,0.9173411253906489,5.228266259317302,14.952519423344842,5.034367781562907,3.46159812367585,3.8336486698718817,-3.2497752036051164,5.103812894969266,5.307376186795075,21.286023643933632,-5.779985084231802,-19.11797302334755,-2.475035645628797,-4.513477993306682,0.024763263981948426,-1.1377018312939364,0.6015784530678958,-1.2112947877611981,0.22656162847350916,-0.5991466340069871,-8.319906665911125,-5.023159149440297,5.2825870514317375,-0.9738182018492789,1.5981722071357798,-0.9949258383564984,0.25709658539879987,-3.2587450548359294,-14.375723156703733,1.731006125787814,-1.5912622109910823,0.29724232896646036,-0.7459354177893273,-0.018819009620632966,4.509538067295965,30.500155874031986,-3.514893279513529,3.3280817994303007,-0.46782847197986593,0.46237467961919065,-0.8609121266022983,-4.335013030067171,-7.271036200067916,1.2630214762064504,-1.3554270110697728,0.15692960964040722,-0.9766239773003422,1.5104682013997006,4.4711567120142846,21.434877352863165,-25.90929066038214,8.20185936389163,-9.526558093793707,3.8825915468866836,-2.933580707863302,2.2773002113831944,9.437220602408734,1.8328579130195854,2.201886440808307,1.814961656330687,-0.8767535203261725,1.7871863635920306,-0.9885156194664979,-7.631319062346981,-4.674052908094285,4.304271180035479,1.2314224791016317,-0.5813884743487155,0.6955829405494321,-0.09482957169399014,-5.502593527707101,-8.76663684921202,0.003246123135159467,0.5821993875736122,-1.7109923652467913,-1.4651648162891784,-0.10757906473762419,6.117430817274828,28.183075649450853,-7.2087031619932445,0.3986778973052691,-4.2105025421933915,0.6416337247016521,-1.8227881243068575,-0.6022952338453323,3.7012415238219294,4.13001723862826,-0.25654428686571895,1.2033584419774435,-0.5483700531502661,1.6628945755072126,-1.7348522090493483,-17.683413918510293,-23.65855919668328,8.840850282539888,-6.430865513568048,3.2057056818684218,-0.7916525545480885,3.1573170191899216,7.406704736938388,3.0931306900005398,0.53428064562647,0.02462865139319801,-1.400307357337742,0.9490222305634017,-0.5542928298110188,2.8142654295809915,32.337206741440426,-3.204042904094364,-37.33064522949384,7.842210954322403,-2.98217836242187,0.012315440217429544,0.16774508529004428,-0.07637873507686463,0.6525838001104813,-0.8372220500592059,-1.026989996592132,0.22530111760738022,-0.2903141658465237,0.5421346078614931,-0.3275197901296341,7.038921602098132,2.4510358464462803,3.8542136814629546,-1.5600640784366875,2.135310158715324,-0.648673316110107,-0.6061137992098032,0.8515324188659172,-0.43016413089577826,-0.6669560570534679,-0.05647008962349427,0.4169941098254616,-0.6236231278883794,-0.5952559030596785,-0.8249118929776602,3.904946547215909,-2.904078814080121,1.6591007540778864,-2.6118882557177994,0.8778148864712301,-1.1547323406920416,-0.5235805990953101,0.5522287439012237,1.1346850503191295,-0.1384998948358136,0.24569455397862133,-0.3309207532993777,-0.10794616014746902,-3.641292110436517,6.994153633069735,3.4159649801211285,1.6987548986840437,-0.24453500262632727,3.543875481175646,-1.1213563827789539,1.3562242139158236,-0.4512368432194986,0.6725847742627625,1.2695345844372872,0.6989679706836398,-0.5439426345937143,-1.7620433987186015,-7.417000330179516,-0.7273003927501329,-0.13162366226766714,-1.7584854027172867,0.6435992898947694,1.1044505777066285,-0.507706949278685,-0.07329503611764808,0.10717029456161853,-1.3037714443898425,1.331807026547281,0.3027934778176443,0.12725872587689968,0.32305504203951296,-1.2155590468281319,22.072961826924132,-11.06996018386557,6.019592908851653,1.3443003897727932,-2.752093478766096,1.0140989126614668,0.931155456357095,1.054151639783646,-0.302215448730788,-0.8816446359592165,-0.5365798741788101,1.1537569097831637,0.13606173815008707,-0.07403518369100556,-1.7872060545994557,3.9008108822914727,1.3776645442282986,2.5442321157700025,-0.8009728592974673,0.07104213845187284,-0.5194563925841035,-0.011476015863258082,0.22479382024604386,-1.1508269559426854,0.11218223902320035,0.20944686051447078,0.00426169389027882,0.4501226427111002,-0.6648068315549654,13.000168452949508,-1.9320311734912656,6.794289805913404,-1.6984291298386582,-1.1779325555512026,-2.5305066603233493,-0.7512494353093347,1.254186953491505,-0.8838868562316274,0.09504428361789481,-0.1318904508564897,0.6866625278003596,-0.0845862477984721,0.22870584538778205,4.78725976715013,-0.2771233980003645,-0.6797123134779979,0.20672678338678652,-0.3081497592357255,0.4548262287504575,0.015060045176287624,0.10030315884192816,-0.20160511711168747,0.6537722912888488,-0.3704869985167634,0.7603855602660107,-0.31599478189389174,0.4919221441306028,-1.3825158791750036,27.71586758984642,-0.4999302336563611,3.3679955220216695,-2.6897245974309856,-2.5740262825959683,-2.0764262511194875,0.8671517122090899,-0.9159442283631269,-0.2843993565670721,-1.2606925538112688,0.11077456799705665,0.5126008111937465,-0.4803836382537041,-2.0479757300397683,-12.139926781172399,5.710183968351823,-1.232844529014282,2.200040545239693,-1.4781279179591709,1.271213625768582,-0.24037213057523532,-0.06895625214255743,-0.350970823327849,-0.5864394162846772,-0.368831822867156,0.25817737136341945,-0.051460872737940824,0.8248896756916817,-2.6081193141935075,16.383441334114675,2.2976702002646348,4.277151637147873,-0.9651861783108378,3.23298637441568,-1.220343054677251,1.557695821987556,-0.6533513303919055,-0.47548727519937267,0.9364903533145916,-0.7380018884585838,0.08657000786973928,-1.645484428316329,0.5093322704275863,4.012535319048564,-0.30138323110508336,-2.5494436437508607,2.2814991856895124,-1.6117458322611207,0.40044919774788323,0.14185504912703306,0.6699806253959488,0.6262123999157803,0.8323490888332447,0.540297771070645,0.4154004534151555,-0.30204185389846366,0.44770489807912,-5.756194605169192,-13.991703528586665,9.04732298536268,1.6524696016251954,12.668168972372024,-4.665310429297503
34,-12.867791987603098,-12.011487560189096,-13.18612104268964,-11.612063563895774,-13.077195577970155,-11.140125157184885,-17.043960294442005,2.2903657994671773,-7.154726758330558,5.210028012304012,-4.2567330216594295,2.4187863809521604,-0.08628102370240703,-1.581296939306414,2.348791602721933,-4.526186292286204,4.5235751966966395,-4.4450486705352406,1.4154326403552653,3.220963034011544,-0.2002720995672285,0.2956309298039425,-0.7128270280662802,1.5031890243014905,9.77475982499389,-0.27311777012559485,5.921976698579107,2.7812191713657866,-10.41464981634199,3.5950845476430953,-11.270308005591597,7.0766431059637025,-5.096979622955128,12.656097784766342,2.459324103236881,-2.5385728127377583,1.5894519865514745,-2.8643602511456545,-13.144945173586855,7.099853063280565,0.1498957530237811,1.748555729663358,0.6589647144122235,-0.3188749182513952,-4.10021763737951,-3.9914928915419576,-4.137652884146612,4.794951796757164,9.434864291855666,3.0136742191686756,2.769050791950595,-16.77481251390302,-3.3738373074820807,-6.40217637360481,9.889310583941002,3.9375922417360383,0.415730897994593,2.766201663533887,1.5128192833460177,9.80774507839707,-1.0186239998488371,3.245362703255386,-12.122032224796554,-4.646029573892667,-1.0290610035195806,11.854446940967643,7.060426749245511,-10.47131984576644,-10.535347663503886,6.370608675156722,2.3159271302773763,0.03755234886392249,-1.9472796485209516,-0.01086197875296133,-6.073978604378601,-8.330042465618599,4.631758111924054,-4.3437238293965725,1.1104118946878345,-1.7739196714389385,4.4508407783311705,-9.73038317303517,2.314868075529938,4.607170030602813,-0.209168555211912,-0.18296742023266804,2.0339340900790637,-0.6436688406733914,-3.435410805149402,18.06236346795726,0.7793449025427066,-0.7276076208065568,-2.8291860471112096,2.5603092010816266,-4.012687876317293,4.215355899845291,10.79301822524798,-13.415730483913654,5.642320839949614,-3.30356929515498,4.104049792463513,-5.777960160393974,6.2909887475776465,-10.283201440943797,-13.720513128628635,8.29481720893626,-5.512190562915606,7.126258663157778,-7.063924759585602,7.035294225854342,-14.052830626135929,-4.316937761998294,6.090261998489444,-3.8836998190983487,3.5549311374480688,-0.11370956550377545,2.3318400707528735,-9.90020413481649,8.486743542652597,4.216461868311935,-2.77346190288871,-0.9928553844053292,-10.091083239174425,12.183347633849014,-0.08925290027896202,0.2894708245461097,-1.2386492481969997,1.4365854063426466,7.573945947125791,1.0972670265417541,0.7135361873667144,0.4031754121498507,1.071457994296882,0.36145141391085917,-0.29531222292422504,-0.6202637438625072,-4.15667181301339,-3.9097395360138254,2.07634954470636,0.3862617220218645,-1.5354448640628169,1.4695902639622278,2.068240091486029,-9.358900223441696,6.4754052330591945,-2.797784489380938,0.8659138525257681,-1.3759888568042087,1.2007292664600187,-0.12810648665958735,0.4244214234262913,2.70297883808268,1.3381002421304504,-1.465855550923162,1.6369670560603296,-0.6965704193946906,-5.377044213146699,-6.187531915499825,5.3896157780793885,-0.8768320375699311,-1.7059454532733804,0.18826326098888854,0.7272196066725802,-2.0026006486385004,1.516115303524913,4.165135888209077,-3.3027385572413506,0.5856837603045688,-1.0532719068731973,-1.7764064437850873,2.2319791851157142,9.137039785537366,-9.753650417050439,1.796084419017534,-2.6077086931426505,0.14828181199573112,-0.7200215838586614,0.6811203190737117,0.7553812563876628,-3.4575269855231667,-2.3632444876532195,1.044274869609014,0.288911269909613,1.6776289767797443,-1.7059031987321802,-4.8050752642682815,-4.493500902925554,5.958492853698037,-0.5150614119810258,-1.674974833529809,0.07510750175235364,0.3126741135901709,-0.0402340159126224,1.280498059814658,4.379804639196359,-2.8256900404473417,1.3724257083894966,0.5684653165722742,-1.9630882622503345,2.9649206342715195,9.623386407908319,-5.505428806603413,3.0733956849443356,-2.0897707582795952,1.4326836553065065,-1.720481916417064,-0.49578448793793545,0.5541566186232398,-4.809931576485192,-4.301532930595734,2.6085311302814707,-1.4146753020978078,-1.6280011712012403,2.124462810572785,1.7778843087066938,-10.944486436957835,8.53951974660224,-1.7300130671918832,-0.5277090037706957,0.0980938297350533,-3.0299348713485594,6.974472088757052,-0.14518146146647345,0.26269131188043193,-0.02564527409113757,-0.136292078123592,-2.803211694611396,-2.9883000732436575,-0.687003991648559,-0.5855435991296157,1.799528938584913,-0.20616630656674284,0.27152255587202556,-0.293150054420013,0.4035529226364548,-0.1499809557422634,0.5145976353005849,-0.19076117431209946,0.13229037529657683,0.07123647328268355,-0.1384975919052355,-0.6768035526500601,0.3064257716904331,2.4659677064712637,-0.3925971666232162,1.3552842069560787,-0.5539356907020199,-0.1230697097770479,0.6332988197797225,-0.26238940469681515,0.8591671871223369,0.5404966922904131,0.00670367618249155,0.03297706075305494,0.0705986028955559,1.1271427523054693,-2.595840362734732,2.351158521676037,-1.1061385291502255,0.4828634154317229,0.46755889274486295,0.04551301427417407,0.5019321896304594,-0.381660459272562,-0.887518389113721,-0.23719906752405634,0.1128889890690144,-0.1490492011956772,-0.2658924344273954,0.9755191689119109,0.860378210488525,0.3375909733925947,3.348176774580124,-2.6053560867785435,1.6936182567775802,-0.3566610648112618,-0.17022791488455083,0.30091298065979466,0.42438434736878883,-1.111344411469375,0.15873295090199233,0.1761015248486118,-0.7338239576335732,0.35472389850729935,11.415641722443914,-2.829492938349226,-2.5177430588215435,-0.4024846418496592,1.8334182658396114,-0.6157330441795432,0.4686212329696874,-0.049612940840268016,-0.47197151940817433,0.02639990299688291,0.14290214117710393,-0.1963240421952549,0.36753109450086224,1.0121615079369262,-0.7940951333607442,1.2248788964699957,-0.13783504352311904,0.7369791355748858,-1.7456905025648335,1.972601119943466,-0.6917877061622131,-0.24292497838393376,-0.43019674011440867,-0.03419034053699745,1.6564603032370906,-0.5461239543787123,0.44792228842594156,-0.3434800479602849,0.41690353837769184,8.056166681319668,1.0680107025539196,1.3663131501226171,-0.7845758862877411,-0.4885699333471776,-1.1977820287177787,0.43165270545703527,0.5322701228654381,-0.03235570899883698,0.5828458447124822,0.483859169307702,-0.38082745596382206,0.10290302310120798,-1.0207653728254482,0.6526874894292776,-0.3564314043562574,0.6330440226337634,1.8100495342504244,-1.2041110421831076,-0.05596404604035374,0.20841953815283515,-0.2876064173746783,0.07702284573399192,-1.128672491247615,1.0945940649679076,0.19079633528944415,0.3481677474967173,-0.4405009592638733,-0.6024965157213688,9.779958151600333,-1.1064055824472863,4.699730745812153,-2.5058642938441484,1.5180050304140222,-0.8289892398617653,0.7733980380344392,0.010800940259929972,0.5053159470365188,0.6354290498984606,-0.0507303266850751,-0.004539529043742061,-0.07240877772522658,1.6526623039976214,-2.167148998355353,1.150108606110833,0.06873919381525241,1.032062126423396,-2.9076202497887467,1.2923961055819408,-0.7170559637884932,0.07903897635526826,0.15194887864720577,-0.09897374617435944,-0.32795146311545004,-1.3525538758219586,0.5901090250363843,-0.2191362276209834,-0.35671757032633783,5.243065608706064,1.620979007999798,2.0373427847817243,2.076336033649866,-0.9166089406471741,0.006829616173727994,-0.7353523079713553,-0.5834486995718331,0.6429542944943706,-0.9112010279582837,0.3776180569952201,-0.2725830028011687,-0.3487248811674765,1.8855304753248043,-2.111338722788418,0.8096507262317902,1.222233203397944,-0.7285496587229907,1.402915960672507,-0.5315248017536356,-0.033682768688558275,-0.17243608909925873,-0.907068588252602,0.8761692269124775,-0.6164492265440105,0.5076658662440724,-0.2701703057431709,0.11645756374076424,0.9272380683226285,-6.234072319744184,-0.21860154684530142,-0.16916274837722534,-1.0274710502414026,0.07911767411368313,-0.3567559171218961,-0.18199191519114127,0.5143064632847054,0.5341520950377495,-0.12231232570893719,28.359052459115937,30.064102597657143,30.563724273010223,28.286696259733166,30.429644680612284,28.947616116593462,34.60621895218007,3.150974086391167,5.5787202037380155,-4.406044148850389,3.912338849195193,-1.3763072943245251,-1.2896410915002638,0.3705362754821422,-1.560531985498423,3.889253575492845,-4.903889954768181,3.7330749597121726,-1.721880818870843,-2.0337510025192627,0.13810319613979866,-0.6259352049815425,0.894767354755608,2.6938152197190575,-1.564960471326692,1.5279225391027558,-5.924542517249863,-8.237166478685758,0.9395128378174373,-7.3618909759654585,10.40559932190141,-0.27952772174468266,14.388102180468014,-2.314853661150926,-2.3276301211166928,-1.0710407262192856,2.3913323748867295,0.4946403822479833,1.553484017575922,-15.525295018851093,0.3431436609151522,2.164296914974012,2.0328860652224345,5.699945405082419,10.276467627525772,-6.360649434279386,-5.67280029792851,-22.19075933322312,5.251633585080975,5.421895175886489,17.415988779190975,6.043479107083191,-5.825883590647966,-5.685181672318598,-16.00302214977282,9.239010503773827,-2.952020075649971,5.429789517236045,-16.866395398452887,-0.3310064781077783,2.2049256039180287,13.477494126464538,18.752218824026972,-7.973844860079238,-4.839380417703549,-29.81464142788558,-2.8713311604039533,9.059499130466158,28.410479740549548,1.5456664180997337,3.4002023458858095,0.4595375759205117,-0.10680810974842422,3.125257092062486,1.1916496604342346,1.7031441530662779,-5.792393519036301,4.520009064538555,-1.180384232738405,4.203811400950158,5.195726270656767,6.140225153422157,8.489317168690544,2.556339369277234,2.802993202171675,-3.10592769711727,4.670834811226008,-1.3450351477779314,-1.3134760665321141,-12.73080610381462,6.216398340125193,0.852267044937808,-0.818509724747548,1.7504367331224084,-6.410084894653353,-3.307141366061399,-23.35767518326881,10.905799755075776,-9.281982556528728,1.4626090893721764,-1.704618409774339,-1.9044764565228567,3.5523280396111745,1.540044984717825,10.368061271141556,-16.73134543801695,5.913664062607059,0.13853690853844844,1.5359626250629366,4.71382809191003,11.770471003737379,13.09800511019395,-9.207011703684532,5.662484911942204,0.3402477616260888,1.7184201810631745,3.2489905291894714,7.209484523299711,2.3141238021699486,-1.7846090194295074,2.2793391041916915,-4.780160853448409,5.5609022178045615,-16.056967031542694,0.3279102319132003,-0.9773650725599693,0.40534710088101455,4.255997718027942,10.667180675802122,-2.6868911765820784,5.718961372755665,-3.4552301675699777,3.0092387112778978,-3.2497097003735256,3.568913729552778,4.126389285261781,-0.7070066924491976,-0.3270136448617331,-0.6392977965293575,-0.8902364544933046,-0.5045974802593396,-1.320083423987612,-22.094208538143118,1.214232337252324,-6.242543580959907,-4.113907396721299,1.4976170865694414,-0.9236356905422343,1.6942364138427501,-2.5871617416382477,-2.4996260355520485,2.564513573620464,-1.7127250923077408,1.7215548248330006,-0.8805106444475412,0.9228375195386299,7.96377503583549,22.20052444197759,-9.440284929032305,-2.71381791399812,0.5060980644941435,1.3042093288950363,-2.7119359632114413,-1.4291273871596846,1.8820395282813955,2.153391926999759,-1.2744393371708436,0.5315729954361906,-2.2714765474981182,0.24960345007420584,0.5992407959962065,-22.566449358102123,-6.54827513407099,6.248505061019125,-0.00121639401130098,1.8831709602061446,0.01808120448832534,1.675397401495569,-3.9429502492185087,-3.69184050643538,4.778247388970989,-3.0996026195443562,0.5327308134507628,0.11519239960455435,0.4976916004963943,8.71124799479894,17.278012319922485,-10.158908180600191,-1.6893468416036281,2.336439764004139,1.5388453184185962,-2.185517008838719,0.019721912869498218,3.1601015208674235,1.8505972268453488,-2.1219462046507513,4.110432093796942,-1.4591152312798876,0.3049424839410806,1.4397640739932709,-19.93133489357658,-4.2278100797494655,9.04328815530962,-0.9036600627116189,2.53614520364335,-2.579718477971649,1.273936147088394,2.6424412941173228,-1.8708049485722082,0.438832724948256,1.781562298374488,-0.8371255519911799,-0.29771037007075263,-0.9480636048954806,-18.347266927852232,13.115968219487048,1.8794252019961089,-6.264051992832624,2.757343955728329,3.7397715819380504,-6.184448916514328,-7.108737842376808,-0.009141036623346891,0.22594812324735444,0.38281182469816644,-0.5295418167441102,-5.352064882867057,0.5448085170497023,-2.827608778023647,0.4779269004536887,4.881813534973892,-4.389338321801003,0.34160121573855967,0.5805476361173838,1.1250018835614155,-1.0630770333293469,0.08018619601122667,-1.7309363845902221,0.5444151766895616,-1.0336735492979288,1.0401787730360454,-0.24807570560921555,-0.01999002341531553,1.4234830681531547,-0.12783841903083507,-0.29245279721640827,-0.23401725280282587,-0.034891754965366104,2.698820859422423,-0.6762094769794113,0.7202539374895074,0.43079726275155145,-0.2391112475832726,0.5233239650793716,-0.6142601845232013,-14.841852597289707,0.7400331890836025,-1.8953083780687032,0.6797092268738802,3.0968100422178737,-5.155368439910203,1.883039125742999,-1.6636230658883044,0.7440414259811322,-1.519675880352196,0.5985985769921385,-1.1405634094549282,0.15880967779736954,-0.31832964242993034,3.6782186710800855,0.2375631672753005,0.577190939782573,-0.2769544337139094,1.0722236334161968,-1.1678037461505908,0.2941996163817282,0.4338733754517913,0.24707722346234248,-1.1010767085849358,0.2541541390624186,0.006932442132647869,-0.028508825685855922,0.4129716067218724,0.3715699498810651,-14.11279546590778,-6.734591073267343,-1.978971846976528,-0.5655603342031855,2.7288444511181797,-1.8001965397709017,2.1976540276187513,-1.488710454279644,1.2055224586674589,-0.014599427524713595,0.02722722542586231,0.18262549451026758,0.0029600689594137374,0.06004020006882024,-0.14555319372224362,1.706133711838129,1.311765654703077,-0.815102096001029,0.37543943339236346,0.19264062094473475,-0.4639644337780612,-0.4934836923292222,-0.9266513374569528,1.474553090114205,0.006517638526781345,0.31921565481949765,-0.40916167865614617,0.5429220552479632,2.891301166913325,0.1346831997521156,-7.680674669142705,1.1297218018338997,-2.1113935035465308,-1.6398219107640708,-3.0806580376527344,1.9864416540020282,0.9710017612755929,-0.9173385350504248,-0.6251347997446132,-1.7301138057560925,-0.7439334096010725,-0.3010606979547525,0.05790429902135241,-0.8055832223940581,-0.7778278176439283,1.9596164013481014,-0.19380798399664187,0.2947057799609445,-0.26090309015203816,-0.06406103042732207,0.002919379235118022,-0.350709176628929,-0.013920066762691214,-0.21410303755870863,0.49596040973952016,-0.06026839445668539,0.48003001410392576,1.8805279672311193,-16.512120096837773,-2.5056064569445233,3.898366922326529,-3.9455435896449442,0.32485091545187667,-1.4517440757392783,1.354673966848145,-1.498819364490169,1.295128333155497,-0.3234577482660517,0.3381874200956272,1.9790887200121512,-1.4318619308227318,1.4904343379594478,-0.5534709792366688,-1.908331979081065,1.9890747619642328,-1.0655530731422782,0.7070104464555852,-0.08501320178497994,0.112391924019454,-0.40776667040236453,-1.2312081680588203,0.8257240790428212,0.1583153833460358,-0.05201671448804676,-0.03899842647338074,0.3586041112435755,0.5771557881084777,0.4821956005212928,-10.264647225315084,7.094001709329251,-2.558828279779275,-1.7842938131469586,1.4870528636739213,-0.9902590567014253,0.9920876564819228,-0.834855134846213,0.09479034951294672,-0.43354428548819457,0.10025446746119676,-0.6177189098845174,2.6083882027247083,-0.5341331394755369,-0.5316631483364549,3.0109712837068963,-0.5965330017539143,-0.2102186927370279,-0.0267939382541395,0.577687548295853,0.2195163477998751,-0.7392258299837232,-0.22186615674054733,0.2569493399937946,-0.09982836354092918,0.18013210289252637,-0.28950148864667075,-9.432395079925454,12.312755520139717,-7.484689173300983,0.8804612975234288,0.981998899145919,1.257490506864494,3.4552776465794905,-0.9502616582933474,-2.303912885695237,-2.1685776641467043,-1.5026991386270405,8.770048445058302,8.342200999979081,9.862855790328991,7.211976515539373,9.188905813946239,8.751238998507148,10.073799566997213,2.4859948684058693,1.8208352759643227,-2.7289417061458794,3.626497561231206,-0.06924582781277111,-3.756608516890661,2.8835051494859014,2.6963421407846635,0.8885918768593282,-0.9047091868326131,-2.4432463322166162,10.054148826614068,9.513340566514673,0.35376264798515095,-0.0820741423673122,1.3956711127001897,-5.274724844753139,-11.905096267262433,-10.938673742662386,-8.863106417832052,-2.083396500731513,12.501534565095987,9.818882352557885,9.81178002800335,0.3048873295231954,2.2765286481092053,-9.11891271886324,-13.99625223867449,-1.0435825164990293,3.0530570737134997,15.932992894579488,5.812025739980956,-3.29599746994766,0.17034919182564753,-0.6197200673633843,0.8674993595490671,1.6046844749069546,14.223186671201592,-9.342016169532515,-1.957981072621371,-15.025753052125438,1.4118784218291989,11.997543877598984,0.03719996337141604,17.628793260794193,-20.468901829016325,5.118410740465093,-17.141883782710288,10.691795035769308,6.490203844951972,-6.659704260584285,-3.8128818717818103,-13.093471826624642,11.314119021475205,0.9019330173589755,21.663977666261154,-14.523662668348953,-2.128914609511518,-23.871345040197195,-6.769307708130786,10.347375461769785,26.42158751846412,-3.442558739048831,12.759657613337922,0.09616613023749421,0.523155851649069,1.3314144185162473,7.1675610756624915,13.82114902135957,-7.230126587295595,-0.8588441773527065,-4.351003001379463,-12.518555260820147,-2.599281949774394,15.202773262125918,8.130501252079078,-6.77128389135869,0.3794256769100396,-10.371212400551627,-13.528156764906312,4.349969917999321,3.2639146956866796,-17.01934326513278,1.1713618171752083,-0.9651739605477372,-9.130390665696414,-5.3801694004182306,9.643411105103986,-3.642662915192257,-26.094179553619572,10.575956523269086,-4.543023102464703,4.978651420541333,13.200331264233052,3.9923672224896603,-5.1668465513640465,5.660851277546587,9.716557863827521,-8.693370635718413,5.695239176310211,16.277351720217702,-6.816101121884661,-5.3070401260249636,15.27472145922993,22.409912553497733,-12.421925306555847,2.900190857351261,2.4925333100424796,-14.165230623946204,-0.32672185331598463,13.168931983018824,1.8148665256930694,-7.562597924724713,3.507590036603998,0.24561481731099521,3.7464415605624017,-18.542417529307293,0.04477727570808272,-0.7500379380603773,0.13410244460270887,6.000605291932748,4.951459385911129,-4.218581915745889,6.286457002152101,-1.6481109128300642,2.1834101961140333,1.2379519851626626,4.867474693986456,4.077042237971209,-12.46045490333181,6.514647835825603,-3.363840534644975,-1.4756402818500973,5.61612050307037,-4.637829061965652,-24.568188361230394,9.871929251223627,-7.887311481128595,-0.4350478108915947,-0.9443987755474441,-0.7591241989302836,1.5039308658209045,-7.534923411951412,-0.5530529895137385,4.474752963201427,0.3482760707044237,1.0060440352821847,1.7019309648337353,-2.785501269576481,7.1807112579763706,14.484261146534038,-8.23646606557453,0.9723967800236348,0.7539149029164562,-4.121161889901812,-0.7780754745077569,-9.779387955959676,2.7771423950227967,-1.8922566890372408,4.063060784694236,-2.5436531762643066,1.7547224471145564,3.7493582774678083,0.6603999446595558,-15.534739123152344,-0.016394940866565975,-1.811597440717861,-1.5599211185996655,0.22484667261913055,-0.21671440955446755,4.160867778005811,0.370166908564713,-5.710346009126749,-0.6447519829083763,-1.1201628330735038,0.05630436764486666,-1.7374602536736012,-1.455017820032671,7.069957737694518,6.121733160662357,-10.407550330783767,1.4088336235835248,0.03779008429417072,-2.7872654863604662,-0.628583852083242,-9.071147012999946,-5.226583075413367,3.2426294457089067,4.698422279849053,-3.4032649349717756,-2.4897370977114535,0.9422541802244517,3.6722660016068778,-11.6389457894602,1.946601759291044,3.9065306759375833,-0.4831425748150165,5.053652318520246,-0.1574224811636753,1.0923563796028704,10.15687679527845,-9.902303895274166,4.683890873824204,-2.747753797207494,-0.6321480979145768,3.1241117023971534,-4.126076066688688,-21.467841623913554,11.297010437574583,-2.9285033455294043,0.5410276645828545,0.809148573172451,-0.09888341801797158,-2.107294552304284,-4.744296444214698,-0.19821394766493813,-0.5379152036709638,0.37155101275497104,-0.10756975070339836,-9.961393366533356,1.3521915028892086,-0.45266010263141415,1.5944338259258286,6.26177176333662,-3.5921570173892983,0.3195304435961899,1.055151412508134,0.8528408224269142,0.5975682856741353,1.6339193330023891,-0.8499222532446572,0.007835672736145136,-0.2170411336187722,-5.984495243681348,0.8444450517803007,-1.4020307008664807,-3.9564653200759046,2.3860876120060537,-0.9273100191981305,-0.02840608936135781,0.10752655862143112,-0.9363923759043689,-0.01757187315749769,0.4402108855709142,-1.5842791629459254,0.16369404610037255,0.2001478137579474,0.04346055025428682,-21.44041110208233,0.38773679407221256,-0.3203777151717726,1.4855593726738034,7.16200359531479,-3.804243398430639,1.0756646304558886,-1.1291661167752118,0.8417694420249119,-2.407452576191793,0.04629825868963813,-0.21898626074932345,0.3794334459944789,2.2571911614462246,10.649554657190636,-4.896691273672962,3.1939124837357284,3.030091205137872,-0.42621530514854944,2.915025291120356,-0.44841554323165167,0.09412701462222885,-0.30294213158475547,-1.4912865135626165,2.336893160129361,-0.9712279009834588,0.6874644807076592,0.4859037366986039,1.4402206623675842,-5.551751679747429,-0.5840014904782257,0.7251137030881529,0.3980511562766299,3.405642489947894,-1.273869981153622,1.1069220074021264,-1.3626047154528729,0.3086732935093367,-0.45457910715923755,0.7983305956708451,-0.25716464381477283,1.7542154535504886,-0.7593502990893951,-0.4782346175257718,0.9363473028553216,-2.768335550062998,0.6653432694028156,-0.6362932892707798,0.6865939202762241,0.1014886643651882,1.1205507942119124,0.08087038103206336,0.22472262149010383,-2.066014378260326,-1.5232300889127286,1.1037064578826163,-0.1376790813280927,5.894297279425211,22.47207401281035,-6.018719187592172,1.3640002162764873,-0.29426898466497303,-0.44162471440336304,-3.1541916282756537,1.4292233949273407,-0.576426090450548,0.9319948549631872,0.5210182468878386,-0.751667144416757,-0.27871820190281965,-0.23802232821456673,-3.943505476208524,1.62085346900355,-2.6957737439529255,2.380516269987184,-3.107768001730146,0.06647129873268207,-0.7034649565105364,0.0728634194443063,0.3730751709751644,-0.05065367253767803,-0.22734932646217038,0.8920507171411799,-1.9597416131478418,0.5344331488206725,-0.33850435269903484,0.628726339155465,-8.026966179769401,2.571539449930812,-2.072209904699889,-2.5370796636747195,0.884974165117909,-0.441506641273326,0.8810769968360448,-1.1841072100605572,1.230616953701491,-0.027689263446891193,2.034988490453653,0.8179337181625639,1.0687254147939684,7.95857602811946,-1.9327336652404177,1.6348292797435893,-0.9624692310149944,-1.2579396140177557,0.08429065426208569,0.5597829963584599,-0.18023200377669668,0.4905533311538719,0.03704304383145258,-0.07885161928830096,0.28622384572756165,0.162557183681977,0.626596043903135,-0.18667071324052945,1.0072013455521787,21.990880701013136,-11.53848710897482,3.0368975380866305,-1.3019232162239187,-2.720052339116135,0.6767909958167133,-0.08957532171117354,-0.4207925120441888,-1.5000650023045123,0.1940721811045751,-0.4656103789159107,-0.5043708966282512,2.495490153589003,6.829510148181642,-3.2902105185067714,-0.004068012663589124,-3.7633865771255595,1.8369849657481558,-0.6163704088748839,-1.2492941336939696,-0.14436494746905532,0.2382727967021214,1.1866053015954077,0.2961099987150173,-1.4709287318131619,0.04739841348506553,0.39223222045930844,0.4846936522265834,-20.42544072841889,-3.5223710364421765,-1.4013461637894913,-0.7764811154725034,0.6467606803483634,0.7644967894197268,0.6185513111611673,0.016991054720893663,-0.8052933013831991,-0.7693408681907833,-0.7243906719926941,36.88376512263134,37.366331841300784,36.401980376345385,37.206996321064224,36.47231728247442,36.589812200946234,39.198509485703156,32.77909907804039,43.01912085924077,33.61078117032734,45.73590133189482,30.02399618581378,50.00238460216274,32.608918904629405,40.38908623723418,38.829147294275295,41.361825046689944,41.8109696950174,40.9316049696935,44.22105451753368,-0.2817592098857686,-0.9759146507814009,-1.6822040065977513,-0.5732432452342708,-4.964354625817085,12.890389187063937,1.1776186722885205,8.614192333678753,-5.106098358955193,-1.8132510561967183,1.3645268268679758,-8.053089343389093,0.8790502344977289,-10.111630094364157,21.4758444626323,2.4938524780092304,-6.900453474354787,-17.58203886419813,11.261580540323125,0.7906810333933934,-0.0498827333454583,2.0918127999455502,-0.03252303916078865,-0.4009853642893078,-1.7914186758427408,7.895305338389771,0.24026541626437364,14.080488796352636,-5.962002971829585,-1.1989026184227547,-4.699541395719136,-4.873207845233206,9.152503850738931,-0.001212392227400376,12.417587579664218,-10.221349758109756,8.12976673648936,-1.8450238876705891,8.198611981691588,-3.4173538935372587,-6.08055908734233,-7.615672054969908,-16.766424750595,13.498364461829015,0.31813080403168265,15.858858724547233,-10.149501428682525,10.785763539080696,-21.32927930052369,2.8225618767645346,-8.561164631381875,0.3491976958978296,0.8573970545986386,1.5632199584331201,-4.928642672208546,-6.058404623003681,-3.110683955471134,2.436611191796234,1.8797872054402787,-5.40508741715004,-1.7612927224667088,-7.292188395849632,-6.572854402186135,2.2488224313075116,2.0666045563570092,3.884152132330533,-6.088595194508261,0.9173411253906489,5.228266259317302,14.952519423344842,5.034367781562907,3.46159812367585,3.8336486698718817,-3.2497752036051164,5.103164482502253,5.205469607192045,25.155570857244264,-1.5558710726665408,2.3844588696853823,-2.5100385537630236,0.9539694444658195,5.097506625936923,-2.00979170692256,-10.550481050807047,-14.888774676366635,-3.6743628140248465,-3.41334481026181,-2.313199308342912,4.675699973936766,-5.4492841028244845,-13.554676714369883,-19.71227204404164,2.404459180455838,-2.2124255124487555,0.8104436606948787,-2.453570639102122,-2.728369986861472,-7.514713742792202,-4.3073844045297465,8.401802885665331,0.06547117482108492,-7.606597069375384,2.5152599265902005,11.787336788501626,0.28595498683649,-1.1132179956707624,-0.03759835310391233,-7.818263696417187,-4.659982065326363,4.304430686908131,1.2314224791016317,-0.5813884743487155,0.6955829405494321,-0.09482957169399014,-5.502593527707101,-8.76663684921202,0.003246123135159467,0.5821993875736122,-1.7109923652467913,-1.4651648162891784,-0.10757906473762419,6.117430817274828,28.183075649450853,-7.2087031619932445,0.3986778973052691,-4.2105025421933915,0.6416337247016521,-1.8227881243068575,-0.6022952338453323,3.7012415238219294,4.13001723862826,-0.25654428686571895,1.2033584419774435,-0.5483700531502661,1.6628945755072126,-1.7348522090493483,-17.683413918510293,-23.65855919668328,8.840850282539888,-6.430865513568048,3.2057056818684218,-0.7916525545480885,3.1573170191899216,7.406704736938388,3.0931306900005398,0.53428064562647,0.02462865139319801,-1.400307357337742,0.9490222305634017,-0.5542928298110188,2.740975859665054,31.397712600688937,0.36701870281968885,2.3366832829318005,-3.8803641685814823,0.2886255705443711,-0.5991192283575508,-4.240808012987077,-2.4600016921029466,-1.3069772040126475,-0.7054938589609845,0.7928972036038769,-0.8764292655473883,1.938471636673287,-1.5715286995877922,-14.612908556158134,-15.093303616155557,4.812948711498538,-5.229793069789221,3.6755550536742203,-1.460576961052592,1.3113050487020512,3.710128642526392,0.950054999197618,0.904906163823723,0.5833155373019834,-1.217999553675956,1.4587723150483685,-0.4960069181494896,-0.4198518067425922,27.773879893071626,10.235798234014265,2.1288805379818077,-1.1180040211290738,2.256388864714111,-1.4695614240502533,0.04483313847848938,-8.002477792861669,0.5043888969001862,-0.02766293857833084,-1.5359686749719916,-0.6994337136351068,0.02625405931542467,5.237456718906932,25.494381013874793,-17.67810735307058,8.250002500330904,-7.327630228329453,2.6812048628753744,2.588263693678404,-2.696748612660839,11.703374358096267,-0.023559695007061714,0.01816497937546996,0.4553291467263,-0.665220952326738,13.000168452949508,-1.9320311734912656,6.794289805913404,-1.6984291298386582,-1.1779325555512026,-2.5305066603233493,-0.7512494353093347,1.254186953491505,-0.8838868562316274,0.09504428361789481,-0.1318904508564897,0.6866625278003596,-0.0845862477984721,0.22870584538778205,4.78725976715013,-0.2771233980003645,-0.6797123134779979,0.20672678338678652,-0.3081497592357255,0.4548262287504575,0.015060045176287624,0.10030315884192816,-0.20160511711168747,0.6537722912888488,-0.3704869985167634,0.7603855602660107,-0.31599478189389174,0.4919221441306028,-1.3825158791750036,27.71586758984642,-0.4999302336563611,3.3679955220216695,-2.6897245974309856,-2.5740262825959683,-2.0764262511194875,0.8671517122090899,-0.9159442283631269,-0.2843993565670721,-1.2606925538112688,0.11077456799705665,0.5126008111937465,-0.4803836382537041,-2.0479757300397683,-12.139926781172399,5.710183968351823,-1.232844529014282,2.200040545239693,-1.4781279179591709,1.271213625768582,-0.24037213057523532,-0.06895625214255743,-0.350970823327849,-0.5864394162846772,-0.368831822867156,0.25817737136341945,-0.051460872737940824,0.8248896756916817,-2.6081193141935075,16.383441334114675,2.2976702002646348,4.277151637147873,-0.9651861783108378,3.23298637441568,-1.220343054677251,1.557695821987556,-0.6533513303919055,-0.47548727519937267,0.9364903533145916,-0.7380018884585838,0.08657000786973928,-1.645484428316329,0.5093322704275863,4.012535319048564,-0.30138323110508336,-2.5494436437508607,2.2814991856895124,-1.6117458322611207,0.40044919774788323,0.14185504912703306,0.6699806253959488,0.6262123999157803,0.8323490888332447,0.540297771070645,0.4154004534151555,-0.30204185389846366,0.44770489807912,-5.756194605169192,-13.991703528586665,11.044630101558806,-0.012699695035090379,-0.8660652596076421,-0.4112603763011246,-2.9296852333164156,1.5069813134361019,-0.8066937084431712,0.5611523402794807,0.1899448840090814,0.6644143786220902,0.6241449038408283,0.31607450820340144,3.9409738090771795,-2.129891140389153,-0.08791820794927345,0.9202437211302953,0.028738976691797286,2.120927447606572,0.670769015432606,-0.4966590942604113,0.6645861853649672,-0.36760587248095766,0.028255544007175865,-0.4036256734501173,0.45035212862459795,-0.09012850452907424,0.3855255380712113,0.7121706739064511,20.27359970392246,-1.7110404307139642,-1.9569258964723195,-0.22093064880487748,1.1590740498518133,-1.1230475225219514,1.6167132788201528,-0.37474513517803365,0.3645238387999954,1.1033372862630202,-1.6761228030768,-1.1035630028076948,-0.8235207938858,-9.237654692997886,6.920768605059856,-0.997866858962649,-0.5032143130017772,1.4211410482994804,0.049940363272289026,1.0511233842611218,-0.2695444567870619,0.5220560223815854,-1.3760986455464717,1.2649392485644206,0.36269469341874927,-0.01034688312527864,0.1047622637342191,0.22538514260360304,-1.7171755854095223,-14.101727131138503,11.835767940623576,-5.685492397900109,-1.9919784588847542,-0.850325353857948,1.1398717001023493,-1.0508401605011555,-1.1001258706165467,-0.17378095210492706,0.14915208960149265,0.6187098413873673,0.056657076763986194,-2.177278594912902,-7.764607399418328,4.7576249701057165,-2.8626893308345136,-1.2112174368415212,0.3309092694377036,0.37641760459378354,-0.5225523877910676,-0.17281284312201997,0.21683166771176957,0.10887947655300662,-0.3797304750425233,0.05359055782016732,-0.1952967628984545,0.28214426198555426,-1.1819801213408698,22.62569809561146,-8.798644159724974,5.46178614943105,-2.956874376272171,3.0843650934709883,0.9122560918445819,2.0243700622735057,-0.5209483654740986,-1.32201530733946,-2.019094067239131,-2.139083969096071
35,-20.739910341931946,-17.96596009103102,-21.706998778271906,-19.155830393367168,-22.02423327498755,-17.497879809618816,-23.904207081418733,0.281712085691713,-2.3780852873877905,-0.4896417823759037,2.191971543176484,-5.109648659392612,6.901327299227279,-6.799152347266871,4.240101403942506,-2.661162051069749,3.8593555394030354,-1.1468589615823364,4.165254529940896,8.030157126855425,-0.6644971545643412,-1.197082571997226,-4.140718434923938,-4.789628441709579,-8.593267689751746,2.7988828967446695,-11.359966381483973,6.574924238431791,-10.030701512113978,10.467894728011014,-1.113005127483388,6.0281579393486675,8.478707340954266,-6.021487613600636,7.331274347967756,-3.5229364936261165,1.9795072292262506,-4.514688106480478,2.7126571645534687,-7.211602525837433,0.7970904755811836,10.412644733120537,4.635320868771247,-3.1759665111886863,-3.8851038457533957,-3.536287285220826,2.3437370329903406,-8.647689343822224,-4.766555576846233,-1.1794705468642503,4.591968477345084,11.792491700689803,-1.8458370017869408,0.1413093664049106,-16.766818438111223,-2.289392011027767,-9.028535088895463,6.7523591194199035,7.598522835489651,1.4846026338854927,2.0588678413483223,-8.36434547935909,4.348999140566725,-5.4887401891363,-2.151431478985065,-17.252904370279524,-2.887174828228481,6.87631386426423,14.886135804886537,2.4718091398947215,3.576240937071259,0.5588724992121947,-8.85421479843158,3.26455799183245,-11.920788734301604,4.906810264114337,-2.738685188517507,3.9614654433579517,-5.777960160393974,6.2909887475776465,-10.283201440943797,-13.720513128628635,8.29481720893626,-5.512190562915606,7.126258663157778,-7.063924759585602,7.035294225854342,-14.052830626135929,-4.316937761998294,6.090261998489444,-3.8836998190983487,3.5549311374480688,-0.11370956550377545,2.3318400707528735,-9.900168458199845,8.506856397373433,4.189898293664624,-1.9664840722619934,-0.008095920453403894,2.5666232680629917,-1.9989816239352083,-0.5667088858831927,15.616027427552487,-1.8620631662880145,1.840474455096817,-3.5574646014890776,0.7437992693430564,-5.5043252227967665,6.624280916523394,11.20283215782075,-14.613443439852936,6.888477586063122,-4.382473391377844,3.8468827525950346,-6.497158340645384,6.552786361512703,-14.682066689148888,-13.71220602923033,12.009892416549114,-6.5095550645235924,2.46282216949232,0.20764075443836427,-3.8727623304667964,11.300527663683868,-0.55194878152413,-2.5819381151275214,-9.017113265865968,1.3372297088856222,-2.1129516254733502,0.012018795952121422,-0.7200215838586614,0.6811203190737117,0.7553812563876628,-3.4575269855231667,-2.3632444876532195,1.044274869609014,0.288911269909613,1.6776289767797443,-1.7059031987321802,-4.8050752642682815,-4.493500902925554,5.958492853698037,-0.5150614119810258,-1.674974833529809,0.07510750175235364,0.3126741135901709,-0.0402340159126224,1.280498059814658,4.379804639196359,-2.8256900404473417,1.3724257083894966,0.5684653165722742,-1.9630882622503345,2.9649206342715195,9.623386407908319,-5.505428806603413,3.0733956849443356,-2.0897707582795952,1.4326836553065065,-1.720481916417064,-0.49578448793793545,0.5541566186232398,-4.809931576485192,-4.301532930595734,2.6085311302814707,-1.4146753020978078,-1.6280011712012403,2.124462810572785,1.7778843087066938,-10.944486436957835,8.5514378105446,-1.598150893837214,-0.795468307482429,-1.0755213152642027,0.9310675840857177,-0.8680073465634173,-0.2069141971299044,1.069088051406342,2.402698205533348,-1.0719287749419557,1.6511699545539293,-2.5161301024648157,2.4495074143204034,10.402779596302075,3.3124097342338183,-1.2540936124376147,0.549285529651475,-0.9399496197929336,0.6297985606746853,-0.3875058185312605,0.8848316264973586,2.5334046243752306,-4.847545562831916,2.0770755261526634,-0.9823945544780852,-0.6043053822464698,2.2757247706462893,8.619980817857117,-10.052314566181426,7.255280435762274,-1.4964379262645169,0.4635786324669231,-0.9289603666667328,0.9031050842429381,-0.6307758800109128,0.06489991766103212,1.7588709147710613,0.736473589503218,0.09773511520509752,0.14291312673926762,-1.205246798979881,2.91426378559279,17.11615971341712,-4.804983483871331,3.7963301890733936,-2.9539470878311733,0.7678814930101423,-0.26623410881536386,0.3244543744917231,0.1366157156369788,-0.6394353717097511,1.198481642961598,-1.4339690921000536,1.9831877294832587,-0.5510457000717706,-0.5952548927151582,-1.1977820287177787,0.43165270545703527,0.5322701228654381,-0.03235570899883698,0.5828458447124822,0.483859169307702,-0.38082745596382206,0.10290302310120798,-1.0207653728254482,0.6526874894292776,-0.3564314043562574,0.6330440226337634,1.8100495342504244,-1.2041110421831076,-0.05596404604035374,0.20841953815283515,-0.2876064173746783,0.07702284573399192,-1.128672491247615,1.0945940649679076,0.19079633528944415,0.3481677474967173,-0.4405009592638733,-0.6024965157213688,9.779958151600333,-1.1064055824472863,4.699730745812153,-2.5058642938441484,1.5180050304140222,-0.8289892398617653,0.7733980380344392,0.010800940259929972,0.5053159470365188,0.6354290498984606,-0.0507303266850751,-0.004539529043742061,-0.07240877772522658,1.6526623039976214,-2.167148998355353,1.150108606110833,0.06873919381525241,1.032062126423396,-2.9076202497887467,1.2923961055819408,-0.7170559637884932,0.07903897635526826,0.15194887864720577,-0.09897374617435944,-0.32795146311545004,-1.3525538758219586,0.5901090250363843,-0.2191362276209834,-0.35671757032633783,5.243065608706064,1.620979007999798,2.0373427847817243,2.076336033649866,-0.9166089406471741,0.006829616173727994,-0.7353523079713553,-0.5834486995718331,0.6429542944943706,-0.9112010279582837,0.3776180569952201,-0.2725830028011687,-0.3487248811674765,1.8855304753248043,-2.111338722788418,0.8096507262317902,1.222233203397944,-0.7285496587229907,1.402915960672507,-0.5315248017536356,-0.033682768688558275,-0.17243608909925873,-0.907068588252602,0.8761692269124775,-0.6164492265440105,0.5076658662440724,-0.2701703057431709,0.11645756374076424,0.9272380683226285,-6.234072319744184,-0.21860154684530142,-0.16916274837722534,-1.0274710502414026,0.07911767411368313,-0.3567559171218961,-0.6251999353881383,-0.4187819171343305,-0.4478157063482379,-0.17385737233932974,0.16922732338606133,-0.13972398652668638,-0.023661483090466586,-0.31645417165547857,-0.41649186237884467,1.1701409150074582,4.096059373218592,-4.5468690459797605,1.6272852606255521,-0.46942127660014493,-0.16175764369681483,-0.28274237526552787,0.6687473012259303,0.9507244082170462,-0.09281277871988264,1.3006399819607224,-0.35356335932867095,0.4953619508059112,-5.075799240889559,-9.726618977002486,8.30828212452587,-2.7457832440532557,1.438537412350298,-0.4476426817313818,0.2888898129201811,0.2164414576365462,-0.3567909697554047,0.28483685518495255,0.09615883480765469,-0.5797434920423141,0.5362263445972318,1.0399052830585205,-1.7726636418719262,0.6603563008703037,-1.5527671321882777,3.0719695952893646,0.6083913128853529,1.4113856458540754,-0.19194224081305425,-0.04316667225323095,0.6878588237204284,-1.0234074553754036,-0.5426047098165678,-0.6517281232036276,0.6661025009326305,-0.2747880198749471,-1.696541589085469,-2.333115168849245,-1.4866619304237083,-1.6721725021278224,0.04250731652126253,-1.073809323219877,0.7435874491621561,-0.20300375908753185,-0.11243148786860845,0.5569651995660185,-0.06474221716078302,-0.1313834458564712,0.03394749615639292,-0.10069146239780839,0.023677621067606167,1.1596582495891017,-0.9825501176585492,-1.444300185329394,-0.022016682959541362,-2.182300785243123,1.1822461728200075,-0.3810342725912698,0.19867029564157732,-0.19635544278433453,0.12587807790552566,0.28818630682286533,0.34653475169603465,0.1041676248359625,-0.10070904834953556,0.2170433892816465,-4.416341238280444,-3.3509736999369175,4.119535758167152,0.9925216450910498,0.8999692751863976,-0.9329449005824592,-0.03315888881718039,0.6627456302793728,-0.1875179861713679,-0.3505579262056186,-0.24783260355021947,0.13531554223592696,-0.01761870413510278,-0.05832992300268118,0.33729886731591874,0.24168903553349677,3.0885992164398224,2.0196601481057734,2.34630834541541,4.08466074282579,3.1257156772098664,1.0163050724611287,4.844652967815678,-2.6213691510618387,2.322223049677888,1.0452619688963187,-3.0313087348278773,2.8988881301721166,-3.099010270788747,3.871424224234322,-3.9285136622567745,0.9958258894689285,-1.8395926251949748,-5.355324106576494,0.2826456962312154,-4.856801342758142,0.3829577211821434,3.6466355983263736,2.6639163063786655,1.5303176730914945,-5.7619302383424245,-8.200455268401303,10.146629290649539,0.5327126282289746,13.644112900759028,-2.45849606194896,2.296941031498568,-6.7789770051789295,-10.625382341297685,-5.718143002463936,-12.980027340588151,6.638754954270306,-5.442483797346297,14.578022783435108,6.088763571517253,9.057133711905946,-0.10601179363332755,-6.026310777962527,-0.7540142913656199,-1.207795085196432,0.7177624247879324,-2.119922072964769,3.2469507202522845,14.233948120924854,-5.347223445176497,-1.625215402162645,-26.64413989413092,0.7044221570699574,4.322106296788385,17.772491566558863,19.934496168711103,-8.131434829589566,-6.570464133721289,-23.02942551441461,7.482044397069617,3.1481704390987484,16.183427453431214,0.7009391827096771,-4.357917777482211,3.962536554113032,11.820584450611905,24.943289938271484,-8.919264641618593,3.9943884260941958,-22.546983584544044,-14.187444097652445,3.150174893566881,-1.3098777266960084,-4.004901773333747,-7.966377770439726,5.6098538998369065,-6.946500341863346,0.48483299778102357,-1.5298081018590333,-1.9044764565228567,3.5523280396111745,1.540044984717825,10.368061271141556,-16.73134543801695,5.913664062607059,0.13853690853844844,1.5359626250629366,4.71382809191003,11.770471003737379,13.09800511019395,-9.207011703684532,5.662484911942204,0.3402477616260888,1.7184201810631745,3.2489905291894714,7.210994402088602,2.414607479546437,-1.376791445696666,5.2240855301137366,-4.190637251683922,3.220476835580434,-1.0427544342331458,-4.257120993173729,-20.168675755474002,14.090578723954849,-1.74484094642977,-1.886563955441082,0.7808598358032346,-7.060094620042258,-3.575596822430144,-25.224812360567174,15.911854535500273,-11.21138647011099,2.220242726328542,0.7310850799905907,-3.689714330022483,5.42569966811262,11.537684940804382,22.339902112278427,-16.043854212532256,9.278197080991559,-1.0808819566442205,-4.979234667497359,5.960506950322259,-14.69771793329095,-1.9197814685297365,-0.6364717201320889,-7.836226201882371,7.056326417248858,-0.7270510505656351,2.0619613311709455,0.01808120448832534,1.675397401495569,-3.9429502492185087,-3.69184050643538,4.778247388970989,-3.0996026195443562,0.5327308134507628,0.11519239960455435,0.4976916004963943,8.71124799479894,17.278012319922485,-10.158908180600191,-1.6893468416036281,2.336439764004139,1.5388453184185962,-2.185517008838719,0.019721912869498218,3.1601015208674235,1.8505972268453488,-2.1219462046507513,4.110432093796942,-1.4591152312798876,0.3049424839410806,1.4397640739932709,-19.93133489357658,-4.2278100797494655,9.04328815530962,-0.9036600627116189,2.53614520364335,-2.579718477971649,1.273936147088394,2.6424412941173228,-1.8708049485722082,0.438832724948256,1.781562298374488,-0.8371255519911799,-0.29771037007075263,-0.9480636048954806,-18.347266927852232,13.115968219487048,1.9174108933670329,-5.42522568428996,2.916535938042972,0.5143023923442541,0.39611656440400295,-5.689841956862915,-0.581825388025593,1.5307001598882228,-1.9977528129586035,5.784837177431649,-1.49293209211247,0.02057535850465232,5.93017230712841,4.824213462868336,-7.901441419455386,-1.321930839338817,1.614208553925573,1.251275025208568,-2.36900715275524,0.16254063740179756,4.510598098704153,0.9253703820050327,-3.5540075006153855,1.775372523086551,-1.029207997863028,0.331836140099718,1.1578537580985673,-21.433853602634393,6.08560295848547,7.143486706223624,-4.352040196677007,2.8019061706451818,-2.5465603407336035,3.1052393522755444,-1.223207642553039,-1.680343960334399,0.01852038509226113,-2.101633349724066,2.2844962561508164,-1.0579455004098375,0.34393539193057565,2.02437700936273,-12.525900837678314,-9.445920063097851,6.474323398655164,2.3962788616828266,0.31628967607565983,-1.2736066720429242,1.130778479102401,-0.6726686351316573,0.15413045034794554,-2.289642395769834,-1.6522683326018497,-0.44524016306571546,-2.2780490931272768,-1.513587616483217,-3.0806580376527344,1.9864416540020282,0.9710017612755929,-0.9173385350504248,-0.6251347997446132,-1.7301138057560925,-0.7439334096010725,-0.3010606979547525,0.05790429902135241,-0.8055832223940581,-0.7778278176439283,1.9596164013481014,-0.19380798399664187,0.2947057799609445,-0.26090309015203816,-0.06406103042732207,0.002919379235118022,-0.350709176628929,-0.013920066762691214,-0.21410303755870863,0.49596040973952016,-0.06026839445668539,0.48003001410392576,1.8805279672311193,-16.512120096837773,-2.5056064569445233,3.898366922326529,-3.9455435896449442,0.32485091545187667,-1.4517440757392783,1.354673966848145,-1.498819364490169,1.295128333155497,-0.3234577482660517,0.3381874200956272,1.9790887200121512,-1.4318619308227318,1.4904343379594478,-0.5534709792366688,-1.908331979081065,1.9890747619642328,-1.0655530731422782,0.7070104464555852,-0.08501320178497994,0.112391924019454,-0.40776667040236453,-1.2312081680588203,0.8257240790428212,0.1583153833460358,-0.05201671448804676,-0.03899842647338074,0.3586041112435755,0.5771557881084777,0.4821956005212928,-10.264647225315084,7.094001709329251,-2.558828279779275,-1.7842938131469586,1.4870528636739213,-0.9902590567014253,0.9920876564819228,-0.834855134846213,0.09479034951294672,-0.43354428548819457,0.10025446746119676,-0.6177189098845174,2.6083882027247083,-0.5341331394755369,-0.5316631483364549,3.0109712837068963,-0.5965330017539143,-0.2102186927370279,-0.0267939382541395,0.577687548295853,0.2195163477998751,-0.7392258299837232,-0.22186615674054733,0.2569493399937946,-0.09982836354092918,0.18013210289252637,-0.28950148864667075,-9.432395079925454,12.312755520139717,-7.484689173300983,0.8804612975234288,0.981998899145919,1.257490506864494,3.4552776465794905,-1.8348842363039346,0.08996904262269553,-0.22667635782647474,0.27580724898155967,-0.769503304758581,0.6463564860071088,-0.3024746568297733,-0.4812079794793499,0.025659898107842978,-0.5664170436145393,0.7038948481764166,0.26573462243877616,-0.23433830338212538,-0.23722721577755965,0.5811365138367477,0.20484117556344092,0.3142491356999478,0.16509944198910914,0.2895609984336645,0.0980623028164071,-0.021641326661416813,-2.000844304868283,-3.9400221787856484,21.676816463669763,-2.4382300288725474,0.3972624749953892,2.1600793729114796,-1.9766573067756747,4.176174355212214,-1.3839095052283976,-0.37240237224029776,0.023029487379175727,-1.613874860847002,-0.288919254217372,-0.5331147189841147,1.0814672465199338,-1.1438577279925266,1.0712813868137039,1.310726724917602,-0.1220919061918614,0.31249901896030785,1.296658913328524,-0.10715594736195608,0.3363370449650706,0.12277358976328834,-0.48938611705621193,0.07796888054841253,-0.1534569228080975,0.08368470544484458,0.41249615537927675,4.658569089623874,16.66439778224246,2.633910018155397,-4.685544851062901,0.5600672529942163,-0.612923220741957,-1.1917649087732336,2.5628431890614247,-2.024797669730973,1.657597652747939,-0.4854449469063538,-0.49558547243945356,0.596860325546125,-0.4742131257402209,-0.3205243659407711,1.7034782831051116,-1.059577604929066,-1.1424511438470166,-0.5624334088055748,0.8386578012593995,0.07559758351798936,0.4269004844937687,0.2848096129375555,-0.7960098366893578,-0.013783707227334787,-0.37090166014898807,0.10642133469384607,-0.16612981671452745,0.4526172094772409,0.2858994389546951,-2.9339050769692574,-1.1243150309945098,-11.023820840026188,9.035167632428625,-1.2841173215240886,1.0682935646561944,2.1509070355569477,0.6263479080269432,1.2428248216388074,-0.39668987087087204,0.30930710231383146,-0.594937106096817,0.4501602283824038,0.190900896810701,-0.5277020180131069,0.34057128206342235,24.20694369794307,21.657345129178893,24.038687609307097,23.300919159959562,24.783185472635346,20.359314285411173,27.957492910533652,4.836096493636722,4.895417704107461,0.9428204391981048,-2.1014628159324094,1.3382783993922245,-2.0568585607132337,1.1380100950093457,0.6402685383910747,-0.9856952704407402,-4.79072376126031,-1.1028033836913433,-3.8853180723547642,-6.848379067596961,0.3507629409954334,0.8156452386418526,2.451478306232218,6.792106525344834,8.747729240795085,4.415073146614457,15.077337957202852,8.15746332201096,5.145591620201537,-7.91372488023977,-13.179186802624786,-14.45285419195825,-12.402847349617215,0.3526475252733544,3.206490331922592,6.845161497161232,-7.950602146830616,-3.2515627153320064,3.5951370091272126,13.777131684679716,-0.6463855869830687,-7.303511892002982,-3.849159259402501,-0.8456378096344466,-12.584742354616674,6.747140950870465,-1.5367867863314921,15.459325547644985,-2.514458624192846,-4.082199012307954,-14.395457261489822,-5.532423052820003,14.468344860573168,4.872873032314893,26.789782515007825,-18.402943730554792,6.6973676548166985,-20.892950330522158,4.297681191568615,12.299426453620976,-1.8232276245549268,10.046462469490226,-16.964232605391597,11.628689328035676,-1.0954122607320809,25.691464025168404,-9.564760214477948,6.697989017467233,-26.066823339602593,1.9127661469259443,-6.408355989222913,-0.5537622528295332,5.5677206937848736,-3.1598981576830423,7.460167408586054,-3.1359480332362106,3.942466612051581,13.460071893206669,3.9923672224896603,-5.1668465513640465,5.660851277546587,9.716557863827521,-8.693370635718413,5.695239176310211,16.277351720217702,-6.816101121884661,-5.3070401260249636,15.27472145922993,22.409912553497733,-12.421925306555847,2.900190857351261,2.4925333100424796,-14.165230623946204,-0.32672185331598463,13.169484662562214,1.840935238142106,-7.794594000942675,1.6159945130977578,-9.434075032572876,-8.034181974458473,6.976988868091474,1.0580075265203353,-24.9454651021531,3.4766772056640334,-0.47652370156483403,-10.518355866032802,-5.826376118470669,7.293059375007318,-4.508843854395298,-23.50185400597222,13.392313568363571,-9.328063497795537,6.990724864755826,14.129436534823752,-0.7079000061621533,-6.106457207347502,11.405303172846303,24.195550661898128,-12.755999887574186,1.3628485022551304,0.5351634136114061,2.278272034812835,1.2086178483841643,-18.495684892028446,-0.14879628800055114,-0.5291231242252186,2.797986499846003,-2.2496134526863294,-2.1929395887944207,0.446685495123477,-0.21671440955446755,4.160867778005811,0.370166908564713,-5.710346009126749,-0.6447519829083763,-1.1201628330735038,0.05630436764486666,-1.7374602536736012,-1.455017820032671,7.069957737694518,6.121733160662357,-10.407550330783767,1.4088336235835248,0.03779008429417072,-2.7872654863604662,-0.628583852083242,-9.071147012999946,-5.226583075413367,3.2426294457089067,4.698422279849053,-3.4032649349717756,-2.4897370977114535,0.9422541802244517,3.6722660016068778,-11.6389457894602,1.946601759291044,3.9065306759375833,-0.4831425748150165,5.053652318520246,-0.1574224811636753,1.0923563796028704,10.15687679527845,-9.902303895274166,4.683890873824204,-2.747753797207494,-0.6321480979145768,3.1241117023971534,-4.126076066688688,-21.467841623913554,11.297010437574583,-2.915410546375653,0.8398226270693427,0.9618376608198711,-3.261952366455386,-0.25651242687887077,-10.744272999051521,9.868041752679618,0.5999383689465921,-0.8231088841017192,0.6841538988446092,0.5256248602246913,-1.9190792335799673,11.67085374168773,11.954076358669607,-8.470630307708177,1.3990129930012667,-0.3300570503812593,-2.827218956839254,0.4032480407458993,-11.437913334196313,-1.701259289973793,-2.8336447551933843,5.249520301860696,-3.832830425277326,1.3969729234569492,4.94739150605719,-1.1664465792752041,-15.238927985666546,5.826885564952684,2.4999294888551367,-0.6001245387348157,2.248963157449643,-0.6710259786939913,-0.003564291822730374,-4.888962055855262,3.968451725731932,2.4853139113442158,3.524223515679043,-1.6537450190068932,-0.7663932135096366,-1.9167488486834157,11.991353973667737,11.44225384280434,-4.530296879941277,5.596750181101462,0.15365538862901465,0.50256439626929,1.5218969959794408,-0.49116083292647955,-0.9232588310815041,-1.1329375255757155,-0.008835032157643287,0.2994345198670437,-0.5796629360429876,-0.41747482121165885,-0.29321685823273236,-3.1541916282756537,1.4292233949273407,-0.576426090450548,0.9319948549631872,0.5210182468878386,-0.751667144416757,-0.27871820190281965,-0.23802232821456673,-3.943505476208524,1.62085346900355,-2.6957737439529255,2.380516269987184,-3.107768001730146,0.06647129873268207,-0.7034649565105364,0.0728634194443063,0.3730751709751644,-0.05065367253767803,-0.22734932646217038,0.8920507171411799,-1.9597416131478418,0.5344331488206725,-0.33850435269903484,0.628726339155465,-8.026966179769401,2.571539449930812,-2.072209904699889,-2.5370796636747195,0.884974165117909,-0.441506641273326,0.8810769968360448,-1.1841072100605572,1.230616953701491,-0.027689263446891193,2.034988490453653,0.8179337181625639,1.0687254147939684,7.95857602811946,-1.9327336652404177,1.6348292797435893,-0.9624692310149944,-1.2579396140177557,0.08429065426208569,0.5597829963584599,-0.18023200377669668,0.4905533311538719,0.03704304383145258,-0.07885161928830096,0.28622384572756165,0.162557183681977,0.626596043903135,-0.18667071324052945,1.0072013455521787,21.990880701013136,-11.53848710897482,3.0368975380866305,-1.3019232162239187,-2.720052339116135,0.6767909958167133,-0.08957532171117354,-0.4207925120441888,-1.5000650023045123,0.1940721811045751,-0.4656103789159107,-0.5043708966282512,2.495490153589003,6.829510148181642,-3.2902105185067714,-0.004068012663589124,-3.7633865771255595,1.8369849657481558,-0.6163704088748839,-1.2492941336939696,-0.14436494746905532,0.2382727967021214,1.1866053015954077,0.2961099987150173,-1.4709287318131619,0.04739841348506553,0.39223222045930844,0.4846936522265834,-20.42544072841889,-3.5223710364421765,-1.4013461637894913,-0.7764811154725034,0.6467606803483634,0.7644967894197268,0.6185513111611673,-0.3038278529860522,-0.1419257535547061,-0.8417108064517413,0.5232427587779491,-0.3851032900064541,-0.04249094133778701,-0.13782202440653268,-7.405462864439285,0.013862987553513053,-1.2883575293744822,2.026464619034575,0.5482249832818039,1.4945588059641701,-0.19246321391239665,0.8121626341296458,0.00029228555198596885,0.09432553997288341,0.6014848875525944,-2.4966375382138914,0.7967043179279659,-0.18489359729614738,-0.6330604097924376,-20.238863942149898,-0.9235403074181464,-2.216313937568085,0.6526421842507322,3.202313601990231,-1.6851137248575392,0.9433136079151727,-0.6962281501090659,-0.06586567715825795,0.17420682605092735,-0.12632089773535618,-0.7769663585509013,1.6386664074627442,2.5377846577241914,-0.9405433701550431,-0.32051993157301906,0.107868799077475,2.9923156422629686,-1.720510652845915,-0.4611385396081918,0.43978491069989223,0.16641539821663667,-0.43151577590384,1.2842992028634943,-0.36300085237539176,-1.717275909162191,0.38129571609845886,0.016736021734160535,6.317362470907267,23.779293063779015,-6.057465483100645,-0.23894620835035618,-3.571925807571904,0.010606920554726791,-0.015767690632093413,0.9223536931176618,-0.5659876699892478,0.8269795541259023,-0.17471354069833397,1.813142331542336,-0.49901438762114336,0.474651387311011,0.953774059348329,5.176001307513874,-5.132104584739799,2.661973980781864,3.346168620517831,0.5003220260008336,0.3682179130367173,-1.4038512218005812,-0.3714833766568428,-0.024647264294275238,-0.021956685430354814,-0.6650247933997349,-1.7147775748085476,0.17662882026790339,0.2984096875253505,0.6186389547946702,-18.895517553188196,-5.366319893685482,-0.417306017688312,1.075305967997318,0.7478749240150496,-0.7357586800676268,1.9492920919254044,-0.6467471785144865,1.4002746702500954,-1.2288465668395447,0.7857207021086936,-0.5077151914932532,0.13353598150975143,0.047293490665936695,0.0488756750826825,0.4143029452015358,43.86559713934207,42.26792943702618,44.03393375258128,43.1683447143245,44.32204468568793,41.77246459927206,46.402671158631854,30.274359412934714,42.40407269212281,33.08241907987063,47.52747574412396,37.80583584344542,41.72932962406259,45.17094398309066,36.89877023410894,53.839253453379484,28.571937379745354,55.772943907039,23.985593665156838,24.58921183819903,0.37440730835877933,1.1672517021560507,2.297410658140551,2.485617142630367,2.9257168104993734,2.6322585668337846,-8.370341855193603,-12.372619611060625,-1.0608257590538845,-15.928956511288334,15.674434853098589,-4.490489247663469,24.1902225419953,-1.4647974350446014,13.876024360302946,-1.516119188394487,2.2301327830960087,-20.283418039797706,6.258608091067495,-27.55080756791144,-0.39722710693431523,-5.843624737722262,-2.221243692416609,0.46639449503449176,-1.7725203809080683,-2.220742045726594,-2.0890873228102973,-7.2195099188305,9.64811588857209,3.123844968785386,18.158507353998484,-3.315529554628953,-5.05138491767344,-7.177279855428696,-10.88970864487123,10.614609964974475,-0.7193165588584521,14.111759154207515,-13.158715528485411,-0.21667097671510005,-10.31958384935162,-2.125987266977072,2.9766821845392086,-6.085156822822083,-8.788637076140684,-23.459618595657947,11.01703495342386,-4.96119375961767,18.8083545745958,10.349109702035257,2.468079709407232,-0.5730199247560562,2.754009948159331,-3.4638415838838053,7.61727296485622,-0.9480889143870591,-1.1796189572482636,0.7064063022220272,5.097506625936923,-2.00979170692256,-10.550481050807047,-14.888774676366635,-3.6743628140248465,-3.41334481026181,-2.313199308342912,4.675699973936766,-5.4492841028244845,-13.554676714369883,-19.71227204404164,2.404459180455838,-2.2124255124487555,0.8104436606948787,-2.453570639102122,-2.728369986861472,-7.51465220146932,-4.340406346054756,7.197779229418529,2.9487937809718163,2.3041771724915407,-4.70655137692068,5.2661022158915065,5.493876754320994,26.853730376284588,3.9741434914509215,4.443275252443195,5.2439495519897354,-2.9857324631274587,5.020944801820462,4.621468850267279,25.758316773028895,-4.7879287728816555,0.752071405338847,-3.4557142700066237,-2.4095821429887136,5.527133602933938,-5.786998005615093,-21.478895299466796,-29.24878909128794,7.055346704566842,-1.8598895678581424,-0.2859805764043303,0.2512594242329036,3.3980971632630035,23.565134956820895,-0.41705965414028584,-0.018845620352291398,1.6246440598167324,1.2056553228146145,-2.849533310858792,0.03513900122511176,-0.5991192283575508,-4.240808012987077,-2.4600016921029466,-1.3069772040126475,-0.7054938589609845,0.7928972036038769,-0.8764292655473883,1.938471636673287,-1.5715286995877922,-14.612908556158134,-15.093303616155557,4.812948711498538,-5.229793069789221,3.6755550536742203,-1.460576961052592,1.3113050487020512,3.710128642526392,0.950054999197618,0.904906163823723,0.5833155373019834,-1.217999553675956,1.4587723150483685,-0.4960069181494896,-0.4198518067425922,27.773879893071626,10.235798234014265,2.1288805379818077,-1.1180040211290738,2.256388864714111,-1.4695614240502533,0.04483313847848938,-8.002477792861669,0.5043888969001862,-0.02766293857833084,-1.5359686749719916,-0.6994337136351068,0.02625405931542467,5.237456718906932,25.494381013874793,-17.67810735307058,8.245180401831458,-7.358205689738742,3.1371280102169057,-1.9886620122659089,1.818120275689562,10.57510788007284,2.8148888927117945,0.05551111566699245,0.266457594265335,-0.21408658858226315,2.83304132562137,-2.182437947813346,-15.135374867380031,-4.259865251709898,7.5041725048834005,-3.4775961835665803,2.6564150415761136,-1.8608463908237969,1.2897957097791777,7.2902128955663725,0.027886622256702704,-0.2627289218523713,1.4074810368478758,-2.600718340016603,1.2069001512406181,-0.37271230916226883,1.7701520480195085,25.97924749023381,-6.461955625380607,8.084068520381653,-5.5548362268323945,2.529551083275893,-2.1428659031401946,0.30366729161452205,4.778293459678972,6.964428527774752,-1.1585918698879794,2.4500879145220487,-1.8954833177542527,1.7050543229221629,-1.9780666361742323,-14.125190697382715,11.290056596817292,13.529718635706761,0.827743048956266,0.694483270977743,-0.8073313043331563,-0.6152743309900341,0.12105298652239345,0.7613030170863654,0.27165199880573593,-0.3697638548799792,0.6307280897670903,2.7755681328291977,-0.745291692231618,-0.578872150635814,-2.9296852333164156,1.5069813134361019,-0.8066937084431712,0.5611523402794807,0.1899448840090814,0.6644143786220902,0.6241449038408283,0.31607450820340144,3.9409738090771795,-2.129891140389153,-0.08791820794927345,0.9202437211302953,0.028738976691797286,2.120927447606572,0.670769015432606,-0.4966590942604113,0.6645861853649672,-0.36760587248095766,0.028255544007175865,-0.4036256734501173,0.45035212862459795,-0.09012850452907424,0.3855255380712113,0.7121706739064511,20.27359970392246,-1.7110404307139642,-1.9569258964723195,-0.22093064880487748,1.1590740498518133,-1.1230475225219514,1.6167132788201528,-0.37474513517803365,0.3645238387999954,1.1033372862630202,-1.6761228030768,-1.1035630028076948,-0.8235207938858,-9.237654692997886,6.920768605059856,-0.997866858962649,-0.5032143130017772,1.4211410482994804,0.049940363272289026,1.0511233842611218,-0.2695444567870619,0.5220560223815854,-1.3760986455464717,1.2649392485644206,0.36269469341874927,-0.01034688312527864,0.1047622637342191,0.22538514260360304,-1.7171755854095223,-14.101727131138503,11.835767940623576,-5.685492397900109,-1.9919784588847542,-0.850325353857948,1.1398717001023493,-1.0508401605011555,-1.1001258706165467,-0.17378095210492706,0.14915208960149265,0.6187098413873673,0.056657076763986194,-2.177278594912902,-7.764607399418328,4.7576249701057165,-2.8626893308345136,-1.2112174368415212,0.3309092694377036,0.37641760459378354,-0.5225523877910676,-0.17281284312201997,0.21683166771176957,0.10887947655300662,-0.3797304750425233,0.05359055782016732,-0.1952967628984545,0.28214426198555426,-1.1819801213408698,22.62569809561146,-8.798644159724974,5.46178614943105,-2.956874376272171,3.0843650934709883,0.9122560918445819,2.0243700622735057,-0.30181515159336847,-0.5397553908609403,-0.74898711104299,0.38143078801542823,0.4844900054859906,-0.20310135903239798,0.03549176288574438,6.7162528353474515,0.5413693830181582,-1.0166398476756615,3.7391349651224637,-2.6160298075878186,1.2740526219173987,-0.14029188515073152,0.17890021575146936,1.1418764599744662,0.16623617165016955,-0.343342417042791,-0.11195606728840281,-0.03095483310657048,-0.07301804999502626,-2.139338849865072,19.20822663349692,-18.123735660871397,4.3250830716313216,-2.242022821399975,4.115466204174392,-2.7170948051218335,1.799017819502546,0.2279733035387571,-0.34067799007438315,0.7678461295758895,-0.14705919934213255,0.6304677306758651,-1.3812086159999506,-3.0943211155665047,5.776018618451914,-1.4999718855835913,-0.6294692037910432,1.6693723697287155,-0.46548231846190063,0.4164037729370836,-0.3231723461185483,0.04904705859121778,-0.5069691908249246,-0.18261636052963506,-0.3932816018295955,0.022920801206374762,-0.034247349082093384,0.3681827799843998,-9.122863045879475,-26.306429544822258,1.994045719411197,1.9573268360199496,-2.7538430565248286,2.235981017034584,-1.7922431021784395,1.5609112774669782,0.12295502090397274,0.09980978116985811,0.060595611905241875,-1.2380940467381218,0.181185010439936,-0.34470555633063976,-0.6369944304880137,-5.794385433812168,2.9320437180106302,-0.9432231438685816,1.3725006101790218,-2.818254906952449,-0.37715980664271476,-0.4016889123256649,-0.7488148793818261,0.11360100366531486,-0.13908967050207058,-0.5692668005672674,-0.1089671808407547,-0.09621882407742423,0.4394738925390961,-1.6221164868373905,16.126318738301745,1.9353349018117059,7.2310120334093435,-5.025568623079157,-0.5900930696406932,1.043255248014779,2.608293775045302,-1.070967806040338,0.22540592909680424,-0.7446802185801401,0.04910252349479026,0.10140093433069403,-0.14038069371260828,0.14247563355196827,-0.10263169183622943,0.8710905879471474
36,20.27452827185201,19.72403862200754,20.727851262099335,19.71306948067443,20.811925567167478,18.46112842903413,26.126318394247544,-1.0981942028948115,3.563619834371072,-4.730127603975682,6.6426692658664495,-3.856986340284295,6.192613113042548,-3.1940083568014863,1.296307003775855,-0.29386836933615557,0.9353296480884157,-1.7234050999177488,12.651708327542291,16.850248939767003,0.13034600530473975,-0.2061938474437237,0.7439210687778809,0.28321094847153194,-6.387850822688433,11.574634889368918,1.0497734418491844,5.042634725731412,8.767968420230586,1.4220180006819825,4.741363780007492,-10.34545229284883,2.8523816038580723,-10.65744682073815,5.1749276845474865,-2.325277146704951,0.5757216378430657,-1.019470686412601,8.548521684437253,-1.0226588024107637,-0.19914130745174288,-2.0152632124153866,-1.1496583351676959,1.7716194650797177,5.863187255486007,4.973122594757641,-11.24117030356478,-2.7740382404828834,-6.016839106923583,10.071059558439893,-2.3174327845109155,0.8873060522108291,3.437696614659622,11.27671548257472,10.272221513532267,2.382941983294881,3.863876608440887,-13.768815520109085,-4.731470588244192,-7.104629903016065,7.029092445712645,0.24723428873687187,0.519716769208894,1.6391580077861367,2.1696112392097144,10.388699755762769,0.7535074077750673,-2.845774323282501,-10.121815814568006,-1.4413559474430886,0.7559791795154409,0.01997839261460551,2.935476228493965,0.2113862421080191,2.5605085285725124,-1.1878320094726598,2.5599085017341334,-1.937535226573385,-0.5667088858831927,15.616027427552487,-1.8620631662880145,1.840474455096817,-3.5574646014890776,0.7437992693430564,-5.5043252227967665,6.624280916523394,11.20283215782075,-14.613443439852936,6.888477586063122,-4.382473391377844,3.8468827525950346,-6.497158340645384,6.552786361512703,-14.682066689148888,-13.71231898952823,11.99309416465124,-6.829136835482776,1.9638224085318794,-0.8525176189093294,0.0989438879764538,-1.7919484904970524,17.296036757044238,0.41557673172836396,-0.322945820120318,-1.8650987826765817,3.198510037326459,-2.959119931154155,5.86782942716698,7.828487081589438,-14.377702350423732,5.89416552189066,-3.3962988157053275,0.8482335772064548,-5.994257379586484,7.257556594435349,-10.951946681524882,-14.992348734410369,8.0784331406545,-6.483263698755604,3.2190326991379465,-1.1956778761791356,0.20056497913969598,1.5021236292890086,-1.6802858187533156,0.09980852089652843,-1.3417676274915022,1.1301342614798289,-1.9687367315984123,1.0344458215504655,-0.8404254054997635,-0.2069141971299044,1.069088051406342,2.402698205533348,-1.0719287749419557,1.6511699545539293,-2.5161301024648157,2.4495074143204034,10.402779596302075,3.3124097342338183,-1.2540936124376147,0.549285529651475,-0.9399496197929336,0.6297985606746853,-0.3875058185312605,0.8848316264973586,2.5334046243752306,-4.847545562831916,2.0770755261526634,-0.9823945544780852,-0.6043053822464698,2.2757247706462893,8.619980817857117,-10.052314566181426,7.255280435762274,-1.4964379262645169,0.4635786324669231,-0.9289603666667328,0.9031050842429381,-0.6307758800109128,0.06489991766103212,1.7588709147710613,0.736473589503218,0.09773511520509752,0.14291312673926762,-1.205246798979881,2.91426378559279,17.11615971341712,-4.804983483871331,3.7963301890733936,-2.9539470878311733,0.7634966374517453,-0.34467721861695305,0.40125986679054293,-0.9906388186092979,-1.3675875439629133,0.28247633259210075,1.4907239712210352,-0.4696173252335782,1.062539438296399,-2.520567487103649,-3.726824733362178,-1.7169820373544122,3.3684472490302735,-2.5772446143112524,-0.18109214970692614,-0.8744014134681498,0.596135181048375,-2.0574018132501113,0.1870699737666004,2.048396539340015,-0.6220178822535087,-0.12172120972921678,-0.6208424956174328,-1.1817270106139048,3.182864084404997,9.88371741572598,-5.955494287302902,4.48585853937932,-2.718445739587635,0.07140631795905764,-0.6600973688737604,0.6347080612583827,-0.2171039712328429,0.7168807279543686,0.8629634931010153,0.4012073108202364,0.14504436456282646,-0.3222373672288177,-1.70440877783906,-4.859313083991761,-4.155470981133093,6.341158238942679,-2.1350443438161095,-0.7540226800656182,0.484279090907525,0.2717167479268738,-0.13854918229176805,-0.7641099069039801,-0.08114822006705483,0.8472548980181462,0.24589902656526824,-0.08199605779473074,-0.05256904886775113,-0.7626517800008152,-0.3898846068990717,-0.1626102355529987,0.16922732338606133,-0.13972398652668638,-0.023661483090466586,-0.31645417165547857,-0.41649186237884467,1.1701409150074582,4.096059373218592,-4.5468690459797605,1.6272852606255521,-0.46942127660014493,-0.16175764369681483,-0.28274237526552787,0.6687473012259303,0.9507244082170462,-0.09281277871988264,1.3006399819607224,-0.35356335932867095,0.4953619508059112,-5.075799240889559,-9.726618977002486,8.30828212452587,-2.7457832440532557,1.438537412350298,-0.4476426817313818,0.2888898129201811,0.2164414576365462,-0.3567909697554047,0.28483685518495255,0.09615883480765469,-0.5797434920423141,0.5362263445972318,1.0399052830585205,-1.7726636418719262,0.6603563008703037,-1.5527671321882777,3.0719695952893646,0.6083913128853529,1.4113856458540754,-0.19194224081305425,-0.04316667225323095,0.6878588237204284,-1.0234074553754036,-0.5426047098165678,-0.6517281232036276,0.6661025009326305,-0.2747880198749471,-1.696541589085469,-2.333115168849245,-1.4866619304237083,-1.6721725021278224,0.04250731652126253,-1.073809323219877,0.7435874491621561,-0.20300375908753185,-0.11243148786860845,0.5569651995660185,-0.06474221716078302,-0.1313834458564712,0.03394749615639292,-0.10069146239780839,0.023677621067606167,1.1596582495891017,-0.9825501176585492,-1.444300185329394,-0.022016682959541362,-2.182300785243123,1.1822461728200075,-0.3810342725912698,0.19867029564157732,-0.19635544278433453,0.12587807790552566,0.28818630682286533,0.34653475169603465,0.1041676248359625,-0.10070904834953556,0.2170433892816465,-4.416341238280444,-3.3509736999369175,4.119535758167152,0.9925216450910498,0.8999692751863976,-0.9329449005824592,-0.03315888881718039,0.6627456302793728,-0.1875179861713679,-0.3505579262056186,-0.24783260355021947,0.13531554223592696,0.10090470043208014,-0.16785656403822766,0.08272873327220506,-0.20199033303809466,-0.20941955765274362,-1.7901235780151432,1.7226189235518843,-2.947272072184189,0.80951129804471,-0.2817821542830026,-0.09517218889101209,0.2229525048434539,0.2024974375145815,-1.1446486935565952,0.3848307768297934,0.847891490099712,-0.44404323993705186,1.2478303822991874,12.104004977794032,-0.41952036876556487,0.29187872819745053,-0.5192193645852617,-0.42597661652602464,0.5021740249223919,-0.137441906988441,-1.0060850214461508,0.21024717945335913,-0.44239107430206137,0.5323856222840131,-0.35795868044730933,0.3055094953393004,-0.7218716672891126,0.23946346349630335,0.011755594460718694,0.06090572493388261,0.19419550936730112,-2.180919106827639,1.008851729159551,-0.5463671819936738,0.026062220314535173,0.26566281798327607,0.35628085456830816,0.06038109710298742,-0.36775801800688407,0.6199568565581532,-0.1412470712074947,0.3575676744603183,9.468991031834738,0.010657328401011273,-3.24787191921992,0.385853969756254,0.419316525394145,-0.11355865977905769,0.7548180902334428,-0.11207806704389767,0.12984565528559966,-0.7296369683885664,0.15602792472118523,-0.3032962011293575,-0.021106768201729232,-0.12213382777418827,0.41711222806102455,0.06485213738720365,-2.0020718068746293,0.34912957104307263,-1.039448484418823,1.189621889570904,-0.8315058006362496,0.3227766656386957,-0.2102294967829585,-0.11196004262947916,0.4338918510395956,-0.11074295857639041,0.41678638116332817,-0.4101092830000882,0.08833065996745317,9.720159882073158,-2.0335130237510057,0.16414549017588312,-1.2890828935041432,0.5197321468944325,-0.1892772183508096,0.9064173213845733,-0.10510904623119595,0.12380269293599935,0.04730608500296436,0.02270380413557188,-0.47041850481742326,0.11584532345601331,-0.018692734595766782,0.5293698709917466,0.5054287567565334,-0.2537697018436414,-0.2807737615513379,-0.6635485590421422,0.22010813763021306,-6.7183808923333475,-7.970766796840618,-7.016356495438621,-6.99374593117291,-6.914555186322561,-6.8731919019029775,-10.397300397799746,1.0719207160006112,-2.9198921568791207,1.223721737738069,-3.2224031963291107,-0.9915921868036477,-6.534813391619687,2.7648992509828187,-2.9042053018627785,6.3649112272728985,1.992195247675331,1.2253942476336581,-3.325857915344066,-5.530383220521902,0.23199904445261338,1.1675967627294574,1.4946196715951583,1.8484158643662465,13.651427176402485,0.5161992397825511,3.411055580084427,-5.753224757293794,-12.272208679925852,-5.041408207676345,-10.386924047222543,-0.5915346717863524,-2.962176954551469,12.588122525276459,-3.959107472361677,0.9674473753720633,-0.09525989454117689,0.7574986283012549,-10.393373339884375,2.298766139062365,-0.20691259513952465,-3.814710314351775,-1.3541745622320867,0.3187378843485852,4.537665916179881,18.09432464847515,8.291863517961435,-7.727387426460182,-6.42181275608644,-16.608084292233542,10.692659316401189,-4.864303878164051,-0.7079584886760267,-30.059397446054277,-0.5716978612771078,4.05168768836189,18.401096073548327,12.19810262656177,-7.520858602877351,-2.1380290424075508,-10.334322859260979,6.698800274592321,-4.409088988133026,0.9020392175689217,-18.951882288968836,1.0636445878050595,2.7472377908426746,-3.467383197074058,3.204429672851825,18.234680145951565,-4.647715240268649,-0.42268040995699757,1.2468478132077854,-2.5123464914186258,3.2462362999824173,-4.116388899197055,3.4757345280613317,-1.1139554450846036,-4.257120993173729,-20.168675755474002,14.090578723954849,-1.74484094642977,-1.886563955441082,0.7808598358032346,-7.060094620042258,-3.575596822430144,-25.224812360567174,15.911854535500273,-11.21138647011099,2.220242726328542,0.7310850799905907,-3.689714330022483,5.42569966811262,11.537684940804382,22.339347328773574,-16.16874812866453,7.551206594986579,-2.472275360547014,3.448943467943386,-1.299600467199359,0.31771721341467074,-11.095273335845755,7.633479482158993,0.7639720788928193,-2.1305978835628485,-1.6162281163802144,-5.813521062051929,-2.7323755992385137,-16.308827730416187,8.350852839811608,-7.801428848168508,1.966841993137354,1.5283709495599183,-4.5320427181798415,4.87647310510243,2.9716520678703913,6.9479493663012635,-13.873000486564061,5.6751421342203985,1.5606692919874696,-0.94554069619448,-1.4177918272020125,-2.211230484843468,8.94818915321919,-0.30496593951657863,0.34203660122564633,0.3341157527553165,1.3827353015457717,0.38639891099881946,-5.732629282752432,-0.581825388025593,1.5307001598882228,-1.9977528129586035,5.784837177431649,-1.49293209211247,0.02057535850465232,5.93017230712841,4.824213462868336,-7.901441419455386,-1.321930839338817,1.614208553925573,1.251275025208568,-2.36900715275524,0.16254063740179756,4.510598098704153,0.9253703820050327,-3.5540075006153855,1.775372523086551,-1.029207997863028,0.331836140099718,1.1578537580985673,-21.433853602634393,6.08560295848547,7.143486706223624,-4.352040196677007,2.8019061706451818,-2.5465603407336035,3.1052393522755444,-1.223207642553039,-1.680343960334399,0.01852038509226113,-2.101633349724066,2.2844962561508164,-1.0579455004098375,0.34393539193057565,2.02437700936273,-12.525900837678314,-9.445920063097851,6.474323398655164,2.3962788616828266,0.30217789986699606,-1.5833919601384716,3.573448647381992,-0.38068326295050925,-2.0128906694236828,0.8318840586713911,-1.6782418859564634,2.1162938820179535,-1.5771713276279988,1.0146823280918893,6.4154027881945135,27.569769998769992,-10.309590168611399,0.09105001251992992,1.6199027549519376,1.8937537634040504,-3.8104844185708346,-1.298021126981693,3.909256845802435,0.050305377569961264,-0.6474039568685114,0.7886316913449665,-0.6506207621290979,0.7424559718200997,-2.4360934019177316,-22.235426618105386,0.5244273916948342,0.9018546478623447,-2.1018808840573464,-0.4829613218234346,-0.06948154809745723,2.010979485946776,-3.0121807951243946,-2.887205314885286,0.9653567863607937,-2.4172817123214716,2.0264342576276824,-0.548909845872856,0.5196325989600508,9.860782484211704,18.926438333795648,-11.822585225413192,1.9251197864577305,2.040824132653002,0.4161915150229305,-2.796717391008538,0.08449212197562582,2.343279994780759,-0.4272543781497997,-2.614395404974916,1.8058170398222197,1.4378972760889799,-0.01377519002289726,-0.30075619675183823,-0.08271684289717529,0.2353603958616444,-0.769503304758581,0.6463564860071088,-0.3024746568297733,-0.4812079794793499,0.025659898107842978,-0.5664170436145393,0.7038948481764166,0.26573462243877616,-0.23433830338212538,-0.23722721577755965,0.5811365138367477,0.20484117556344092,0.3142491356999478,0.16509944198910914,0.2895609984336645,0.0980623028164071,-0.021641326661416813,-2.000844304868283,-3.9400221787856484,21.676816463669763,-2.4382300288725474,0.3972624749953892,2.1600793729114796,-1.9766573067756747,4.176174355212214,-1.3839095052283976,-0.37240237224029776,0.023029487379175727,-1.613874860847002,-0.288919254217372,-0.5331147189841147,1.0814672465199338,-1.1438577279925266,1.0712813868137039,1.310726724917602,-0.1220919061918614,0.31249901896030785,1.296658913328524,-0.10715594736195608,0.3363370449650706,0.12277358976328834,-0.48938611705621193,0.07796888054841253,-0.1534569228080975,0.08368470544484458,0.41249615537927675,4.658569089623874,16.66439778224246,2.633910018155397,-4.685544851062901,0.5600672529942163,-0.612923220741957,-1.1917649087732336,2.5628431890614247,-2.024797669730973,1.657597652747939,-0.4854449469063538,-0.49558547243945356,0.596860325546125,-0.4742131257402209,-0.3205243659407711,1.7034782831051116,-1.059577604929066,-1.1424511438470166,-0.5624334088055748,0.8386578012593995,0.07559758351798936,0.4269004844937687,0.2848096129375555,-0.7960098366893578,-0.013783707227334787,-0.37090166014898807,0.10642133469384607,-0.16612981671452745,0.4526172094772409,0.2858994389546951,-2.9339050769692574,-1.1243150309945098,-11.023820840026188,9.035167632428625,-1.2841173215240886,1.0682935646561944,2.1509070355569477,0.6263479080269432,1.2428248216388074,-0.39668987087087204,0.30930710231383146,-0.594937106096817,0.802671284323309,-0.4557373765221184,-0.3935997022694003,1.0130221238044175,-2.6610835196664757,1.8705904646313438,-3.075086867860573,-0.4375310370123821,0.1198086414305862,-0.473397263489025,0.017735155543919294,-0.13870925935028205,0.20972438101767557,-0.6310178864976609,0.7140338828555421,-0.4216027751297112,0.0959832877040756,2.4766056375821974,-2.213385513664554,-7.640149309929516,1.2044187728168305,-2.813164614353592,3.05210708916141,-2.793471080444424,3.231464397916416,-2.617586540372561,1.2288891786553875,0.19944783946221137,-0.6007012973331348,1.2628241095137467,-0.9238987919791736,0.17687951494292675,-1.1276775546967708,-0.35872981952413174,2.9167454770849957,-1.2582376665627397,0.7903652219664692,-0.7074325628626836,-0.13751960893108015,-0.24944042397992386,-0.7751601410550323,-3.1905707824289125,0.7466424735458875,0.1839993135799833,-0.12349582992785034,0.2579577593390728,-0.44190300912089137,-17.106445617389216,-5.0792976284466445,-1.6495756865384956,-1.2890502445281917,2.2137552697260694,-2.481348967549397,-0.5263159571446124,-1.1082194246560424,1.300865018660942,-1.6829765564402193,0.750617902016587,0.15385968862121172,-0.3204185580610934,-0.5659271078957407,1.0326719560344078,-0.3679502852815254,0.34963239305787064,-1.358920517489044,0.7393663191173392,0.05522608880403918,-1.1620958901427578,0.46327671697525863,-0.2044679449338204,0.3688999099939938,-0.06059237810573682,0.5425561178522796,-0.1894090601714201,0.1936510345124638,-0.30998807369737924,-16.335640405486274,-2.121701315145786,-1.534388274097273,-1.9059263203917558,7.926442684007584,-4.251585276442496,3.576978132385948,-0.9406764903369507,-0.04879752046702616,0.31081485448366114,-0.04411499748546658,-0.09258112650074175,-0.22670429272038503,0.5246390458991563,0.44906317797531925,-0.9697992968553415,0.6305676257830092,-0.06309751608055249,-0.07658979845353608,-0.36918870141599897,-1.5951886629622423,1.2307496192481346,0.34724465728849996,-1.283765011787903,-0.10513273812995652,1.7542954674344255,-2.5966438927209157,-0.5122813446870264,-0.04537033289573156,0.5785285488705034,-4.82185265908284,-1.5409615799702558,-1.8851765601452053,2.059948755096843,-3.7547403052499764,5.550689030386673,2.4507278421032224,1.7559249160640045,16.241636576122172,20.693845986787796,-0.3053068380950451,-2.603530222877623,-1.5093699257621784,3.414552913532982,10.1441872223423,-8.663010933205621,-11.45055667044133,-10.556623353474071,-14.569607067412855,-8.380071993095948,-3.359198189610936,7.525057797577738,7.206158923348182,11.447915739123262,-11.155425311812799,-10.506355409279164,12.966895350880408,8.584831457706876,-13.53251698776285,-8.632686867582429,0.32684685758664705,6.2150218044898065,2.3516976485312746,7.738912226695712,6.776101970557505,0.12922362740480817,21.455984742151614,-22.97987007011317,6.824367230417688,-16.18302261699617,13.723259549032953,-1.9082102592174528,-2.5609830022825726,-14.59909602185544,-9.868958434848404,11.177775948602633,1.3485716579265474,23.040304570123755,-19.775801744306502,6.355601278497853,-11.023020278697254,8.224527978760666,0.443628401038589,-4.3570857937740755,-4.502471563945396,-7.694676998203654,25.90351254840865,-29.70275054488494,14.368649886775296,3.7881929471196627,0.4066334496158763,0.9761345798809241,0.3154560825681688,6.116673939349991,-5.15072510096915,-8.054265222901192,-7.978879859284753,6.917897385964574,1.0580075265203353,-24.9454651021531,3.4766772056640334,-0.47652370156483403,-10.518355866032802,-5.826376118470669,7.293059375007318,-4.508843854395298,-23.50185400597222,13.392313568363571,-9.328063497795537,6.990724864755826,14.129436534823752,-0.7079000061621533,-6.106457207347502,11.405303172846303,24.195601525037052,-12.788890013759277,-0.022458815912615667,-10.011914304315507,-15.589299698292846,5.8514515489726175,5.5681706714864765,-14.3503349526342,-1.3312535858116565,0.6322817754517541,-6.17706341800393,-3.69478899936606,7.507559271023115,-4.848422251394923,-7.975676104550682,12.25129734251893,-2.5281852743566744,6.66980529072241,17.772921934229576,-0.864737541717457,-5.5811927947622095,4.10775747457153,9.845775281038671,-9.63646335122205,4.182624246851878,2.7995452058218464,-5.4337515343745,3.8760355629093115,-2.8779483891187554,3.981991615494457,0.7775432798580822,-2.308802679391092,0.7187173471706277,-2.7616696827522356,-0.2840937824618731,-10.77786360920438,9.868041752679618,0.5999383689465921,-0.8231088841017192,0.6841538988446092,0.5256248602246913,-1.9190792335799673,11.67085374168773,11.954076358669607,-8.470630307708177,1.3990129930012667,-0.3300570503812593,-2.827218956839254,0.4032480407458993,-11.437913334196313,-1.701259289973793,-2.8336447551933843,5.249520301860696,-3.832830425277326,1.3969729234569492,4.94739150605719,-1.1664465792752041,-15.238927985666546,5.826885564952684,2.4999294888551367,-0.6001245387348157,2.248963157449643,-0.6710259786939913,-0.003564291822730374,-4.888962055855262,3.968451725731932,2.4853139113442158,3.524223515679043,-1.6537450190068932,-0.7663932135096366,-1.9167488486834157,11.991353973667737,11.44225384280434,-4.530296879941277,5.596750181101462,0.15365538862901465,0.5028907140521054,1.5404625567429895,0.10369760446936198,-5.5973032911385685,8.746842847195456,7.643255024974295,-3.4713535719724944,1.711140655329746,1.7502095942603182,-2.547336649939194,3.4996463424644664,20.243833359601588,-8.921415126328611,3.159139839625317,0.44352022418451587,-2.0249483185454573,-0.8310049984258627,-8.333260921953167,4.538458553538458,-7.527408408399967,5.126586850053955,-4.613063375096752,1.714509771029863,5.972203592944353,-2.8361912569907832,-10.10567868625164,3.713513380420938,-3.166845306671562,0.47650995738267093,0.6941099185429065,-1.4039363714661692,0.2137815211999067,-9.078103707245244,11.97487924776796,0.9109423419333764,1.3602374807405542,-0.7797706420717841,-0.13636381440456413,-2.7492961539041283,6.085214692636667,6.3115916032554615,-8.194954993422398,3.121714873915152,-2.0120419260874427,-0.00807186463784949,0.9878708516375,-0.6957267540516896,7.5895616321912405,-3.1694466705977975,-5.227124195505407,2.3393461626566197,-2.2370577786398766,-0.025862969517394835,-0.19364759950995183,-0.7766910591814001,0.4962105889784842,-0.3851032900064541,-0.04249094133778701,-0.13782202440653268,-7.405462864439285,0.013862987553513053,-1.2883575293744822,2.026464619034575,0.5482249832818039,1.4945588059641701,-0.19246321391239665,0.8121626341296458,0.00029228555198596885,0.09432553997288341,0.6014848875525944,-2.4966375382138914,0.7967043179279659,-0.18489359729614738,-0.6330604097924376,-20.238863942149898,-0.9235403074181464,-2.216313937568085,0.6526421842507322,3.202313601990231,-1.6851137248575392,0.9433136079151727,-0.6962281501090659,-0.06586567715825795,0.17420682605092735,-0.12632089773535618,-0.7769663585509013,1.6386664074627442,2.5377846577241914,-0.9405433701550431,-0.32051993157301906,0.107868799077475,2.9923156422629686,-1.720510652845915,-0.4611385396081918,0.43978491069989223,0.16641539821663667,-0.43151577590384,1.2842992028634943,-0.36300085237539176,-1.717275909162191,0.38129571609845886,0.016736021734160535,6.317362470907267,23.779293063779015,-6.057465483100645,-0.23894620835035618,-3.571925807571904,0.010606920554726791,-0.015767690632093413,0.9223536931176618,-0.5659876699892478,0.8269795541259023,-0.17471354069833397,1.813142331542336,-0.49901438762114336,0.474651387311011,0.953774059348329,5.176001307513874,-5.132104584739799,2.661973980781864,3.346168620517831,0.5003220260008336,0.3682179130367173,-1.4038512218005812,-0.3714833766568428,-0.024647264294275238,-0.021956685430354814,-0.6650247933997349,-1.7147775748085476,0.17662882026790339,0.2984096875253505,0.6186389547946702,-18.895517553188196,-5.366319893685482,-0.417306017688312,1.075305967997318,0.7478749240150496,-0.7357586800676268,1.9492920919254044,-0.6467471785144865,1.4002746702500954,-1.2288465668395447,0.7857207021086936,-0.5077151914932532,0.1483110005484245,0.2953311720786844,0.8303159180300308,4.190105303056847,-1.6475365846734276,2.4858536451642155,-2.3250697028781744,-3.081082095675799,1.3801492261434587,0.3182288858634899,0.6641859786092137,-1.4612637795028511,-0.4268274500783812,3.055539734084666,-0.7357899507545422,0.8177019442906801,-0.4446325532460294,5.888823818812596,22.41182167827332,-7.3808894595027965,2.0565775531825636,0.4732354084982814,4.56965894331837,-2.0766641168227933,0.838710342744116,-0.2750188639426762,-0.14947377642363574,-0.8081107566338117,-0.8711273219361447,0.2791481620443939,-0.05045386485054232,-5.0014476658716704,1.9867476117363083,-2.4278068358980196,-1.5079094244064326,2.836260979892427,-2.7635734881583183,1.6857560305527106,0.11402533059530684,0.7917535385581042,-1.9396208289893713,-7.866650185288106,3.4796869869786313,-2.7091864124366762,0.818333820236308,-0.015830471766206354,-0.17296807531107078,-7.091504889519433,2.3542213989924057,-0.6134167653479335,-0.6946045785145692,0.6392047717761207,-0.030001227171851053,-1.3072431510516804,1.1296516065663447,0.4442319392230328,-1.5370368995494585,1.6393578380161455,-0.7172353744050547,0.6588375240621012,0.36878619794487233,-3.9589836085032637,-0.8213988373242342,3.6038549475371635,-0.23620245333152518,1.5458748290642328,0.08737917334326815,-0.22775023907946762,0.5590279385803729,-0.08160723228136525,-0.39098060626362535,-0.5212216874074386,-2.0055579439807247,0.5251280979191301,-0.07083998142665857,0.26320756582596294,-5.3224464051601394,4.319126390387573,-2.1605765062667928,-2.7978431865480635,5.227713660656919,-1.6201321777015447,1.248156192460052,-0.8198610946960313,1.703753815749521,-0.7405021485541659,1.27907162077868,-1.819643808483486,0.8873941529142679,0.9024384552906821,5.4119317921908925,-2.3449512449049736,0.839416429623032,-0.35047424085899576,-3.6037000476026675,-1.174917196679977,26.32717682103932,25.23685979575918,25.891204695041814,25.56896739212809,25.729836228611283,25.54710931057798,24.55376676826618,34.807920504584104,44.44941193414395,46.62267159151,35.93176340644109,48.21932818941932,35.47373557592268,47.663509235687144,33.263748038762884,41.06305987727242,32.573833506497955,40.18006556677285,41.46716061557993,39.642874903068176,0.09365568078012139,0.02846794264765326,0.23567096606604002,-3.2362108576466055,-7.875855053237807,-12.582434597956896,14.530928251948206,-10.907324524283212,28.65466210965403,-2.49508740010775,14.696205035169713,-0.7503830863950993,-2.5417940399213688,-2.304016516214685,-12.63801034241571,-0.3797669635268042,3.1371525982025146,10.938813640214912,3.3465257462374587,-0.7697592125571926,-0.18343924400675565,-1.7846959680948227,-1.0355861514012732,-1.9104775684011837,-1.7266744733599952,-7.936958662303754,-4.031211223078136,11.776074480758215,1.2151118753054442,14.2618333684969,-12.429205908708706,10.796737972919086,1.0717016711456782,23.93855347168428,-0.7475076111958362,3.545807699628725,-10.38903709444336,-8.670638349026401,9.219550721154723,-3.0129361617430024,2.5837243924673197,-6.07204298531381,11.34408183131614,-2.726707946087062,7.624872764012774,-2.990982581879272,5.490626816400852,-6.790958548007428,5.205313932483751,-10.822975384230404,3.7859556206118965,-0.0712859727183669,1.8703043280707494,-0.49173008685157876,2.5203940286552253,2.984427965343007,-4.811883596553768,5.23598599285789,5.493876754320994,26.853730376284588,3.9741434914509215,4.443275252443195,5.2439495519897354,-2.9857324631274587,5.020944801820462,4.621468850267279,25.758316773028895,-4.7879287728816555,0.752071405338847,-3.4557142700066237,-2.4095821429887136,5.527133602933938,-5.786998005615093,-21.478895299466796,-29.24887044894551,7.1084945471145105,-0.918535430088061,0.5818796194634717,-3.8707994446960923,3.3076819536421636,1.2542130451170246,17.29048350502565,7.718225779302701,1.4799922817237328,2.3690857740516136,-1.3897870033164539,2.6874626185304127,-0.7435191254871161,10.714408579785633,0.5950224946298394,1.3214411993913904,-3.6155654389599685,0.30678680075191267,2.6619603865357995,-3.4914689944026507,-8.687960486775738,-13.904434772015303,-4.620167675675471,-1.10070517329245,-1.9390196917416664,-0.6453990885800843,3.0166792973001955,1.9496232988044937,7.449314651877691,-0.04387195236699587,-0.8777626837632065,0.59584646396458,-1.1851861238850427,1.6816490300319042,10.570029045900696,2.8148888927117945,0.05551111566699245,0.266457594265335,-0.21408658858226315,2.83304132562137,-2.182437947813346,-15.135374867380031,-4.259865251709898,7.5041725048834005,-3.4775961835665803,2.6564150415761136,-1.8608463908237969,1.2897957097791777,7.2902128955663725,0.027886622256702704,-0.2627289218523713,1.4074810368478758,-2.600718340016603,1.2069001512406181,-0.37271230916226883,1.7701520480195085,25.97924749023381,-6.461955625380607,8.084068520381653,-5.5548362268323945,2.529551083275893,-2.1428659031401946,0.30366729161452205,4.778293459678972,6.964428527774752,-1.1585918698879794,2.4500879145220487,-1.8954833177542527,1.7050543229221629,-1.9780666361742323,-14.125190697382715,11.290056596817292,13.529718635706761,0.827743048956266,0.694483270977743,-0.8032453700473081,-0.5981238358144423,-1.2629227819605258,2.4742073079534537,3.401144422824207,-4.014457823857315,1.8802353144394612,-1.7167897675275092,1.5850889607175322,-0.8186258488010804,-12.798611682571154,-30.898889927412522,11.429661416736984,-3.856037085497149,3.5127183857366866,-1.5806153101416942,2.7386517078321355,7.432936660450574,-0.8296143833434149,-0.46381164210639564,0.2902301863505537,-1.7331031362882783,2.846068506702091,0.7820804487188395,4.282655031980375,22.60699005544956,-6.7756035936131225,2.462014676441007,-2.253816450182435,0.9671494485540175,-1.2258443402195895,0.13292885550387207,8.987406099900486,7.452886169670163,-1.3165180035473392,3.3608912733608154,-1.980239209903151,1.8465609096618403,-2.21775343659563,-14.164654738735738,-15.237140587307634,4.845477693796376,-3.2703929224876322,2.652451774753722,-0.6859275259214214,0.4040028708726278,1.4501401548631476,-1.1458196841929507,-0.46666604199613837,1.896593396352825,-2.2482167686808525,0.5894044775013936,-0.0637818388173518,-0.4767905790315684,-0.7925608511101478,0.38259649360836695,0.4844900054859906,-0.20310135903239798,0.03549176288574438,6.7162528353474515,0.5413693830181582,-1.0166398476756615,3.7391349651224637,-2.6160298075878186,1.2740526219173987,-0.14029188515073152,0.17890021575146936,1.1418764599744662,0.16623617165016955,-0.343342417042791,-0.11195606728840281,-0.03095483310657048,-0.07301804999502626,-2.139338849865072,19.20822663349692,-18.123735660871397,4.3250830716313216,-2.242022821399975,4.115466204174392,-2.7170948051218335,1.799017819502546,0.2279733035387571,-0.34067799007438315,0.7678461295758895,-0.14705919934213255,0.6304677306758651,-1.3812086159999506,-3.0943211155665047,5.776018618451914,-1.4999718855835913,-0.6294692037910432,1.6693723697287155,-0.46548231846190063,0.4164037729370836,-0.3231723461185483,0.04904705859121778,-0.5069691908249246,-0.18261636052963506,-0.3932816018295955,0.022920801206374762,-0.034247349082093384,0.3681827799843998,-9.122863045879475,-26.306429544822258,1.994045719411197,1.9573268360199496,-2.7538430565248286,2.235981017034584,-1.7922431021784395,1.5609112774669782,0.12295502090397274,0.09980978116985811,0.060595611905241875,-1.2380940467381218,0.181185010439936,-0.34470555633063976,-0.6369944304880137,-5.794385433812168,2.9320437180106302,-0.9432231438685816,1.3725006101790218,-2.818254906952449,-0.37715980664271476,-0.4016889123256649,-0.7488148793818261,0.11360100366531486,-0.13908967050207058,-0.5692668005672674,-0.1089671808407547,-0.09621882407742423,0.4394738925390961,-1.6221164868373905,16.126318738301745,1.9353349018117059,7.2310120334093435,-5.025568623079157,-0.5900930696406932,1.043255248014779,2.608293775045302,-1.070967806040338,0.22540592909680424,-0.7446802185801401,0.04910252349479026,0.10140093433069403,-0.2949903981162892,-0.20448682040187424,-0.25873000073599706,-4.838972672661787,3.8217641044792203,-0.757184197501857,9.303967999709531,0.3857548327820421,0.45608207667764844,0.2345106851344574,0.5303344492633505,-1.0078324179362896,0.4293480200711166,-1.4701121433679705,0.8501513705062135,-0.463505429652967,0.07182725073272288,-6.939378105973989,-11.833956104129523,12.188315422785562,0.1659163162072087,-0.058849257377833725,6.017885379928811,-3.8951271117245754,1.7356760836864367,-0.9605159082725353,-0.13347320565947807,0.6686499763950572,0.44132712152659365,-0.6485777545892771,0.27382455959390123,4.714460160654147,-0.6499065650601952,-0.6993270769750303,-4.21652414450441,1.1461123417746368,1.3065629528413214,0.5209828883388256,0.3921913660554637,0.4229084179791917,-1.5232658114704256,-6.293018282372095,1.0172372523343087,-0.35951231766226305,-0.02587995852838717,0.16066461638779925,-1.540605656556744,21.772186217539492,1.0220198186450449,-0.3636049467388196,-1.3649888413650972,0.8832936987769302,-1.138519821086861,-0.9781483600721433,0.2546103312852637,-0.3145963747897833,-1.1296532859687858,-0.465693772129019,0.3265245362623797,-0.48349760850539236,-0.0061580570598068814,3.190479626302053,2.340630359938628,2.148726835640994,5.019011857803978,-2.383089149160937,0.5737009260731963,0.2072054700075226,0.11961440271058038,0.20990741314298134,0.5228064268161927,-0.43490051766607046,-0.06072883406542594,0.022231852518309014,0.21114971793744455,-1.4063501526663686,20.474623135516346,-1.828192141882435,3.979341574652386,-2.1239587521013976,5.03584765591038,-2.6636942924063716,1.6071492693476237,-0.4870634351554754,0.43381867949843533,0.032650842224712054,-0.43923744583112184,1.0882842756621236,-0.6374003910272384,-1.0693461921103087,-6.0594906758202605,2.573520734739644,-0.9690567040909613,-0.5389887102145708,6.052188291974369,0.07939608887546247
37,6.422444112984214,6.6023747815507665,6.422608525297635,6.659539365434701,6.920857597638453,5.265828335164951,9.791583972512266,-5.794787124963867,4.9172060429533975,-4.506894404359699,3.973262638148817,-0.9551829584290187,-0.20606496607325586,6.502806814341801,-3.273315897949452,3.5004981932645567,-5.260278056843095,6.545023771862564,-7.58661458137594,-8.684968490212768,-0.05400749550365119,-0.11998657956518535,-0.14136179465443902,4.614845054657628,2.523510705891487,2.6923075906577303,4.934070971114832,-5.63515566330279,1.0057637498686056,-15.507618753125518,2.568309650934545,-8.868016831413838,9.457849111618435,-3.6324061161989945,8.75920425091679,3.077081364723987,-3.7334762500803524,-10.296119248100506,5.811561607876597,-9.90440762987074,-0.00945294462103741,0.3996012240719925,-0.045256642562124236,-0.7892562164969735,-8.452532642354688,9.457620527695637,8.884770102628648,4.392217809866297,2.9962665109969224,-7.2855972383347085,2.537074428276024,-4.6395683239008925,2.7992643076944126,-9.2650220951381,-4.37787928026112,-0.306537651955355,15.176875313189946,8.631785071485018,3.289446888007782,1.660042573633901,-13.633448737088973,1.020784177963052,-6.809674140791987,4.8796006794638505,-3.76590570181173,-5.729864569228106,-5.819210596787438,9.396870528461651,2.1040463456845453,3.313190082126177,-3.399305105356645,0.008802819042050984,-0.24777854224353282,0.020289089535552994,-0.9843500500266873,-0.23341268999362202,0.07713015693580329,-1.8050581070671399,17.296036757044238,0.41557673172836396,-0.322945820120318,-1.8650987826765817,3.198510037326459,-2.959119931154155,5.86782942716698,7.828487081589438,-14.377702350423732,5.89416552189066,-3.3962988157053275,0.8482335772064548,-5.994257379586484,7.257556594435349,-10.951946681524882,-14.992348734410369,8.079723337909341,-6.408981499183187,3.2710257070307605,-2.0939115500964056,6.0130753374296555,-12.088351096954478,7.778279984938224,6.910829205074977,-2.898853864492565,-0.21485556228045,1.7224410158981,-0.2913983780482378,-1.7031569851181023,17.158582360375956,-2.0943031427756478,2.352502480078192,-2.58414700158674,4.579565357973231,-7.157752982844197,6.948252065322147,0.2937208063096181,-18.155105342670673,5.876927315191602,-2.506400064283518,1.4758036942293893,1.154682464997493,1.4395546599010691,-4.239755739400732,1.5166057598350537,-0.7388698394096371,0.012456647616040808,0.11909958342847983,-0.1564431581474827,-0.6985387028401676,-1.4212373293815188,0.27969932187671664,1.4907239712210352,-0.4696173252335782,1.062539438296399,-2.520567487103649,-3.726824733362178,-1.7169820373544122,3.3684472490302735,-2.5772446143112524,-0.18109214970692614,-0.8744014134681498,0.596135181048375,-2.0574018132501113,0.1870699737666004,2.048396539340015,-0.6220178822535087,-0.12172120972921678,-0.6208424956174328,-1.1817270106139048,3.182864084404997,9.88371741572598,-5.955494287302902,4.48585853937932,-2.718445739587635,0.07140631795905764,-0.6600973688737604,0.6347080612583827,-0.2171039712328429,0.7168807279543686,0.8629634931010153,0.4012073108202364,0.14504436456282646,-0.3222373672288177,-1.70440877783906,-4.859313083991761,-4.155470981133093,6.341158238942679,-2.1350443438161095,-0.7540226800656182,0.484279090907525,0.2717167479268738,-0.09893874507907362,0.02537743260378452,0.446395144100628,-3.7721277592475575,1.9987585432754518,-0.5712487300591269,-1.8079431127681391,2.819477537162157,7.95628457241634,-10.109519234466498,8.573415031225588,-3.782162069401176,0.9700062490612016,-1.1441013753615514,0.8049108387583753,-0.10398955611582035,-1.4000403763081732,-1.306177319918959,1.3685930738365744,-0.0807997411896485,0.21585871181329105,-1.3235275579973338,2.0148822699589535,9.878439391312249,2.5005858146835207,-1.2310358915615658,0.21890479864089918,-0.12123630089002098,-0.4883143608204087,0.5202033435129979,-0.09461902834519575,-2.776719119464055,-2.9916082128116734,1.1301678870614202,-0.21866175585404193,-1.640447344569947,1.0054141600035869,-1.8439956599444012,-10.92865517295392,6.361124886591623,-3.4432693624431283,0.5659891358270548,-0.7139035113160196,0.5366749005587259,-2.0423900397573327,3.902753913930517,1.654765674124643,-4.88322484728719,1.9767857047347432,2.7123465573271095,-2.4800449255805197,-3.0023919726910386,-0.018699478023246043,-0.09062373185560536,0.05723426631600387,-0.20118876659958243,-0.20941955765274362,-1.7901235780151432,1.7226189235518843,-2.947272072184189,0.80951129804471,-0.2817821542830026,-0.09517218889101209,0.2229525048434539,0.2024974375145815,-1.1446486935565952,0.3848307768297934,0.847891490099712,-0.44404323993705186,1.2478303822991874,12.104004977794032,-0.41952036876556487,0.29187872819745053,-0.5192193645852617,-0.42597661652602464,0.5021740249223919,-0.137441906988441,-1.0060850214461508,0.21024717945335913,-0.44239107430206137,0.5323856222840131,-0.35795868044730933,0.3055094953393004,-0.7218716672891126,0.23946346349630335,0.011755594460718694,0.06090572493388261,0.19419550936730112,-2.180919106827639,1.008851729159551,-0.5463671819936738,0.026062220314535173,0.26566281798327607,0.35628085456830816,0.06038109710298742,-0.36775801800688407,0.6199568565581532,-0.1412470712074947,0.3575676744603183,9.468991031834738,0.010657328401011273,-3.24787191921992,0.385853969756254,0.419316525394145,-0.11355865977905769,0.7548180902334428,-0.11207806704389767,0.12984565528559966,-0.7296369683885664,0.15602792472118523,-0.3032962011293575,-0.021106768201729232,-0.12213382777418827,0.41711222806102455,0.06485213738720365,-2.0020718068746293,0.34912957104307263,-1.039448484418823,1.189621889570904,-0.8315058006362496,0.3227766656386957,-0.2102294967829585,-0.11196004262947916,0.4338918510395956,-0.11074295857639041,0.41678638116332817,-0.4101092830000882,0.08833065996745317,9.720159882073158,-2.0335130237510057,0.16414549017588312,-1.2890828935041432,0.5197321468944325,-0.1892772183508096,0.9064173213845733,-0.10510904623119595,0.12380269293599935,0.04730608500296436,0.02270380413557188,-0.47041850481742326,0.11584532345601331,-0.018692734595766782,0.5293698709917466,0.5054287567565334,-1.316466665723497,0.7897612755630152,-0.7238897826635221,1.8333547771384227,-0.6360059469948255,0.4132869985935135,0.15560794258209193,-0.1703170200110422,0.6381647246298182,0.0465420418345266,0.26322707603208917,-0.28653606857063035,0.482408165892008,8.220878031453594,-7.456807152752054,-0.884445358484947,0.5465627380123884,0.43181884823349836,0.2532665075174738,-0.4478322779251405,-0.2539590831485154,0.9888994193124734,0.042979754562998115,-0.125876881611057,0.07844527329368588,-0.2645835840157572,-0.4076459555041188,0.6458212640516457,0.525161851543311,0.0928759345268156,1.3361283786633378,-2.31615040966521,0.3276119650286149,-0.26147536014243133,-0.0288821456711199,0.37456265919571796,0.09133024986051519,1.0013401766203265,-0.14848259094924238,0.553370497043558,-0.3475219816072451,0.4865473315362526,-2.423542846075479,-7.915041681591279,3.6143191643716963,-1.5337017872866712,-0.4000487037693693,0.8549791760341389,-1.0981527052085498,-0.3537054897674462,0.2193519133728391,-0.2088856393706799,0.38091366487519823,0.3542968850522275,-0.01504588241096569,0.24541258892679393,-0.7627197097067434,-0.7966190796781414,-1.5688903356849566,1.804197327157131,-0.3521778095460148,0.6224824820647814,-0.14236078986998085,0.0889458553251329,0.12393044105142151,-0.24788375704219073,0.6695863543495754,-0.0076531918257788205,0.42260228283802287,0.03636109005114279,0.2609480936407084,-3.5157088143683337,-9.227856989609561,2.0367371120551994,1.8569816601547096,-1.1218220769593064,0.046603671376010625,0.14023242799527014,0.9179908743668271,-0.2753523315007061,-0.18599567453321858,-0.08479470201918086,0.38297255089423554,-0.1014045690031337,0.022369208754402112,-0.9389297737954416,1.1754641276749334,-1.0087865172507167,-5.480426502360261,1.0799445745506684,0.022546495406599608,1.2961733016050998,-0.41726544545878075,-0.401941303582404,-1.1533929312767803,0.1732671431077953,-9.191585728779234,-8.165841923424823,-9.059760507483555,-8.97754651157451,-9.401398504524487,-7.568528170056174,-11.625350105364648,2.6403620978768654,-5.542172787498305,8.951815422399797,-0.43491425560346364,2.4356962320267272,0.8064264064649109,-1.7436067975972065,1.2781856405948282,-6.001376065607862,2.6736792362896242,-1.509296778709787,-5.830812698243112,-7.0957720218447395,-0.2468940385827108,-1.2414654545532504,-1.4546093546178238,-1.7911805744758489,-2.446342497021767,-6.2445566916759905,-4.299515635119406,-6.204183519112012,-10.531817167868686,8.925442781959886,2.4237143539320165,16.27105142378093,3.168492541284744,6.887722526966855,-0.8568923441248278,0.2394163469871548,-0.006463469288920469,-0.13735080974012537,-8.605093298555664,-3.2134095381592047,0.16509011956677197,3.620814360519794,1.073588645502105,-0.30828647892877276,-7.991300638723929,-24.619035692696663,4.967027218439371,1.5276502113116974,10.28955844080485,-1.2308074278144354,-1.4457262283473413,3.7647903327695564,5.610318409135541,14.613136686845168,-6.5260077337788385,-6.037617436633812,-28.569598780516927,3.156458674009204,4.69740045358174,17.92242841796793,10.048042308438339,-4.787976725951304,-0.12729892188930986,-10.315923641735482,14.06486209779994,-6.722391416806845,-2.1358548745946018,3.5473835203962683,3.264830324563036,-10.6077065252268,8.552318898008936,0.3827462183223779,-1.07955508250737,2.4387298954676884,-3.0473753524592033,3.8824215544864122,-1.359239209780139,0.3084053343718281,-11.095273335845755,7.633479482158993,0.7639720788928193,-2.1305978835628485,-1.6162281163802144,-5.813521062051929,-2.7323755992385137,-16.308827730416187,8.350852839811608,-7.801428848168508,1.966841993137354,1.5283709495599183,-4.5320427181798415,4.87647310510243,2.9716520678703913,6.9479493663012635,-13.872929521331246,5.643988123745003,1.283894234560512,0.06198078111274473,4.40692640382845,8.304967776209846,4.23288446685291,-3.9306448997900514,5.166022816576167,-3.572691113296477,2.9345770161471316,-1.4603600095533722,-1.5999356383976557,-20.40107325186823,8.014672040325914,-1.8308935288552408,0.2889082446829093,2.911646603693257,-6.789417654664387,-0.39481241606118,-16.265657892507896,11.12575482764833,-8.927420079741177,3.3750397902370897,1.2331391120206485,0.1439569143736331,0.6967154531173181,-2.1010977711197527,-0.18442707149926788,-1.0810757383156389,0.559097311796257,1.4631167336262276,1.9501371668805478,0.17987900674880958,-2.1318780385064504,0.837866885725951,-1.6782418859564634,2.1162938820179535,-1.5771713276279988,1.0146823280918893,6.4154027881945135,27.569769998769992,-10.309590168611399,0.09105001251992992,1.6199027549519376,1.8937537634040504,-3.8104844185708346,-1.298021126981693,3.909256845802435,0.050305377569961264,-0.6474039568685114,0.7886316913449665,-0.6506207621290979,0.7424559718200997,-2.4360934019177316,-22.235426618105386,0.5244273916948342,0.9018546478623447,-2.1018808840573464,-0.4829613218234346,-0.06948154809745723,2.010979485946776,-3.0121807951243946,-2.887205314885286,0.9653567863607937,-2.4172817123214716,2.0264342576276824,-0.548909845872856,0.5196325989600508,9.860782484211704,18.926438333795648,-11.822585225413192,1.9251197864577305,2.040824132653002,0.4161915150229305,-2.796717391008538,0.08504458783800305,2.370171029183104,0.8785021691862767,0.08664920416035052,2.1765306836153746,-1.1694268086759905,-0.2681591460715254,0.18731833350004268,-15.964831467781615,13.322216167812522,-1.6204250365999107,-2.976378416130971,1.2808741724992938,0.613226711116199,1.227468488505369,-2.1834181443221903,-2.4834009204646965,0.8913943901601787,-2.2389773959726282,2.912354696344849,-1.1496475775004975,-0.04324584980758395,5.362916208645503,8.128126083701703,-9.307424600240742,3.467898507296,2.767978836126079,1.234870989574108,-2.5458033414967813,2.633729434292232,1.6288214028949648,-0.8884254135759417,0.686105641566396,-0.010575468691002395,-0.9612103667104049,0.048724794358385184,-0.8189631894438385,-15.824851456789526,13.323525329258908,-4.951143853517246,-0.8153490900576362,-0.43303574515057036,-0.7514976477243858,-0.8468712168967676,-1.5414695270206706,1.9919656079009362,-0.901606723097298,-0.9455321887598789,0.6879144370278737,0.32005605891316624,0.5546947774101082,-1.8583425880071078,0.5054148159996718,-0.25471876450131,-0.4810919613733393,1.025303547074952,-2.6610835196664757,1.8705904646313438,-3.075086867860573,-0.4375310370123821,0.1198086414305862,-0.473397263489025,0.017735155543919294,-0.13870925935028205,0.20972438101767557,-0.6310178864976609,0.7140338828555421,-0.4216027751297112,0.0959832877040756,2.4766056375821974,-2.213385513664554,-7.640149309929516,1.2044187728168305,-2.813164614353592,3.05210708916141,-2.793471080444424,3.231464397916416,-2.617586540372561,1.2288891786553875,0.19944783946221137,-0.6007012973331348,1.2628241095137467,-0.9238987919791736,0.17687951494292675,-1.1276775546967708,-0.35872981952413174,2.9167454770849957,-1.2582376665627397,0.7903652219664692,-0.7074325628626836,-0.13751960893108015,-0.24944042397992386,-0.7751601410550323,-3.1905707824289125,0.7466424735458875,0.1839993135799833,-0.12349582992785034,0.2579577593390728,-0.44190300912089137,-17.106445617389216,-5.0792976284466445,-1.6495756865384956,-1.2890502445281917,2.2137552697260694,-2.481348967549397,-0.5263159571446124,-1.1082194246560424,1.300865018660942,-1.6829765564402193,0.750617902016587,0.15385968862121172,-0.3204185580610934,-0.5659271078957407,1.0326719560344078,-0.3679502852815254,0.34963239305787064,-1.358920517489044,0.7393663191173392,0.05522608880403918,-1.1620958901427578,0.46327671697525863,-0.2044679449338204,0.3688999099939938,-0.06059237810573682,0.5425561178522796,-0.1894090601714201,0.1936510345124638,-0.30998807369737924,-16.335640405486274,-2.121701315145786,-1.534388274097273,-1.9059263203917558,7.926442684007584,-4.251585276442496,3.576978132385948,-0.9406764903369507,-0.04879752046702616,0.31081485448366114,-0.04411499748546658,-0.09258112650074175,-0.22670429272038503,0.5246390458991563,0.44906317797531925,-0.9697992968553415,0.6376556980776885,0.17458539225604247,0.2451769290557383,0.42770761269350144,-0.3114281373827433,1.38704033701861,-0.5311991120767021,0.3392747333779023,-0.05596535304998142,0.291937411765778,-0.2093748277018167,1.070719625836541,-0.837577423395396,-11.154335939079594,15.76101136983212,-6.486089813379962,1.4768838321926663,3.314495930818816,-2.999260262360793,2.0293794260365847,-2.469099069065696,1.3484314928637624,-0.75587121288741,0.09623974989835068,-0.6548701087157036,1.5085527180836715,-0.8207713501426454,1.5356514828152275,0.18365696491380237,0.5836096122097328,-0.29654518133567065,-0.4537873846767124,0.5385433261879593,0.04995164780944749,-0.9802324973810719,0.10100662353431407,0.09841099799709004,1.0237833570652823,-0.08557375625809858,0.14167627736934724,0.5997128192002849,-0.7789789372680854,-9.237195379309147,17.35452330693272,-8.438578225062587,3.6830338028576337,1.0709235666833186,-3.573760332213609,2.0176048452763458,-3.236292039602156,0.7881840026344644,-1.1999343853079962,0.2107160881369518,-0.7371990382782732,1.0006038102162078,-0.5935944715804673,-0.5184105882117442,0.4155869036207326,-1.4738202003263197,0.7043557445289151,-0.30004867528232493,0.042860273720983236,0.10416419097837994,0.6769922506845897,-0.28051346645713077,0.0711937440856122,0.11721243199940584,0.4411663323054209,-0.07943943192158048,0.21591473411112544,-0.21207519383436346,-7.394849039179645,13.851742825893647,-6.749791436798885,6.486579066055177,-5.6816402731743665,-1.4271009015458787,0.2666356693588395,-1.2007531729223835,1.135942953076386,-1.1891231777777467,1.0243223544298683,-0.059243509144324774,0.3909702407762986,-0.591327828643946,0.09719632667648286,0.7552395217790288,-0.8755246921643117,-0.2653948746291941,1.6834913238300933,-0.5173630143374838,0.1271733521614741,0.08384695935462554,0.020770988536622216,-0.2537755979391045,-1.1959653269374249,-23.146367483625443,-22.356008738899817,-24.412808638504195,-22.507228579414555,-24.92209679185146,-21.86795559072562,-26.546162387790996,0.5059400169315129,-5.245318899126069,6.99419304346496,-0.4129027828806423,4.673324578511293,2.674680659185792,0.6145648971046487,1.1989920978073427,-3.1656030569466997,1.0524993506729676,-5.14460781198695,6.15636160156831,6.134910172550103,-0.6720093929600369,-2.41488608860036,-3.7518359046034035,-7.874911741239448,-19.738441856116193,-10.157750772835682,-2.7759691356903864,0.2523345500226541,4.834028683629776,12.952089235890305,7.933178197300958,11.665210328805948,-3.1811940220510397,-7.3228033284405205,-12.466823182202786,-2.055256099930766,3.7528180237400695,14.765774034550885,4.081018187718708,0.9535791453154587,0.004190371340456411,5.481631255814496,-0.04472158366251899,-0.062014266116188266,-1.3546908638361295,-20.008449484763133,1.5386872452215206,9.928838731250938,-2.0699558457966507,7.293086867326224,-13.136637904016137,10.814760387069848,-3.0090207095350268,14.258218149167908,-2.061558471711448,-3.1266593774453533,-14.339644452884476,-1.3306085679273263,14.31641717030221,1.091277258876422,20.572894196748212,-16.85509702354757,9.666281149275088,-13.41458516480445,13.431099224774872,-5.389401187111925,1.6392803349560778,-2.7191237589437236,7.027694621718243,-14.856281625723136,15.18303814704503,0.7702576785035173,1.173557248378317,4.460364648478293,-12.83525187896952,-14.164019285625281,5.565935225216613,5.561422811167198,-14.3503349526342,-1.3312535858116565,0.6322817754517541,-6.17706341800393,-3.69478899936606,7.507559271023115,-4.848422251394923,-7.975676104550682,12.25129734251893,-2.5281852743566744,6.66980529072241,17.772921934229576,-0.864737541717457,-5.5811927947622095,4.10775747457153,9.845775281038671,-9.635999131702123,4.475231712777026,8.825306094461839,-10.556179368076274,-3.3106365098937727,6.9386654478893135,-5.130568440256848,-4.076079082637013,-1.2134580528865981,-12.509986417719139,-11.870315937321184,6.551717623279215,0.841660174710262,-26.74047667672882,1.562693324222124,0.33301102395510557,4.912185104379115,13.66211785110989,4.4238418738295096,-4.3020883414806175,-16.597667528849836,15.7345367562732,-5.933604308973299,5.392715671843177,9.086040380317018,-12.130057126871112,1.8200021474346308,9.148154257493074,-9.35668670764156,-2.169992165171039,0.7829386650221183,-1.7549019832308397,1.3753384938420408,-5.68556288946336,8.693291108002683,7.644376788629401,-3.4713535719724944,1.711140655329746,1.7502095942603182,-2.547336649939194,3.4996463424644664,20.243833359601588,-8.921415126328611,3.159139839625317,0.44352022418451587,-2.0249483185454573,-0.8310049984258627,-8.333260921953167,4.538458553538458,-7.527408408399967,5.126586850053955,-4.613063375096752,1.714509771029863,5.972203592944353,-2.8361912569907832,-10.10567868625164,3.713513380420938,-3.166845306671562,0.47650995738267093,0.6941099185429065,-1.4039363714661692,0.2137815211999067,-9.078103707245244,11.97487924776796,0.9109423419333764,1.3602374807405542,-0.7797706420717841,-0.13636381440456413,-2.7492961539041283,6.085214692636667,6.3115916032554615,-8.194954993422398,3.121714873915152,-2.0120419260874427,-0.00807186463784949,0.9878708516375,-0.7122888144093,7.5603468447913285,-10.757520428518673,3.9613717120599503,-2.571448140296157,0.20867612948235184,3.870937240771368,-1.2916190951219928,-4.616276275187187,7.283731658752877,-4.610515607920737,1.2037171325451201,1.2322446996753782,-0.01865824715534846,0.9059442977210956,-7.595432335279857,1.3644850828139619,2.7696720978260116,2.258702949208219,-1.3174236350276824,-0.3399646587238183,-1.145347252630805,11.47025723915604,10.598490299172823,-9.145182852266373,4.447832194458396,0.4511147199622758,0.32642769817866996,0.369598950448466,2.477975850041416,-3.254504340344785,-10.485781149735761,6.483647821377715,-2.61757398588113,-0.424752355582544,4.286726791764068,-5.005403228839444,-22.38952795896938,10.046924586163396,-8.815756019430756,1.365028624221121,-0.9711167061940111,-3.1201569559455367,0.2988800945268723,-5.511575304488226,17.524929500642877,-3.547596365429008,1.9955444923436443,-2.062771381384661,2.136640837106056,-1.8581653092405526,-16.462973117398494,0.220371059454708,0.20789612292823892,0.8430102111724308,4.189545851249744,-1.6475365846734276,2.4858536451642155,-2.3250697028781744,-3.081082095675799,1.3801492261434587,0.3182288858634899,0.6641859786092137,-1.4612637795028511,-0.4268274500783812,3.055539734084666,-0.7357899507545422,0.8177019442906801,-0.4446325532460294,5.888823818812596,22.41182167827332,-7.3808894595027965,2.0565775531825636,0.4732354084982814,4.56965894331837,-2.0766641168227933,0.838710342744116,-0.2750188639426762,-0.14947377642363574,-0.8081107566338117,-0.8711273219361447,0.2791481620443939,-0.05045386485054232,-5.0014476658716704,1.9867476117363083,-2.4278068358980196,-1.5079094244064326,2.836260979892427,-2.7635734881583183,1.6857560305527106,0.11402533059530684,0.7917535385581042,-1.9396208289893713,-7.866650185288106,3.4796869869786313,-2.7091864124366762,0.818333820236308,-0.015830471766206354,-0.17296807531107078,-7.091504889519433,2.3542213989924057,-0.6134167653479335,-0.6946045785145692,0.6392047717761207,-0.030001227171851053,-1.3072431510516804,1.1296516065663447,0.4442319392230328,-1.5370368995494585,1.6393578380161455,-0.7172353744050547,0.6588375240621012,0.36878619794487233,-3.9589836085032637,-0.8213988373242342,3.6038549475371635,-0.23620245333152518,1.5458748290642328,0.08737917334326815,-0.22775023907946762,0.5590279385803729,-0.08160723228136525,-0.39098060626362535,-0.5212216874074386,-2.0055579439807247,0.5251280979191301,-0.07083998142665857,0.26320756582596294,-5.3224464051601394,4.319126390387573,-2.1605765062667928,-2.7978431865480635,5.227713660656919,-1.6201321777015447,1.248156192460052,-0.8198610946960313,1.703753815749521,-0.7405021485541659,1.27907162077868,-1.819643808483486,0.8873941529142679,0.9024384552906821,5.4119317921908925,-2.3449512449049736,1.6542218986643893,2.968317884859902,-0.09747221405204924,0.8859714473168038,-0.24322039139302584,-0.08750774579475254,-0.7269197956771424,-0.18425103118295316,0.07819306748146615,-1.549806186728393,0.4607276744250772,0.442010260041219,-0.6782053836720503,-4.868202434216871,4.349009794545877,1.5705546273879194,-0.44128337091795156,5.926571450251574,-2.2057792212755314,0.931459200689701,-1.0844879632397086,0.4983301287467518,0.9854853408667752,0.6152041599366326,-0.45820761291592227,0.6731901207252372,0.4799635444319662,4.142797921919003,-4.313369012773692,1.7879710477323372,-0.7258130511386243,-0.9755283891801946,0.293066458665646,-0.9017943410148668,0.7270150984411109,-0.7350970239979898,-0.5758824450086432,-1.2373465001513202,-1.6330844371542672,0.26400849523542264,0.19949492356439877,-0.6502284724178711,-21.601879658943197,-0.9165234702879735,-3.2902812110135753,2.5932871684849137,3.1396293227616874,-3.1552462768122997,1.4259808961700768,-1.8466877836570124,1.054744721801888,0.46142326737706074,0.7014109318666646,-0.5745429016634398,-0.044768405939291295,-0.23468694048086441,-2.3900469044907657,4.112486427989175,-3.2170679570233776,-1.8763743905307955,1.918573760935534,-1.3954909876267763,-0.10368530400881776,-0.253797155600693,-0.32612507288841236,-0.27471086494163216,0.5760825311316335,-1.9870906538129967,0.2839612956211337,-0.23447608072922105,0.48512915436081766,-21.374377657417625,-1.1289466850257694,-1.7414026758707,-0.2742956195218558,-5.586164637521413,-2.906278214205667,0.6774339061568962,-1.2601140068173322,0.9451538319845065,-1.1962059671282566,1.160363101087983,-0.8547744762871959,0.2011971909904917,-0.0812263362393638,-4.166139119910507,2.761131434011531,-6.445776211001062,-7.660111108486984,1.4125762885747573,-0.3778504445927142,1.5317043324712514,-0.9930071778532501,-0.4713657349368889,0.14661904706724577,-0.2802660102653657,30.034880975030255,27.74147314146985,28.622238887770283,30.219637274885827,29.07863623702805,28.844408723823136,24.941920137560775,44.10879451048829,35.785673050782854,41.64528382729673,30.391483913799576,43.63345580783826,30.831316502872255,43.40692328049123,35.44098364064848,40.9849923659538,39.79341024604222,41.18006813258821,35.897565306162974,30.873906873714894,0.37621337387631903,3.179851146253705,2.32033584841215,0.6010348328826292,10.37443426949852,-3.6389480350727625,12.623743705645769,3.0819755406232634,5.190489039788101,-4.96686486850536,-10.893414041035706,-5.261432369813803,-17.171233858232984,11.325100641084445,-6.649171135476963,5.580113968603217,-4.595741996406736,3.721323881469447,-6.834804451134427,16.638516340602106,-0.21622836013587476,-6.427999095512951,-1.7519884184967698,-4.197836684884414,0.6402215983945678,17.181292688364774,-8.700743716149516,2.141451607666072,-1.856236063529404,2.2499614409776894,-2.389130824933299,-5.594027891942222,0.5679681275224806,-7.298782170174937,9.173982060803372,0.6929031442813962,14.847150478495525,-8.126822515961724,-1.5322186879563326,-7.642067165180568,-7.750809220161528,5.723866457472513,-6.54054730899961,8.480814367798274,-12.931565733743312,16.875177437994672,-3.316044814256798,0.28243838825169587,-12.739882621322167,11.704101430173493,-8.714036671952346,-0.9407695522256629,-0.43534656564388063,-6.072053788386066,3.3129318293614145,-4.774015568433815,3.4286966313155802,1.2509345039756945,17.29048350502565,7.718225779302701,1.4799922817237328,2.3690857740516136,-1.3897870033164539,2.6874626185304127,-0.7435191254871161,10.714408579785633,0.5950224946298394,1.3214411993913904,-3.6155654389599685,0.30678680075191267,2.6619603865357995,-3.4914689944026507,-8.687960486775738,-13.904434772015303,-4.617752100259334,-0.9005100746807934,0.6346856510146027,-4.003068378870104,-4.5859961439634,-3.9453253276808122,0.9894641393718329,3.6160374357078506,2.036754752440006,5.003408038509057,-5.977067277576093,3.399982937803909,8.276565190197925,28.664717840558595,2.1273300696581803,2.2213960852852788,-4.595187174643825,-0.5525680567742149,7.34434631765091,0.6172448882119422,12.858782655065651,-10.171279957659472,2.886548476715812,-3.6943256623451206,2.211733993259894,-2.059269634790188,0.1402911032618152,3.2053390581710213,-5.106962552249863,5.582083050348848,-0.9291647025175231,1.3218514914128323,-2.0617920076005913,2.5252015946676694,3.439033707515121,-4.020198851978564,1.8802353144394612,-1.7167897675275092,1.5850889607175322,-0.8186258488010804,-12.798611682571154,-30.898889927412522,11.429661416736984,-3.856037085497149,3.5127183857366866,-1.5806153101416942,2.7386517078321355,7.432936660450574,-0.8296143833434149,-0.46381164210639564,0.2902301863505537,-1.7331031362882783,2.846068506702091,0.7820804487188395,4.282655031980375,22.60699005544956,-6.7756035936131225,2.462014676441007,-2.253816450182435,0.9671494485540175,-1.2258443402195895,0.13292885550387207,8.987406099900486,7.452886169670163,-1.3165180035473392,3.3608912733608154,-1.980239209903151,1.8465609096618403,-2.21775343659563,-14.164654738735738,-15.237140587307634,4.845477693796376,-3.2703929224876322,2.652451774753722,-0.6859275259214214,0.4040028708726278,1.470064614593386,-0.21910156157960342,-2.236523979413642,1.5218980519027767,-1.7228865392972086,0.8263530993742223,-0.6766640148490858,4.7119028702728185,17.99620106801283,-18.478830259088518,8.253781609934908,-4.920700353964585,2.1881480661460837,-1.6235632437710155,-0.9260858674506214,4.617548086432028,4.70673657581889,-0.3117156822765204,2.331127930611935,-1.570476630689267,2.201001044517713,-1.8246626215412287,-17.02997635085961,-6.725061004708154,11.656603297212259,-0.8966052376665492,1.6171711972048533,-0.5977159156573392,-0.5169093234713329,-3.0513401283296404,-4.074777271425375,-1.085555060476028,-0.20301846008144991,-0.495455441270754,-0.7064379490931058,-0.060162289786616335,5.2313091468962645,24.299855070886903,-20.440939306625012,5.164865866685755,-4.079577377342863,0.7285125910558564,-1.0769670984196271,1.7567532549614704,5.780982925044559,-3.6427952860352564,-3.010655439725527,-0.1868444605141233,-0.768002888197722,1.9307527530262085,3.5887742108560676,0.9437545731118678,-0.3551580406705544,-0.14660491604935397,-0.25695431803486973,-4.8426743969409065,3.8217641044792203,-0.757184197501857,9.303967999709531,0.3857548327820421,0.45608207667764844,0.2345106851344574,0.5303344492633505,-1.0078324179362896,0.4293480200711166,-1.4701121433679705,0.8501513705062135,-0.463505429652967,0.07182725073272288,-6.939378105973989,-11.833956104129523,12.188315422785562,0.1659163162072087,-0.058849257377833725,6.017885379928811,-3.8951271117245754,1.7356760836864367,-0.9605159082725353,-0.13347320565947807,0.6686499763950572,0.44132712152659365,-0.6485777545892771,0.27382455959390123,4.714460160654147,-0.6499065650601952,-0.6993270769750303,-4.21652414450441,1.1461123417746368,1.3065629528413214,0.5209828883388256,0.3921913660554637,0.4229084179791917,-1.5232658114704256,-6.293018282372095,1.0172372523343087,-0.35951231766226305,-0.02587995852838717,0.16066461638779925,-1.540605656556744,21.772186217539492,1.0220198186450449,-0.3636049467388196,-1.3649888413650972,0.8832936987769302,-1.138519821086861,-0.9781483600721433,0.2546103312852637,-0.3145963747897833,-1.1296532859687858,-0.465693772129019,0.3265245362623797,-0.48349760850539236,-0.0061580570598068814,3.190479626302053,2.340630359938628,2.148726835640994,5.019011857803978,-2.383089149160937,0.5737009260731963,0.2072054700075226,0.11961440271058038,0.20990741314298134,0.5228064268161927,-0.43490051766607046,-0.06072883406542594,0.022231852518309014,0.21114971793744455,-1.4063501526663686,20.474623135516346,-1.828192141882435,3.979341574652386,-2.1239587521013976,5.03584765591038,-2.6636942924063716,1.6071492693476237,-0.4870634351554754,0.43381867949843533,0.032650842224712054,-0.43923744583112184,1.0882842756621236,-0.6374003910272384,-1.0693461921103087,-6.0594906758202605,2.573520734739644,-1.2811136480383212,2.2614872511694815,-2.4334597498342565,-0.08953697310361687,0.1216429856371761,-0.427654697973156,-0.558549472815438,0.49755112809094487,-0.4233168597187396,0.26640002042150696,-0.21782835920400032,1.0958511158116755,0.1556452235367217,14.498360659675086,-16.087888152021996,2.6310202835107503,-1.648476124337665,4.157144451702093,-2.8557837020204775,1.5415582176559302,-0.9935838948799177,0.6821913028099723,-0.051001990018565466,-0.5641208210332797,0.6475305951155876,-1.2283161452746785,-0.09384125306669842,-5.2513367020736865,5.111007897802565,-1.3170869353883161,3.75588910196383,-0.40166460514875335,0.03738153166173892,-0.3297997926919261,0.6071765092831314,-0.43320567215393146,0.3597603910799108,0.9536818137416555,-0.24649063765372445,0.025510322227635523,0.6044347126631979,0.8622246696791617,21.358100454726756,-13.591782622335034,10.272086155185038,-2.626149484730744,3.5592239150516845,-4.737692911434703,2.22137676078262,-1.8486168336772062,0.513044327944436,-0.19873613432638357,0.02850665373674808,0.7585692057246344,-0.2861713036095956,0.3903248926235425,2.2821841468308652,-6.166336204486696,1.9116559297700833,-1.2054942140322948,-0.3121236169156705,1.2049001200170721,-0.6405487351729817,-0.4295418114137713,0.013865269659479335,0.0533434781099066,-0.34755701298692415,0.380016082504436,-0.20174746631251625,-0.021565471223477416,-0.9782590599223508,21.52515134879739,-12.721022478770264,3.9445955730242903,-5.234497633541818,-2.1436910514505825,-2.3084680999028357,0.49671275597069076,-1.3779381916775477,0.17298749453595227,-1.1508231138559968,0.35053448691059413,0.43106762906923485,-0.29334937213969525,0.23963302221682176,3.8679079289012916,-5.343115973676568,0.721505467966625,-3.0342869544403386,3.6264926228782093,-1.1866239085320298,0.3989967731005587,-0.435344205337215,0.4791848030047121,-0.23757691718611584,-1.750102533580626
38,-2.0826040993684787,0.24608509518924848,-0.04363643195880729,-2.7584445284040404,-0.7627816517443573,0.8093672055378758,-3.0181103499503585,0.09440868377183072,2.9248553587792627,-1.5946179133886274,-1.365725526712033,3.729368725198576,-4.437168033446212,3.8032874495074984,-3.8076477002946714,0.8803357085355142,-1.9730001057036854,0.2385245173755547,9.739324184295237,10.01468050697018,-0.30495230160617637,-3.6891997816822957,-2.007262109109553,1.324156523663962,5.406012616353034,-10.823981386941943,1.8410274086524971,-12.703044392835377,6.854277150029925,-9.975534555214104,7.070566758275754,-2.3980557449798177,7.925539474119713,7.165841386598032,-0.10695403573709,1.1905327175134,-1.8385287649080682,-0.47928971201736165,-7.7924201417660335,-7.367274291654277,0.3123293644365058,7.145228476041384,2.173308783109182,4.013378816668772,-4.004637390609604,-18.03710756229021,-1.9995156196679413,-6.8313232223841,10.792396181691464,5.8219738838783295,0.4259157728605892,3.6364821349501697,-2.9056216474384566,6.555343759314347,3.180726216231016,-0.2638635716532956,-16.594903786215614,1.0497947483401577,-2.15957456955788,1.072454724341742,-10.556272753933191,6.054623442152149,-3.127510153378857,5.993991781894914,-2.927264157297757,5.238882939890016,-5.636021240558923,5.279465227327952,-4.9850836670706355,2.8140755565179085,-7.270084758789772,1.3140814553807698,2.0662033978910084,8.232341889267962,-3.6630596121656946,6.666280809984495,-12.176463356083024,7.765426490639817,6.910829205074977,-2.898853864492565,-0.21485556228045,1.7224410158981,-0.2913983780482378,-1.7031569851181023,17.158582360375956,-2.0943031427756478,2.352502480078192,-2.58414700158674,4.579565357973231,-7.157752982844197,6.948252065322147,0.2937208063096181,-18.155105342670673,5.876927315191602,-2.5061822953153774,1.4972131590106454,0.9580610219773755,1.2293775006868615,-4.598719385951537,13.627762763823059,5.731997019079486,-2.6435588461280988,1.2696927431067273,-0.768736168940979,-0.810530794154917,2.2270974169192543,-6.747549293599485,2.4799811526396076,6.188056050942703,1.5223472959643998,0.5785245539543771,0.7455397668715186,-3.4559870007725797,-1.3388150575395166,-5.750797944976521,6.211856756219659,3.7604090400004324,-0.8263243367612051,-1.8094220516807975,0.6353578613231939,0.6827169911708505,-1.1517630299803285,1.4182515646746203,0.6873228763410031,1.1826135619222182,-3.1691253922826,2.5068828533792975,-4.210674705351514,2.0793970433901725,-0.5870770860369992,-1.8079431127681391,2.819477537162157,7.95628457241634,-10.109519234466498,8.573415031225588,-3.782162069401176,0.9700062490612016,-1.1441013753615514,0.8049108387583753,-0.10398955611582035,-1.4000403763081732,-1.306177319918959,1.3685930738365744,-0.0807997411896485,0.21585871181329105,-1.3235275579973338,2.0148822699589535,9.878439391312249,2.5005858146835207,-1.2310358915615658,0.21890479864089918,-0.12123630089002098,-0.4883143608204087,0.5202033435129979,-0.09461902834519575,-2.776719119464055,-2.9916082128116734,1.1301678870614202,-0.21866175585404193,-1.640447344569947,1.0054141600035869,-1.8439956599444012,-10.92865517295392,6.361124886591623,-3.4432693624431283,0.5659891358270548,-0.7139035113160196,0.5366749005587259,-2.0423900397573327,3.902753913930517,1.6616703978264824,-4.7477430489595704,1.5363750435233998,-0.8631748703035503,-0.8996036896301903,-0.48488855836338496,-4.253677581922924,-10.052114532923374,4.788781876020425,-3.5672945612818334,0.9837751923670468,-0.4380819126331716,0.4453458598356138,0.8857929259248222,1.8928296097677388,-3.6168304187171016,0.7540457223548785,0.8395265010080575,-1.2866931494235339,0.40533403424717507,0.8111860665508327,2.3348649542375033,2.705055894940784,-3.9125775228789115,2.770881307629293,-2.61864172512435,0.20784627942900002,-0.25816224863286985,0.5977978765708639,-0.46499154703506035,-2.8201473337062013,1.7818416127141732,0.27224749913960483,1.831317081175085,-1.4726663583999395,1.0545774315965537,-1.1852095223400272,0.8529511078556281,-0.22252990543010026,0.932811804151049,-0.13180513741504574,2.2557629465841393,0.11470090360117513,0.2896477827623938,-0.6351886706682383,1.1000353858825276,-0.7195915738998626,0.15779815804176306,0.34482744598431814,-0.5016602031843584,0.47948252640445305,-0.5554606481976414,0.28473053814006943,0.19095549941514758,-0.5413555155110537,1.805676236193297,-0.6360059469948255,0.4132869985935135,0.15560794258209193,-0.1703170200110422,0.6381647246298182,0.0465420418345266,0.26322707603208917,-0.28653606857063035,0.482408165892008,8.220878031453594,-7.456807152752054,-0.884445358484947,0.5465627380123884,0.43181884823349836,0.2532665075174738,-0.4478322779251405,-0.2539590831485154,0.9888994193124734,0.042979754562998115,-0.125876881611057,0.07844527329368588,-0.2645835840157572,-0.4076459555041188,0.6458212640516457,0.525161851543311,0.0928759345268156,1.3361283786633378,-2.31615040966521,0.3276119650286149,-0.26147536014243133,-0.0288821456711199,0.37456265919571796,0.09133024986051519,1.0013401766203265,-0.14848259094924238,0.553370497043558,-0.3475219816072451,0.4865473315362526,-2.423542846075479,-7.915041681591279,3.6143191643716963,-1.5337017872866712,-0.4000487037693693,0.8549791760341389,-1.0981527052085498,-0.3537054897674462,0.2193519133728391,-0.2088856393706799,0.38091366487519823,0.3542968850522275,-0.01504588241096569,0.24541258892679393,-0.7627197097067434,-0.7966190796781414,-1.5688903356849566,1.804197327157131,-0.3521778095460148,0.6224824820647814,-0.14236078986998085,0.0889458553251329,0.12393044105142151,-0.24788375704219073,0.6695863543495754,-0.0076531918257788205,0.42260228283802287,0.03636109005114279,0.2609480936407084,-3.5157088143683337,-9.227856989609561,2.0367371120551994,1.8569816601547096,-1.1218220769593064,0.046603671376010625,0.14023242799527014,0.9179908743668271,-0.2753523315007061,-0.18599567453321858,-0.08479470201918086,0.38297255089423554,-0.1014045690031337,0.022369208754402112,-0.9389297737954416,1.1754641276749334,-1.0087865172507167,-5.480426502360261,1.0799445745506684,0.022546495406599608,1.2961733016050998,-0.5734443472376609,0.08017319473305196,-0.20564545732856945,-0.08321391207066509,-0.29671739402382963,0.39620186769194515,-0.13395901789256032,-0.09333675894527443,-0.10797728293801571,-5.27348139074563,-9.501561974318308,3.9004599335056347,1.604315326603225,-1.6023165137786524,-1.5744856261906948,0.45917345934105647,1.1613611091782121,-0.23187462471809225,0.18732336100569952,0.06513168089234055,-0.08666326059646898,0.06852964512477733,-0.05234799777615651,0.03635552254467847,-1.127112711124718,-0.18695043817222545,-0.057148286557273574,1.0534956177027093,0.49342523138403505,-1.7079086898649458,0.875184976429862,-0.39324989502502855,-0.030043225099919715,0.4032450763895694,0.10845419029537301,-0.4242469918085952,0.280263936265229,-0.18077638594600323,0.2630038461987224,-0.5247148146925508,0.33095080592375514,3.5360910611501963,-1.5327515786455137,1.6554169338862446,-0.2518812407774979,-0.9753190331208341,-0.6160165867322673,0.3760279095811709,-0.3293006611345505,-0.8296462897834305,-0.29262354308702543,0.2546409401543941,-0.013915264381829023,0.11203425126727494,-0.20836645427984538,0.09522003742953407,0.7122945656070986,1.0798383603966002,-0.40323842183730396,0.3102677190682698,0.06580196054099803,0.3243822219785948,0.544052501651924,0.01348704707277634,-0.18105681138756063,0.013966669799772012,-0.28666460863069115,0.36600487554322536,0.30838397756717634,-1.0653004963083734,0.8193767402978688,-0.14251238533752542,-0.024223896272318936,-0.059702874240741985,0.24795758621573968,0.3979230884854832,0.6418695541885907,-0.159240940559621,0.8127072122381546,-1.6830679521687815,1.1003074876031862,-0.09015247396068674,-0.13477146495715697,0.7333401582524812,-0.21438982664873188,-0.5012780899850133,-0.03500795717363579,0.07443996385291628,-0.42166834400066977,0.25744241438735654,-0.1336302483609578,0.09785213890107332,0.16417880119450995,-0.28869288036133306,0.055026143021888824,-0.016293401236642073,1.6219317406341522,0.8889437828813591,1.4928994707065617,0.7024810134613819,0.956248309837744,1.5210653886565475,1.4341268084023122,2.990259660622172,-1.6636359279437705,-3.629216734596561,0.9402129078648944,-2.3095486010481534,2.179479612594947,-4.1707368746955495,2.6002971100485097,-1.15479071951848,0.8893857504249199,0.06908548236953072,-3.5660219619581253,-4.018043605026039,0.07587254741014055,-0.32186111724994554,-0.06653391681560951,-6.222186651196261,-9.059799712297004,4.184928550930337,-1.2896890121572124,14.458047531251857,2.4963314306932354,13.192722938357532,2.6672844267339593,8.86999489505912,2.6208459494767222,1.1792891922623352,1.9776364867989227,0.6692304567334876,-0.9311087725636639,-2.2195253735377976,-1.6417080201837444,-3.0013925563971924,-0.05720428590710126,-0.6174699759479118,-0.4214848787567718,1.054005855555356,19.509166004916064,17.311529332237846,-10.048479108398544,-4.864874606582658,-25.115843713471676,6.7650812308572394,-3.245123440421376,11.425710802183705,-6.704807510691401,-3.3007567404704634,6.8621671087388725,16.396598483621364,14.274351743916336,-5.946219027055488,2.7232388616347984,4.88694883441049,7.952689299321487,-6.212845000778476,-0.1545678470992074,1.4276808579479456,0.6619526494749808,-2.3919147671387373,-2.1035467188388064,3.121799250422307,1.142213753741547,-0.36557591712376086,-1.9641835440599715,0.1413091855370851,1.9180569310153228,0.9538657786978347,1.602035126624898,3.92518442092209,8.349088014370658,4.243729912239661,-3.9306448997900514,5.166022816576167,-3.572691113296477,2.9345770161471316,-1.4603600095533722,-1.5999356383976557,-20.40107325186823,8.014672040325914,-1.8308935288552408,0.2889082446829093,2.911646603693257,-6.789417654664387,-0.39481241606118,-16.265657892507896,11.12575482764833,-8.927420079741177,3.375293024021789,1.2240764354935407,0.09257690064379356,2.5185474971163098,6.115997507779548,3.9928802624986695,1.6306446137983617,1.9309126789420368,-0.5897513595155192,0.19096700809100867,0.30664262074670856,2.8983684638088483,2.4506637952421477,10.996947751048516,6.658593843526888,-3.393981767211176,-0.1803751850245224,-0.5526440256947712,-0.6385461876133501,-0.89372997546384,1.4572807763911555,-1.8864776654796638,-2.1731001886341414,-1.7892132123294107,1.4178663310414714,0.6605659456339525,0.4360600717352649,-1.942467909164249,-0.006477142169897929,1.6004468872085467,0.28977073478049864,-0.24646183263780314,1.9688201590546457,-0.34004906672459034,2.264301262370064,-1.1713969645590023,-0.2681591460715254,0.18731833350004268,-15.964831467781615,13.322216167812522,-1.6204250365999107,-2.976378416130971,1.2808741724992938,0.613226711116199,1.227468488505369,-2.1834181443221903,-2.4834009204646965,0.8913943901601787,-2.2389773959726282,2.912354696344849,-1.1496475775004975,-0.04324584980758395,5.362916208645503,8.128126083701703,-9.307424600240742,3.467898507296,2.767978836126079,1.234870989574108,-2.5458033414967813,2.633729434292232,1.6288214028949648,-0.8884254135759417,0.686105641566396,-0.010575468691002395,-0.9612103667104049,0.048724794358385184,-0.8189631894438385,-15.824851456789526,13.323525329258908,-4.951143853517246,-0.8153490900576362,-0.43303574515057036,-0.7514976477243858,-0.8468712168967676,-1.5414695270206706,1.9919656079009362,-0.906211458944449,-0.9164312973220594,1.2499751507226187,1.0926227480417292,-0.7100279966900458,-0.20711384471475552,-11.466879096015287,17.088671699784033,-9.590112214974868,-3.9390356546465832,3.2648399577155907,-0.3731098502984237,-1.6053665669999446,0.8225801845596419,3.8157260024345647,-0.07599059538481234,0.8125858837771669,-1.8103348995163644,0.6232105737472434,-0.1660080385247614,1.5337445423291973,-0.03296308508094565,0.31405164554962395,1.2832800262184076,-4.906155510757164,-1.2230388420678742,0.7482110760385241,-1.2836152363081987,-1.643308562645792,1.2829036179359519,0.8266712150820631,0.5356486183355073,0.16349411379387377,0.9299189284879426,-2.06518161937828,-0.7826298911313747,1.4062867101747023,-0.21882343627546205,0.18719415015631544,-0.04082298690240657,1.5081654662943442,2.428773411631275,-3.556013506954163,0.9835867447507197,1.0424451507355736,-0.06710107994550932,0.27069707640995044,-0.8361761742567109,0.5854439340050591,0.04134042419015502,0.022492673346854036,-0.33723047341849127,0.34608741963832323,0.18053944567802627,0.2727439937535314,0.4237857074695002,-0.3114281373827433,1.38704033701861,-0.5311991120767021,0.3392747333779023,-0.05596535304998142,0.291937411765778,-0.2093748277018167,1.070719625836541,-0.837577423395396,-11.154335939079594,15.76101136983212,-6.486089813379962,1.4768838321926663,3.314495930818816,-2.999260262360793,2.0293794260365847,-2.469099069065696,1.3484314928637624,-0.75587121288741,0.09623974989835068,-0.6548701087157036,1.5085527180836715,-0.8207713501426454,1.5356514828152275,0.18365696491380237,0.5836096122097328,-0.29654518133567065,-0.4537873846767124,0.5385433261879593,0.04995164780944749,-0.9802324973810719,0.10100662353431407,0.09841099799709004,1.0237833570652823,-0.08557375625809858,0.14167627736934724,0.5997128192002849,-0.7789789372680854,-9.237195379309147,17.35452330693272,-8.438578225062587,3.6830338028576337,1.0709235666833186,-3.573760332213609,2.0176048452763458,-3.236292039602156,0.7881840026344644,-1.1999343853079962,0.2107160881369518,-0.7371990382782732,1.0006038102162078,-0.5935944715804673,-0.5184105882117442,0.4155869036207326,-1.4738202003263197,0.7043557445289151,-0.30004867528232493,0.042860273720983236,0.10416419097837994,0.6769922506845897,-0.28051346645713077,0.0711937440856122,0.11721243199940584,0.4411663323054209,-0.07943943192158048,0.21591473411112544,-0.21207519383436346,-7.394849039179645,13.851742825893647,-6.749791436798885,6.486579066055177,-5.6816402731743665,-1.4271009015458787,0.2666356693588395,-1.2007531729223835,1.135942953076386,-1.1891231777777467,1.0243223544298683,-0.059243509144324774,0.3909702407762986,-0.591327828643946,0.09719632667648286,0.7552395217790288,-0.8755246921643117,-0.2653948746291941,1.6834913238300933,-0.5173630143374838,0.1271733521614741,0.29678314866030203,0.8051899207088763,-0.6536562178891097,1.071080510634913,-0.45565019281271174,0.4089277030778681,-0.22385515717401208,0.36236303208502785,-0.040331808251799696,-3.4633360579220924,15.235675092591105,-6.9144307818380115,5.72063571813295,-6.029420934975914,-3.2211029920042726,1.5439789170847031,-1.0561352305934795,0.501688654227306,-0.3194023514170926,0.7673043417999496,-0.7993229928261683,0.8013476640944996,-0.2021068805200642,-0.06094518920343976,-1.1107907589673125,-1.3978291141139967,1.4702139823836793,1.0900474450256563,-1.483603317215292,0.2818134344275619,-0.3880293633948006,-0.20531052725816568,0.25695868175106884,0.18697008142827953,-1.3249095997691862,0.1279179467940262,-0.07283015637533649,1.0660719515406802,-0.5169390274724043,0.5131549944854585,-2.774856533435821,1.44196361341775,-0.5293929821400779,-0.1705941324303282,0.4442414026009081,-0.5673942447125429,-0.008946665478492741,-0.7939447333751907,-0.29164178195056684,0.8738491086310131,-0.8881463939732377,0.3684783493203524,-0.6454803798678515,0.08231607144683238,0.3286192962812119,-0.44328472906411903,0.3103544386312126,-0.6473079803501931,0.06299176497370254,0.03751008085522253,0.13407846123356668,0.016397613936138016,0.6078068235051408,0.09032566555386544,-0.24696524913719226,0.23885885297542722,0.06628806033878261,0.12388957505012164,0.2349608083468152,0.2967471647955248,-0.021413237468245784,0.08779988573793164,0.016118356804603447,0.13388933275190193,-0.17784412239038125,-0.27484378557203937,-0.619468405671688,0.26551697640957556,-1.5219649597469176,0.5411540900748705,-0.6803675634833665,0.4829841795856779,0.03336100576825266,-0.7433891574330831,0.24095319626448966,0.08145244820310286,-0.4384857968078701,0.3740927400601869,-0.3223657591044495,0.12303591116970893,-0.22674760655534498,0.15465320354349157,0.08139847667815074,-0.13722676472896944,-0.002808937694739936,0.057812823906621263,0.3078474317653962,1.53847101333146,-0.45823714521949177,2.1830426084800583,-0.04930006478154242,1.2071228004822343,0.4275009220258209,3.2081507898411687,-0.20049489472125337,-1.577144214128798,-0.4345880115240488,-3.0240314662639127,0.9784635996987421,-3.3292811775544564,1.6852345759385694,0.20668197735434551,-0.40965709924763916,2.1119169534378406,-5.3967757341657325,-4.316102604216457,-0.19976082814024304,1.3717612055210326,-0.8997365607516191,0.8221495889070908,2.786036641666682,15.833064661058724,10.939759209210356,14.185292112131274,5.538025387175071,7.918705146438849,-2.7958044721651527,0.8258404334265262,2.112439369744559,1.4439751743590017,5.85192333645783,-1.5273689751129453,1.1697120385028315,-6.950167990448145,-0.5243389572575665,-1.6097818107848096,0.29692269418594264,1.9913505685061756,1.6999721164925026,-0.9345398580138597,4.3831600192371925,17.580436925943765,-17.124217434736725,1.5452866863524866,-20.62452404181978,3.5437658020324236,4.161754446599635,-1.0240896428867883,5.499235252972316,-12.646699480097748,12.67048875426829,1.8334193255543534,24.284207214071778,-17.749536135733987,2.1253494693924257,-0.3772687802473764,10.93365483564444,-12.843339076876218,4.4910133555235525,0.7326918437468715,8.284979801692916,-6.783702758073503,3.191549215404136,-1.520193374599412,3.1058720022851865,-6.402208882755322,-2.1139417553184594,-0.43148034011312586,-6.463129264892669,-2.903470924800551,-4.493233728754993,-5.444536802657787,7.478112975870273,-5.192014288467629,-4.076079082637013,-1.2134580528865981,-12.509986417719139,-11.870315937321184,6.551717623279215,0.841660174710262,-26.74047667672882,1.562693324222124,0.33301102395510557,4.912185104379115,13.66211785110989,4.4238418738295096,-4.3020883414806175,-16.597667528849836,15.7345367562732,-5.933604308973299,5.392379381509925,9.079869708092453,-12.167587486260235,-0.8850515597546499,12.55831286870933,-1.5546259661649555,-8.126243496423184,2.600140208251394,3.496147093472785,13.726483583747124,6.805951139238746,-10.462806113686234,6.879403768688531,9.44013057393877,-1.1330048749039274,-2.4438768308218792,3.6071401803393544,-2.3647826443157993,-4.241761019435328,-7.3520101949615455,1.2193298069773009,-1.9506878520898066,-1.9164522097197236,-0.5490059285199252,-3.8927872136198216,1.3471038131825002,-0.3998276609315557,-0.48658908573130416,4.561428245037328,-0.21832764207969285,-1.497886066650832,-2.839798387902971,-9.595076338966157,3.136085783112129,-2.131867489183618,0.12768868047445878,3.870937240771368,-1.2916190951219928,-4.616276275187187,7.283731658752877,-4.610515607920737,1.2037171325451201,1.2322446996753782,-0.01865824715534846,0.9059442977210956,-7.595432335279857,1.3644850828139619,2.7696720978260116,2.258702949208219,-1.3174236350276824,-0.3399646587238183,-1.145347252630805,11.47025723915604,10.598490299172823,-9.145182852266373,4.447832194458396,0.4511147199622758,0.32642769817866996,0.369598950448466,2.477975850041416,-3.254504340344785,-10.485781149735761,6.483647821377715,-2.61757398588113,-0.424752355582544,4.286726791764068,-5.005403228839444,-22.38952795896938,10.046924586163396,-8.815756019430756,1.365028624221121,-0.9711167061940111,-3.1201569559455367,0.2988800945268723,-5.511575304488226,17.524929500642877,-3.560091395553179,1.7676970554014193,-2.7139012891441214,2.7931079903408036,4.607471115186711,-4.480078742055534,-17.93634567923244,12.272475314913756,-10.043788557635384,0.9160407059557139,-0.6099383671133148,-3.261482328345272,1.9304137799374295,1.1378652356773822,1.19611303124026,-0.7621619056154852,8.274224306946959,-3.3566747565350816,1.7611054898262373,-0.2460752466629341,0.1790388438236321,4.624588957711283,-0.874334711799563,-2.7087134312427916,-0.3405457009116739,0.8550929915065139,-0.2284686565546456,0.517094506691567,0.19842355932928749,0.0831861586531689,-1.4895630848501016,1.5746853829960206,0.16975248086964664,1.043448809469422,1.1245660979839638,-1.1541273936375733,-1.5300087888748584,0.4935214151503349,2.718999980721125,-1.64254415725977,1.3687814190106906,4.313712208478249,-3.6322922548982834,1.2835198173237328,-0.7339585533275789,-1.7618870198119279,0.12864398266035193,0.3685413298428254,0.1365375096326158,-0.6370665963498068,-0.08178577468285722,2.9193025312086753,-1.4334168703298422,3.733907471340439,-0.0060846026516252864,0.8272269203439258,-0.24322039139302584,-0.08750774579475254,-0.7269197956771424,-0.18425103118295316,0.07819306748146615,-1.549806186728393,0.4607276744250772,0.442010260041219,-0.6782053836720503,-4.868202434216871,4.349009794545877,1.5705546273879194,-0.44128337091795156,5.926571450251574,-2.2057792212755314,0.931459200689701,-1.0844879632397086,0.4983301287467518,0.9854853408667752,0.6152041599366326,-0.45820761291592227,0.6731901207252372,0.4799635444319662,4.142797921919003,-4.313369012773692,1.7879710477323372,-0.7258130511386243,-0.9755283891801946,0.293066458665646,-0.9017943410148668,0.7270150984411109,-0.7350970239979898,-0.5758824450086432,-1.2373465001513202,-1.6330844371542672,0.26400849523542264,0.19949492356439877,-0.6502284724178711,-21.601879658943197,-0.9165234702879735,-3.2902812110135753,2.5932871684849137,3.1396293227616874,-3.1552462768122997,1.4259808961700768,-1.8466877836570124,1.054744721801888,0.46142326737706074,0.7014109318666646,-0.5745429016634398,-0.044768405939291295,-0.23468694048086441,-2.3900469044907657,4.112486427989175,-3.2170679570233776,-1.8763743905307955,1.918573760935534,-1.3954909876267763,-0.10368530400881776,-0.253797155600693,-0.32612507288841236,-0.27471086494163216,0.5760825311316335,-1.9870906538129967,0.2839612956211337,-0.23447608072922105,0.48512915436081766,-21.374377657417625,-1.1289466850257694,-1.7414026758707,-0.2742956195218558,-5.586164637521413,-2.906278214205667,0.6774339061568962,-1.2601140068173322,0.9451538319845065,-1.1962059671282566,1.160363101087983,-0.8547744762871959,0.2011971909904917,-0.0812263362393638,-4.166139119910507,2.761131434011531,-6.445776211001062,-7.660111108486984,1.4125762885747573,-0.3778504445927142,1.5317043324712514,-0.6222281954134253,-0.4476042443967327,0.7997062311326669,0.2204326031867434,-0.5592280355697963,-1.1622781703511442,0.32857245193574036,0.22513384700592928,0.29925676472738866,-17.739484702339603,1.5111598016726575,-2.0000927055764124,1.1645756102899114,-5.8138637030950635,-2.555372658959339,1.4397696536388036,-0.34192213017603623,1.084499529003009,-1.0565322438560665,0.6924618843570978,-0.08073418386989012,-0.06270249407066657,0.04552198175416074,0.19699683612397223,-3.4234580209913483,0.6111517130456902,1.4809247908366119,-3.2593874633780198,-1.9715600737468346,-0.5785957578450199,0.1197286137134552,0.12033959771423708,0.43420975678021495,-0.7935243548757939,-0.0174632228598331,-0.22083569341646767,0.8663120574353594,-1.2094157804832986,1.0949310506842944,-0.5286483676333718,-4.869136432887256,3.671785094503037,-2.689034900697784,0.7909807597747537,-0.13910847917308508,-0.21286957982110885,0.07656081858478532,-0.7037585622870073,0.44727704529260254,0.23540642956569482,0.06423071247181761,-0.524380191450241,0.37488128482579786,-0.15290750200084507,0.21750497429664964,-0.1895680947453173,-0.0269196550189831,0.11580848473550169,-0.3674759893709104,-0.5269877845049488,0.04498219622486746,0.34432867232785686,-0.08084230544102479,0.17981121903675568,-0.2114306009335323,0.17509900970187892,-1.645454614682153,2.358762274906779,-0.8344555612390085,-0.36024479402943715,0.3293692187349387,-0.32494228305010564,0.6518621777366295,-0.545918161850993,-0.4269089556622759,-0.7652551235745858,-0.3821665941895596,0.19628722751804276,-0.3971633620798932,0.09483885028567915,-0.5683552583627939,0.5478098360278366,0.09549193476577789,-0.016186625432527232,0.09337542942979085,0.0441967756235328,-0.5367214265085706,0.6089288388601531,-0.45633455470182205,-0.03283328564082499,0.17629547565506007,0.08733272900367253,0.09211550765548,-0.338910213846965,0.10093861140745275,0.03966695827517209,24.097335338756835,25.06613562802335,23.65068096843011,25.153731731308945,23.670870075038536,26.154091170551084,18.932490709046153,43.32627564552066,31.610996215413522,46.31790224173034,34.13598415350837,44.544396488996846,38.03099837206362,42.41374780137728,28.951025932736837,27.15783851638766,18.61189888257669,19.824091423532764,13.588430086626856,11.476787080309025,-0.20209454267565977,0.2637150189362503,-0.9257817902456541,0.9431321808099952,8.66792861520909,-4.562111710761175,-7.377773931412868,-4.891225731398136,-20.559331864700983,-3.579970130102799,-19.386836194023935,2.7934952500368864,-4.919426518260318,4.620189737445788,-1.418400116414344,2.1844816545000567,-1.7021073005413014,-0.5206922767780857,-2.069046366722176,3.021805182460333,0.19281594195678017,2.3000634182312254,1.2339727258576136,-0.932605063445121,-8.108317058470773,-9.361805508852518,12.650604193427812,-1.896528387712655,16.518558252082908,-9.58254049690604,9.054849055559291,-5.5274410345521625,3.305957490634484,-0.9244467840512486,-11.077177684745326,-7.2570300051584935,-11.151725369703728,7.253896967631385,-5.430697758839687,-1.968936199110129,-1.2184326898317366,1.725499529136005,1.4609816029612133,-2.498843816434724,2.9038795042626213,0.6165836629447812,-2.216273067381171,2.5928093841737945,-1.6530909561580005,-2.010413280838729,1.786230369775549,-0.044861404895812855,-3.3975727907443183,-0.6350196409318476,-4.209979451107113,-4.676764577280704,-3.7809307164973314,0.9424538600424117,3.6160374357078506,2.036754752440006,5.003408038509057,-5.977067277576093,3.399982937803909,8.276565190197925,28.664717840558595,2.1273300696581803,2.2213960852852788,-4.595187174643825,-0.5525680567742149,7.34434631765091,0.6172448882119422,12.858782655065651,-10.171279957659472,2.886548476715812,-3.695241003382544,2.134208408164905,-2.972380563858869,-2.224837225664558,-6.180144690119642,-0.4986302188846084,4.912094976983852,2.0810948562542704,-1.4000959210376758,2.3413176190491747,-1.1859262806409865,-3.6008449659735353,-7.051780925839111,-9.127362846836728,4.396718871833055,-2.13585440474166,-0.5695064206620166,-0.11415873435791993,1.8941583920233338,-2.027350929042494,-3.3625434607553406,1.9010919981461887,1.425355392615365,-1.3612237713525135,0.8770126319322556,-0.7367940967929352,0.5745782945436265,-0.12042947696683645,-0.6110926099037362,1.6776160235932243,-0.38712962068799617,0.05268214524488671,-2.3005369911950018,1.5180258359063883,-1.600486384898698,0.7854324210831651,-0.6766640148490858,4.7119028702728185,17.99620106801283,-18.478830259088518,8.253781609934908,-4.920700353964585,2.1881480661460837,-1.6235632437710155,-0.9260858674506214,4.617548086432028,4.70673657581889,-0.3117156822765204,2.331127930611935,-1.570476630689267,2.201001044517713,-1.8246626215412287,-17.02997635085961,-6.725061004708154,11.656603297212259,-0.8966052376665492,1.6171711972048533,-0.5977159156573392,-0.5169093234713329,-3.0513401283296404,-4.074777271425375,-1.085555060476028,-0.20301846008144991,-0.495455441270754,-0.7064379490931058,-0.060162289786616335,5.2313091468962645,24.299855070886903,-20.440939306625012,5.164865866685755,-4.079577377342863,0.7285125910558564,-1.0769670984196271,1.7567532549614704,5.780982925044559,-3.6427952860352564,-3.028307447157852,-0.6407117598198498,-0.49072710040685913,0.9242777741986787,0.3852549167986498,4.338354849557382,18.84093560687759,-23.096125494088177,7.999766621241207,-7.549262665262305,2.665311373933003,-1.1189200782092459,-0.013455684301295325,-1.6438323788936502,-5.898984088793122,-3.527207567366164,-1.9609864913732618,1.7729271044446355,-0.10519170604138009,1.3391239849049956,0.6051276484949801,-5.947937352126021,4.087972904409617,-2.76313909597653,0.38945813980200544,1.2528935063241544,-0.3193580804696936,1.127229158095774,0.12125918600769117,-0.690961257741253,1.839351579053122,-0.8677757200642079,-0.6857037711796634,-2.2024001141374496,1.2906548636578767,-0.9370724728627801,0.607911085975069,0.048843437780918604,-2.3962092186539086,0.3326713619236065,1.730785435176197,-0.08612099648344039,-1.4708966619520676,0.8078554499918442,-0.8828687240964056,2.214104896391712,-0.7351595390586374,-0.31716972536485927,0.1450694523533953,0.37416632076655665,0.2117242407821539,-2.0304982114082133,-0.09352878456358306,1.895602576293334,-2.256006591059803,-0.13213148979976796,0.1216429856371761,-0.427654697973156,-0.558549472815438,0.49755112809094487,-0.4233168597187396,0.26640002042150696,-0.21782835920400032,1.0958511158116755,0.1556452235367217,14.498360659675086,-16.087888152021996,2.6310202835107503,-1.648476124337665,4.157144451702093,-2.8557837020204775,1.5415582176559302,-0.9935838948799177,0.6821913028099723,-0.051001990018565466,-0.5641208210332797,0.6475305951155876,-1.2283161452746785,-0.09384125306669842,-5.2513367020736865,5.111007897802565,-1.3170869353883161,3.75588910196383,-0.40166460514875335,0.03738153166173892,-0.3297997926919261,0.6071765092831314,-0.43320567215393146,0.3597603910799108,0.9536818137416555,-0.24649063765372445,0.025510322227635523,0.6044347126631979,0.8622246696791617,21.358100454726756,-13.591782622335034,10.272086155185038,-2.626149484730744,3.5592239150516845,-4.737692911434703,2.22137676078262,-1.8486168336772062,0.513044327944436,-0.19873613432638357,0.02850665373674808,0.7585692057246344,-0.2861713036095956,0.3903248926235425,2.2821841468308652,-6.166336204486696,1.9116559297700833,-1.2054942140322948,-0.3121236169156705,1.2049001200170721,-0.6405487351729817,-0.4295418114137713,0.013865269659479335,0.0533434781099066,-0.34755701298692415,0.380016082504436,-0.20174746631251625,-0.021565471223477416,-0.9782590599223508,21.52515134879739,-12.721022478770264,3.9445955730242903,-5.234497633541818,-2.1436910514505825,-2.3084680999028357,0.49671275597069076,-1.3779381916775477,0.17298749453595227,-1.1508231138559968,0.35053448691059413,0.43106762906923485,-0.29334937213969525,0.23963302221682176,3.8679079289012916,-5.343115973676568,0.721505467966625,-3.0342869544403386,3.6264926228782093,-1.1866239085320298,0.3989967731005587,-0.03316815716982019,-0.7238343383403879,0.7560451431558177,0.44900154489944966,0.376000811498795,0.44446446352617774,-0.1545091625795196,0.4128871090074336,-0.6788370418391919,16.412312912922143,-15.108701962548393,6.3386594862255725,-4.225492675981965,-0.8845812093423531,-1.3842814768904406,1.612475605533738,-0.21405555756652095,0.37069393678411944,-0.6825931916169442,0.6575711101172735,-0.4634150444299277,-0.031376525101923486,0.005333129767336395,-0.1744293926250525,3.3360869454514415,0.5055570117662013,1.3895808995013248,-4.400531612056257,6.136189317771658,-0.90432495900993,0.27107049874426825,-0.18755520088900277,0.4796249521341809,-1.088332115149141,0.0022768466114114084,-0.15940325785509507,0.3657487605861512,-0.028693701086557152,0.17880056648001455,0.364583889457443,5.808986332772589,-2.620768655543636,1.0632873231195494,0.5994432553068753,-0.8419758394580127,0.751114430572762,3.7746209023283206,-2.141185475676491,0.510402427165185,0.14463807229400907,0.32166436512967245,-0.17402456484951956,0.02166824814503549,0.18014873584744956,-0.4191838040001038,0.25639686163796194,-0.29992616148406787,-0.25993372467338927,0.113230460309362,-0.15501278914271463,-0.0765656038821064,-0.2682010764866075,-0.49905431626240065,-0.06060852845915103,0.12034563765043946,-0.0007733432200397513,0.4119098169242822,-1.5334529943477448,1.124792938199398,-1.4084929721903556,0.8854657296646861,-0.10503197398471598,-0.5528927365493079,0.45316411017891456,0.4953642426165432,0.5737924937075382,1.2588269942939654,-0.6561908965064249,1.2406453548002119,0.7024082674386003,-0.802912759241088,0.47106285696370115,0.21090069861725988,0.18190372346118358,-0.05226152009671749,-0.4526524796244902,-0.051969242800058865,-0.37089396902797167,0.07826740179615903,0.12579282683060114,-0.20276619159361092,0.013423187536184175,-0.01663800653105222,0.1288381425784374,-0.050965909852710475,0.009579902404384014
39,-23.404515397843532,-24.109273880160877,-24.425165668905866,-23.165860788812715,-24.64079333627729,-22.7740437870662,-28.634123254807232,-2.590877085719341,-0.8823331761420937,-0.35075704187804835,-1.7469759483577056,0.18504030802155902,4.037849383714969,-2.2605322255975797,0.2901494449834998,0.9756924969578245,-0.3905318556715543,-2.036060353122171,7.317040523943324,11.218377717120429,-0.027891821458790225,0.7636044376928818,-0.1886141900032032,-4.945628589040861,-4.088195839128686,-10.414586886354739,-0.4168704086267687,-10.341303291640664,-9.223156851404298,-4.527085784973796,2.7628206780611295,-10.772130313560714,2.1875364927078675,-10.68384794399787,6.722236939726723,-2.185653776495042,0.4793928444854457,-3.1846722195463157,9.597402084306438,-0.9486559581368247,-0.11645556635385922,-1.4608110932228648,-0.7773643987625127,-0.26699243696526553,11.116084288766901,8.381469497422888,-2.1308289686878368,1.3118691405203236,5.562494834469382,3.5139768644274696,-5.789444862836541,3.9651104967009903,-6.281534367553554,1.6664026255008264,-0.23766532061635945,2.3412974046353656,-2.12517454339642,-12.668605366918257,-8.309908157379192,-6.031989065437639,14.203958883659995,7.483443752689772,-1.2874546094384205,-2.5912276159970684,-4.995339990971848,8.93911892787435,2.368919247930102,-4.043812839311707,-7.89735584053339,6.257218983808659,4.180834088578551,-0.3087660189721989,-0.4036824009665259,-1.9784436347856353,-0.6379022540799814,-3.92892843572682,13.640719975330514,5.678792729481977,-2.6435588461280988,1.2696927431067273,-0.768736168940979,-0.810530794154917,2.2270974169192543,-6.747549293599485,2.4799811526396076,6.188056050942703,1.5223472959643998,0.5785245539543771,0.7455397668715186,-3.4559870007725797,-1.3388150575395166,-5.750797944976521,6.211856756219659,3.7604090400004324,-0.8257931513727711,-1.7987973889694895,0.7550263032124107,-1.7003760113946875,-4.850425597477411,9.529691776214738,-9.932784618342028,-9.45002546490531,6.384732569182195,-4.175378411000633,-0.10181617875994567,2.0362528134733817,-2.2694114112582917,0.8066481777611983,19.670683640793964,-1.4491515750183765,1.639734683688037,-2.2220800432058483,3.1341560883320074,-5.283343747829185,12.458624559867557,-4.47261563295535,-13.688081441139179,5.9238214124887385,-5.727034642720929,1.9347545666578996,-1.1890286517457398,1.591242356002187,1.4296580629707873,-1.4824150735024075,-0.3325418118764945,0.22374495674133338,-1.0180774134306287,-0.0012209133654106571,-0.988149606693336,-0.5088657837414867,-4.253677581922924,-10.052114532923374,4.788781876020425,-3.5672945612818334,0.9837751923670468,-0.4380819126331716,0.4453458598356138,0.8857929259248222,1.8928296097677388,-3.6168304187171016,0.7540457223548785,0.8395265010080575,-1.2866931494235339,0.40533403424717507,0.8111860665508327,2.3348649542375033,2.705055894940784,-3.9125775228789115,2.770881307629293,-2.61864172512435,0.20784627942900002,-0.25816224863286985,0.5977978765708639,-0.46499154703506035,-2.8201473337062013,1.7818416127141732,0.27224749913960483,1.831317081175085,-1.4726663583999395,1.0545774315965537,-1.1852095223400272,0.8529511078556281,-0.22252990543010026,0.932811804151049,-0.13180513741504574,2.2557629465841393,0.11470090360117513,0.2896477827623938,-0.6351886706682383,1.1000353858825276,-0.708263034162262,0.43221287829630384,1.2314905512137455,0.07097210215991837,-2.070962690916017,1.027052285050255,0.8015721646647135,1.5386823096142193,-2.0179916061206153,2.260846976035467,7.826604649355042,-1.8943656180529431,1.44026330548812,-0.34337221994221734,1.20422180755471,-0.2555418639330895,0.6656558430554742,-1.514858956635217,-0.801452350282635,0.4386232597833104,2.0060610360388336,-0.06592332025825168,0.1730240746594562,-3.6149972412962312,-3.0965899586260197,-1.2397993913622634,2.338625674372512,1.20276832102591,-0.500385598063365,0.5974999291453228,-0.6146964957807335,1.1633529572133139,2.171971070927698,-2.999880917608962,1.074336817555286,0.3937154948993786,-1.6013198345990143,0.09978304524130324,-0.09029581352191951,-3.7543512804419406,-11.889053504724036,8.191094795946407,-2.335268343530966,-0.09143899038512193,-0.4884423125799749,0.6907640864653669,-1.762258346500574,-0.8206654595300525,-0.30599021582670594,1.6852293141451908,1.2490323084878225,-0.30246649568262257,-0.15353592319979825,0.12377859932805016,-0.2043073353030053,-0.09807621550672849,-0.29671739402382963,0.39620186769194515,-0.13395901789256032,-0.09333675894527443,-0.10797728293801571,-5.27348139074563,-9.501561974318308,3.9004599335056347,1.604315326603225,-1.6023165137786524,-1.5744856261906948,0.45917345934105647,1.1613611091782121,-0.23187462471809225,0.18732336100569952,0.06513168089234055,-0.08666326059646898,0.06852964512477733,-0.05234799777615651,0.03635552254467847,-1.127112711124718,-0.18695043817222545,-0.057148286557273574,1.0534956177027093,0.49342523138403505,-1.7079086898649458,0.875184976429862,-0.39324989502502855,-0.030043225099919715,0.4032450763895694,0.10845419029537301,-0.4242469918085952,0.280263936265229,-0.18077638594600323,0.2630038461987224,-0.5247148146925508,0.33095080592375514,3.5360910611501963,-1.5327515786455137,1.6554169338862446,-0.2518812407774979,-0.9753190331208341,-0.6160165867322673,0.3760279095811709,-0.3293006611345505,-0.8296462897834305,-0.29262354308702543,0.2546409401543941,-0.013915264381829023,0.11203425126727494,-0.20836645427984538,0.09522003742953407,0.7122945656070986,1.0798383603966002,-0.40323842183730396,0.3102677190682698,0.06580196054099803,0.3243822219785948,0.544052501651924,0.01348704707277634,-0.18105681138756063,0.013966669799772012,-0.28666460863069115,0.36600487554322536,0.30838397756717634,-1.0653004963083734,0.8193767402978688,-0.14251238533752542,-0.024223896272318936,-0.059702874240741985,0.24795758621573968,0.3979230884854832,0.6418695541885907,-0.159240940559621,0.8127072122381546,-1.6830679521687815,1.1003074876031862,-0.09015247396068674,-0.13477146495715697,0.7333401582524812,-0.21438982664873188,-0.5012780899850133,-0.03500795717363579,0.07443996385291628,-0.42166834400066977,0.25744241438735654,-0.1336302483609578,0.09785213890107332,-0.1262632018605375,0.15460792990659517,-0.8159773431394072,1.8685517044944986,-0.34171458784579073,0.09934117527098736,0.13331121611616123,-0.3377617645456435,0.470698500436617,-0.07648611186620048,0.15257266590331936,-0.07311893447113879,-1.8445785854325476,0.6219019853726393,-0.5546045322121882,0.13309874498824673,-3.0872690642406546,-7.918417296476344,1.3970408658928708,-0.7090021986415729,-0.8808768785250642,-0.30586595307899983,0.07419236712087639,0.8604123080828044,0.5627332104007939,-0.28064195381349905,-0.7752551518149029,0.3971638852659353,-0.08894448625500764,0.08823369975078797,-0.026285322975516986,0.26260825056026676,-1.2410195299138336,-0.8375713125402959,-0.20535884550201516,-0.9510793647267639,1.2776585129355271,-0.5708002352037734,0.23626777085722858,0.2085698097658744,-0.20335310794594463,0.028596193051237957,-0.6392133754576668,1.3276373130525287,-0.18214148147709647,0.3956041200449641,7.275639564630374,-0.8807656838214369,-0.9963797490248429,0.5574930007154797,1.146665374884556,-0.34818359873913585,0.11720237379712051,1.4949661984677851,-0.710664742944813,0.21025090839709104,0.6977779529859632,0.3305502655190771,-0.1689076430764168,0.26243094435850844,-0.10358728849203727,-0.2187404048357639,0.6408253892580132,0.10388443739458393,0.41229111125005663,-0.6603254608337652,1.862248034241131,0.3488277507848137,0.4135605814219913,-0.9145218111009613,-0.5583344863750952,-1.3033273987856462,0.9978106729880143,0.06789819497360866,0.07775590957849052,-1.5410451553623654,1.0979033009562313,0.5886358986783442,0.5799167777115932,-1.2117412182987317,0.2351671366308631,-0.4317383482367297,0.7688400890204875,0.09923553489137114,-0.09466791937161334,-0.0688954950876213,0.5089830360190586,-0.24328261733988743,0.23739967797773795,-1.0609455662771297,1.7253731877024345,1.44089576010863,-0.5762823602897579,-1.122513650129853,-1.7095504747998147,1.654164132694573,4.462106459977776,0.9094515486397995,2.2689715197164806,3.805889398612716,3.1509354156893257,-0.030537924749785172,5.554713618738287,-1.0225210229717283,0.30976051309860586,0.03722203772465582,0.18538125408659525,0.738107160623,-2.2623640906185556,1.1372918214413654,-1.1531731664247091,-0.15911504028555537,0.13251098513170778,-0.12045186023133247,-2.2733261774479754,-2.45271299976382,0.27520643320644356,2.0901909432782584,1.680914183729982,2.736274355737216,1.9298611363883156,7.193349559596614,-1.5058394393747543,1.4767155308225608,-1.1556349560262098,-5.211769350119792,-6.565199534069847,2.625252691549187,-0.2630197148689137,10.676692511055963,-0.4702512895129294,-1.0479148890965626,1.3797014359794217,-1.895714946956539,-9.802480681030053,0.6921408856880543,-0.42984562524883885,-6.3907609148984905,-3.0983293050442664,-9.104682952326412,-24.323429803623338,2.8210972209923812,-0.6211670358216229,-0.5291339491690651,-12.701983606471334,4.005717358848769,1.871504136537318,-0.041081355680635395,-2.5010745814091804,2.1339987466613812,2.166520098131267,0.9876925862346106,7.073815308244413,17.370708120767755,-5.93004100386535,-4.565829519298873,-19.681383153068122,5.160235697386217,-0.35463407906886224,7.574873216697186,-13.257439929865004,-1.8380635773843739,4.547943253518201,-4.780050824582235,4.354232100240157,12.330742437195255,-11.37938479366023,-0.820909404935087,1.5903401733577045,-5.169061653109204,4.134471411575538,5.5225435980385695,4.128314913626781,1.6228986741703009,1.9309126789420368,-0.5897513595155192,0.19096700809100867,0.30664262074670856,2.8983684638088483,2.4506637952421477,10.996947751048516,6.658593843526888,-3.393981767211176,-0.1803751850245224,-0.5526440256947712,-0.6385461876133501,-0.89372997546384,1.4572807763911555,-1.8864776654796638,-2.1731001886341414,-1.7890330723907457,1.4063239196933515,0.31078482974118266,-1.8054256473843153,-4.16827135857895,2.7391936835856283,6.414859038026526,13.016772060873658,-8.179173427823345,4.629422910848432,-2.0254591346499966,1.9269659637667085,-2.697377855168823,-2.4010331263989797,-15.883663343428138,3.663214398924476,-2.6800393106779965,0.5865062444921828,-1.7679347929667069,-5.76386095454899,5.155424538068352,-4.15912817814012,16.912322441573718,-14.698691825440399,5.0630231108162285,1.8051840637970307,-1.1699181956279545,-1.3523243916157892,-1.2784943822814405,7.7536947971949814,-0.6552376483277593,0.7808546133228662,0.384895231148033,1.2135889515926612,-0.6808173815844153,-0.21474583010400222,-11.466879096015287,17.088671699784033,-9.590112214974868,-3.9390356546465832,3.2648399577155907,-0.3731098502984237,-1.6053665669999446,0.8225801845596419,3.8157260024345647,-0.07599059538481234,0.8125858837771669,-1.8103348995163644,0.6232105737472434,-0.1660080385247614,1.5337445423291973,-0.03296308508094565,0.31405164554962395,1.2832800262184076,-4.906155510757164,-1.2230388420678742,0.7482110760385241,-1.2836152363081987,-1.643308562645792,1.2829036179359519,0.8266712150820631,0.5356486183355073,0.16349411379387377,0.9299189284879426,-2.06518161937828,-0.7826298911313747,1.4062867101747023,-0.21882343627546205,0.18719415015631544,-0.04082298690240657,1.5081654662943442,2.428773411631275,-3.556013506954163,0.9835867447507197,1.0424451507355736,-0.06710107994550932,0.2735590280429578,-0.7530764652073462,1.2302101715763734,-0.48183337590795866,0.747255518280828,-3.165448704407479,2.397873077474424,-0.2040479178472844,0.5604000683920188,4.569147227082768,2.5302978375360095,-7.20268512863638,9.608243837590523,-2.8462116811471145,0.005181380853863923,-2.6281390559435267,2.5140655288655185,-1.594854085132924,-1.5314107588370651,0.32868396292911756,-1.2497172289956822,3.6057030510063064,-3.3478824881471474,1.1429521603057575,9.174445230969612,18.792903760619726,-7.801191035421997,9.141049033883187,-2.3620833239060697,1.817524073726184,-3.503896992392979,2.128698502288578,-0.18773268321270517,-3.648508086060948,0.5966039684860179,-3.981506203191443,2.9382170638153324,-1.9108491179001048,1.4363632474708135,2.4122349075040934,21.420357296098686,-8.786402144791566,-5.095346746636052,0.773646208640875,0.060804060594046076,-2.0092800360242618,-2.5948443087526725,3.6727528522792756,-0.6779263708852084,-3.348869397253174,4.221852495154804,0.7984942852079803,0.18918738023025586,0.8876564511436784,-0.6562210981210124,1.066643996005233,-0.45565019281271174,0.4089277030778681,-0.22385515717401208,0.36236303208502785,-0.040331808251799696,-3.4633360579220924,15.235675092591105,-6.9144307818380115,5.72063571813295,-6.029420934975914,-3.2211029920042726,1.5439789170847031,-1.0561352305934795,0.501688654227306,-0.3194023514170926,0.7673043417999496,-0.7993229928261683,0.8013476640944996,-0.2021068805200642,-0.06094518920343976,-1.1107907589673125,-1.3978291141139967,1.4702139823836793,1.0900474450256563,-1.483603317215292,0.2818134344275619,-0.3880293633948006,-0.20531052725816568,0.25695868175106884,0.18697008142827953,-1.3249095997691862,0.1279179467940262,-0.07283015637533649,1.0660719515406802,-0.5169390274724043,0.5131549944854585,-2.774856533435821,1.44196361341775,-0.5293929821400779,-0.1705941324303282,0.4442414026009081,-0.5673942447125429,-0.008946665478492741,-0.7939447333751907,-0.29164178195056684,0.8738491086310131,-0.8881463939732377,0.3684783493203524,-0.6454803798678515,0.08231607144683238,0.3286192962812119,-0.44328472906411903,0.3103544386312126,-0.6473079803501931,0.06299176497370254,0.03751008085522253,0.13407846123356668,0.016397613936138016,0.6078068235051408,0.09032566555386544,-0.24696524913719226,0.23885885297542722,0.06628806033878261,0.12388957505012164,0.2349608083468152,0.2967471647955248,-0.021413237468245784,0.08779988573793164,0.016118356804603447,0.13388933275190193,-0.17784412239038125,-0.27484378557203937,-0.619468405671688,0.26551697640957556,-1.5219649597469176,0.5411540900748705,-0.6803675634833665,0.4829841795856779,0.03336100576825266,-0.7433891574330831,0.24095319626448966,0.08145244820310286,-0.4384857968078701,0.3740927400601869,-0.3223657591044495,0.12303591116970893,-0.22674760655534498,0.15465320354349157,0.01364677610915358,0.03193478616790582,-0.46697021288950685,0.3164745191959703,0.22299406420935455,0.0868700176828163,-0.07470486297427911,-0.17462550449432107,0.8837143555937722,-0.733418930189995,0.40716207189361975,-0.36946622774216936,-0.032883894846137976,0.18049718127218792,-0.504415596573959,-0.10520339171409687,-3.1611087136733653,14.892995755130743,-7.370101729458502,5.93749709484836,-2.124483932032388,-0.8735976988342178,-0.11498032437528478,1.2706485376294976,-0.4339966269246828,-0.3980621576897558,0.5709491547208141,-0.5269983367298277,0.763736847458681,-0.864873005772272,0.1409411564872296,-0.5483298893103782,-0.5131163199009676,0.3065648872181967,-0.639666394457405,0.28535892399292023,0.05710410427379747,-0.21314161306671067,0.5950496436915921,0.07625072441230041,-0.5149294738205692,0.4062641134613445,0.28176225844908953,-0.11775784106976171,-0.057228182600039465,-1.0723126132231364,-13.03731149478054,0.00928133892354607,-2.7026721662286253,3.3827320602827973,-1.2683925778846477,-2.401059591057865,1.2713742042597698,-1.4630549501733452,0.2740100209560856,-0.22946906107905318,0.10852105078271068,-0.4999107684254877,0.36324654606071055,-0.32689846795761257,-0.39332568698562426,-0.2749963881184787,-0.7820613466577763,0.6544798989044438,-0.026121494015213874,0.11118858234258977,1.157921114811086,1.0710262072541488,1.261102391147968,1.5999124847486563,0.2088286756623488,0.07794499789608611,-0.03879592001719607,0.06597544299531657,-0.007573647723181882,2.68131968360559,3.8192302402685576,-11.139362271623577,7.389984260666001,-1.5938806023115402,-1.5130665897681437,0.7274465105722381,0.6173527339133721,0.8018879517670354,-0.4403669036254851,0.5146288072774374,-0.5163432449038089,1.113885406891671,-0.6906909942646972,-0.8091898617972989,0.23408417511585772,-2.1356088223760694,1.0114287110875706,0.7904904869543237,0.20953704710509227,1.443573064569868,20.272030594151396,22.641009776931263,21.72025136299695,20.957279586727037,22.203328224170676,21.030177826130164,25.16552594217573,-0.23126496697450527,0.8455780671116374,0.033988908955369546,0.6351456602239964,0.05509392923349443,-0.08901614164272542,0.6748497222468373,0.5241995382755708,-1.56116115740021,2.6980634117204563,-2.0340553346101293,17.5098491810094,24.114171883093736,-0.18735589145989456,-1.2612879412949352,-0.8448313293773583,9.915795405491417,15.183980487466608,10.577622960694068,9.699653338391794,7.675154114578355,8.042990102627037,0.8260536510491575,3.4285338995830372,15.423708799853111,10.651570262692562,16.258617409376182,-9.822624443994833,-13.726190227336327,15.841430083936148,7.4299089542596395,-20.64065891499281,-10.187854413985924,0.593518597531216,6.442007647165449,3.233740684829357,-0.8388838016891234,-19.61251706091936,-1.811634172900074,11.920125841188401,-2.8828719801082276,-7.312287774425448,2.5062676740032344,5.234306366087605,-2.920173472371912,-6.773769311310827,1.838879651616105,1.6269366597815156,5.883713841693773,-2.3531669288841157,21.3023894658158,-11.86489080070774,2.9753601141733124,-20.232104472867793,3.8292867265665387,6.561743039797903,-2.5328683769410754,-0.2765355555476376,-11.994000063077245,29.83846121312191,-33.602113387041136,17.916733379246708,0.6999834644986289,-4.409994348669885,0.6821799058740062,-3.444190719045143,4.286038488708189,-4.625742493471923,13.360181837023184,-1.8100255826172467,-8.058243043955846,2.600140208251394,3.496147093472785,13.726483583747124,6.805951139238746,-10.462806113686234,6.879403768688531,9.44013057393877,-1.1330048749039274,-2.4438768308218792,3.6071401803393544,-2.3647826443157993,-4.241761019435328,-7.3520101949615455,1.2193298069773009,-1.9506878520898066,-1.9164522097197236,-0.5487186603479716,-3.886492642572099,2.0338794293578286,0.9961340558765898,2.874324800724714,-6.051221779499358,11.766965126078578,19.55463696798276,-9.523753766825708,-0.5583285895858987,-5.897686193299838,-11.717697692327842,6.818256283625986,0.35332174479208994,-24.922235189103485,-1.9996915489627607,1.468025536841151,1.3349150892854178,13.364041737812338,5.533085311811128,-8.235510852631586,-3.1866286014770213,19.401591153818693,-9.425029093116928,3.621012995077381,4.33500420981928,-6.321777025371115,3.272903203071987,-1.8716510326321432,1.0765062456383307,0.4914421923324139,0.38702857112966027,-0.8432699256620364,2.425135348867457,4.488974334951877,-4.426646447811457,-17.93634567923244,12.272475314913756,-10.043788557635384,0.9160407059557139,-0.6099383671133148,-3.261482328345272,1.9304137799374295,1.1378652356773822,1.19611303124026,-0.7621619056154852,8.274224306946959,-3.3566747565350816,1.7611054898262373,-0.2460752466629341,0.1790388438236321,4.624588957711283,-0.874334711799563,-2.7087134312427916,-0.3405457009116739,0.8550929915065139,-0.2284686565546456,0.517094506691567,0.19842355932928749,0.0831861586531689,-1.4895630848501016,1.5746853829960206,0.16975248086964664,1.043448809469422,1.1245660979839638,-1.1541273936375733,-1.5300087888748584,0.4935214151503349,2.718999980721125,-1.64254415725977,1.3687814190106906,4.313712208478249,-3.6322922548982834,1.2835198173237328,-0.7339585533275789,-1.7618870198119279,0.1269137617655921,0.43706942228013723,0.7301261159977295,3.6023859719217413,-4.942600139559315,3.4961108501092046,0.05023015209371143,-0.14425250521579155,-0.4226859824517275,8.471137211419721,7.354712349504239,-4.905791225871245,8.308500886515679,0.07128152568662006,0.4121264466266461,-1.4911302148396053,1.2104521937732653,-3.737169476029886,-1.272670145119502,-1.9237084632056947,1.3229070948062933,0.8715844096534006,1.965270472536846,-1.7430912238430927,12.154541734794252,15.06307806540408,-5.469535113002552,5.487502012527255,-0.6257845561895631,1.6149586110398435,0.6215753733579473,3.0346226514253662,7.02771822643296,-5.715074128535341,4.202327045466627,-2.8801076570412896,0.7875288400247424,6.06728741780131,-2.3150328704830776,1.030903516684617,24.29771801295514,-11.45813994168451,-0.640150664424383,-1.5324781360868753,-1.8192003140324993,-0.39978972755571535,-5.444553141215554,10.38668430941996,-3.645372697743378,-7.146109476678273,7.522232316011897,-0.9640617367269764,-0.16164902072814985,-0.6490654546690411,0.7259476392555139,0.260514299619547,-0.5592280355697963,-1.1622781703511442,0.32857245193574036,0.22513384700592928,0.29925676472738866,-17.739484702339603,1.5111598016726575,-2.0000927055764124,1.1645756102899114,-5.8138637030950635,-2.555372658959339,1.4397696536388036,-0.34192213017603623,1.084499529003009,-1.0565322438560665,0.6924618843570978,-0.08073418386989012,-0.06270249407066657,0.04552198175416074,0.19699683612397223,-3.4234580209913483,0.6111517130456902,1.4809247908366119,-3.2593874633780198,-1.9715600737468346,-0.5785957578450199,0.1197286137134552,0.12033959771423708,0.43420975678021495,-0.7935243548757939,-0.0174632228598331,-0.22083569341646767,0.8663120574353594,-1.2094157804832986,1.0949310506842944,-0.5286483676333718,-4.869136432887256,3.671785094503037,-2.689034900697784,0.7909807597747537,-0.13910847917308508,-0.21286957982110885,0.07656081858478532,-0.7037585622870073,0.44727704529260254,0.23540642956569482,0.06423071247181761,-0.524380191450241,0.37488128482579786,-0.15290750200084507,0.21750497429664964,-0.1895680947453173,-0.0269196550189831,0.11580848473550169,-0.3674759893709104,-0.5269877845049488,0.04498219622486746,0.34432867232785686,-0.08084230544102479,0.17981121903675568,-0.2114306009335323,0.17509900970187892,-1.645454614682153,2.358762274906779,-0.8344555612390085,-0.36024479402943715,0.3293692187349387,-0.32494228305010564,0.6518621777366295,-0.545918161850993,-0.4269089556622759,-0.7652551235745858,-0.3821665941895596,0.19628722751804276,-0.3971633620798932,0.09483885028567915,-0.5683552583627939,0.5478098360278366,0.09549193476577789,-0.016186625432527232,0.09337542942979085,0.0441967756235328,-0.5367214265085706,0.6089288388601531,-0.45633455470182205,-0.03283328564082499,0.17629547565506007,0.08733272900367253,0.17449425796122825,-0.020087811279960448,-1.64230135285101,1.1764090548138777,-2.322147643773665,0.609495623751766,0.8277720009100525,-0.9341970750125584,0.202175828972272,0.06073317945005963,0.001953663341621191,1.178608130909582,-1.1226117274033167,0.4217266738570516,-0.2589360652484945,0.0977038937141273,-12.373614850535043,2.4639737931840116,-1.719449314956104,1.3149311584200187,0.21023185716715448,-2.85021347376483,1.055080127674262,0.591224633509088,-1.0151422968637316,0.12584840858328672,1.5925649611293573,-0.3857533680976046,0.3600990731480272,-0.4941697260165005,0.5741952959973479,1.8646652823887842,-3.8737638212240166,1.0687100736854704,2.210368743630674,2.2482290661650914,-0.3270315227672545,-0.10759276719430978,0.4248230028689307,0.024683520368060978,0.31640800479430875,3.811496872704095,-2.1747860013320373,0.7770679128478684,-0.1266541911400055,-0.10987076771850895,-17.64116453087415,-1.2827043652929122,-1.1994218173450057,1.2135446795219504,-3.8798085954312804,-3.0610160249309013,1.6361452977328839,-1.6120327283479992,0.13463336974372964,-0.5551640989137,1.197327991210715,-0.7156013894840324,0.31935612453511303,0.30943400798978177,-1.1661445598364528,-0.18193719556368976,-0.2584007844191178,-0.04720342116391788,1.6909255411991346,-0.4998478437104346,-1.8618586201779044,0.25737578069263095,-0.7200359528129918,0.3285716770446405,3.735208526678491,-1.1040561823899164,0.36202469423378025,0.47949058590128085,-0.08173325737726651,4.529860509639631,20.296765882429362,-10.702569661274477,1.3368981049398183,-2.1018171079406716,-2.347438225661195,0.830344057815018,0.15011097483368166,-0.09770366541900642,-0.02849653450732471,-0.7203341049748244,-0.5135894988880254,0.25010278666970004,-0.622967869662812,-2.8183729094432883,2.76224325211466,-1.1780893560016785,1.0931281166819995,-1.7098140570270566,-0.29179665437562363,3.392954333736066,35.61969800551197,37.67531534378687,36.13654820501027,36.3313450833742,35.39464004422094,38.69007068630613,33.80883838656327,47.57223897173128,28.552527315976242,30.10364562705309,18.68954779638906,20.986036397850114,13.04409457796886,41.14758459940542,28.020382225057553,43.818723809975374,35.32664019999028,43.440885774760226,45.88809281786256,41.72103328973577,-0.24429356113518094,-0.7802114110475565,-1.560740108382817,-6.116424432063636,-8.297410250673769,6.034770692743743,-0.48207912182401946,4.506399100541629,-1.1758840682272276,1.3853376855901807,4.844392690921417,-1.8980334585784144,-5.6476663404568805,0.028811352254913998,-19.67117559185652,1.5965209915919463,2.207071985201998,17.209047146870848,1.4554611361881382,1.4956902997605948,0.2873253089152488,4.072726316576848,2.0774487780125432,4.53814249186603,18.02698223607213,-7.878350136266567,6.267728982260854,-0.40903092596254426,4.379853476377099,-2.4210402944888587,-1.0030765575981482,1.2824333299381017,-0.7786732693858234,-2.44375763216112,-0.29506238972095683,0.46679350708132017,-6.282876455005368,-11.380524447731773,8.158842552132493,2.8761027344935473,12.113420460907474,-8.940158020285992,5.063366108837223,2.3612631340871686,10.147162927229326,0.32847776144801805,3.014953105443114,-5.291585095099329,3.112734710828961,-15.600539473297662,1.2364485798591613,0.347332622741298,-2.446579452239132,2.1340200183971714,-3.673960071724348,-5.474963474690918,-0.7829579535920157,4.960597826357752,2.0810948562542704,-1.4000959210376758,2.3413176190491747,-1.1859262806409865,-3.6008449659735353,-7.051780925839111,-9.127362846836728,4.396718871833055,-2.13585440474166,-0.5695064206620166,-0.11415873435791993,1.8941583920233338,-2.027350929042494,-3.3625434607553406,1.9010919981461887,1.425355392615365,-1.3616860212370308,0.8602792907150679,-1.0843691372078847,3.1755719515200433,1.435447398385282,-6.569913771283683,-12.236704369692205,-20.793643643600028,2.9416339529916704,1.782064968561479,1.8180451889113758,-2.3143313486931154,4.170322577768007,4.7649574770283945,21.14761212008803,2.6483874005617434,2.4462613635036554,-1.8870066558274103,-1.9379875544010243,4.9688472763526805,-5.0073269466670265,-1.4716814143974282,-17.535966415320793,2.463287182608578,-2.7311586956146328,-0.3472074297586089,-0.6585501820666407,1.4078973852689125,1.9307683503582609,2.959989220522469,0.3225619959286443,1.0967548628735637,-0.23837331375716198,0.941262822935199,0.2272424861151345,4.383695355781043,18.84093560687759,-23.096125494088177,7.999766621241207,-7.549262665262305,2.665311373933003,-1.1189200782092459,-0.013455684301295325,-1.6438323788936502,-5.898984088793122,-3.527207567366164,-1.9609864913732618,1.7729271044446355,-0.10519170604138009,1.3391239849049956,0.6051276484949801,-5.947937352126021,4.087972904409617,-2.76313909597653,0.38945813980200544,1.2528935063241544,-0.3193580804696936,1.127229158095774,0.12125918600769117,-0.690961257741253,1.839351579053122,-0.8677757200642079,-0.6857037711796634,-2.2024001141374496,1.2906548636578767,-0.9370724728627801,0.607911085975069,0.048843437780918604,-2.3962092186539086,0.3326713619236065,1.730785435176197,-0.08612099648344039,-1.4708966619520676,0.8078554499918442,-0.8828687240964056,2.214104896391712,-0.7417629548015412,-0.5228799110045254,-0.4750105188793697,-1.907819537714987,-0.09392312919437673,3.415126457394443,-0.8377877226913222,2.2812875283622582,-0.9206543586021242,-12.828548429061222,-1.207892396400957,11.75921030326581,4.1811397321275345,-0.2670162702577629,1.7214556081741672,0.7882808106691476,-1.2137543458263336,1.9131732108816077,2.240674574024058,0.5776125960768355,1.496121861874853,-1.321863136079328,1.259392167044288,-1.3501062034623041,-18.26109968335299,-17.89703280246296,15.07292873632034,-0.4009784095331329,1.8627589015776769,0.12979633481808178,-0.3986865758559164,-2.890707275688825,-7.884572493500026,1.023039057592683,-1.3905307198315486,2.0144864161728675,-0.4255601386696913,1.1303689498824487,0.5898633539904026,-7.8878102984802885,-30.606790302882985,6.876286420369163,-9.11351300039941,2.3702378728705855,-1.2026537846327563,2.4536058382698567,6.658522030664874,1.0415278458647321,-0.5531784816136494,-1.7197983299536774,-6.846581515124417,-0.7742927122108542,-0.0014352368266084305,-0.6947018515421985,0.6311004785793904,0.48914665877707864,0.376000811498795,0.44446446352617774,-0.1545091625795196,0.4128871090074336,-0.6788370418391919,16.412312912922143,-15.108701962548393,6.3386594862255725,-4.225492675981965,-0.8845812093423531,-1.3842814768904406,1.612475605533738,-0.21405555756652095,0.37069393678411944,-0.6825931916169442,0.6575711101172735,-0.4634150444299277,-0.031376525101923486,0.005333129767336395,-0.1744293926250525,3.3360869454514415,0.5055570117662013,1.3895808995013248,-4.400531612056257,6.136189317771658,-0.90432495900993,0.27107049874426825,-0.18755520088900277,0.4796249521341809,-1.088332115149141,0.0022768466114114084,-0.15940325785509507,0.3657487605861512,-0.028693701086557152,0.17880056648001455,0.364583889457443,5.808986332772589,-2.620768655543636,1.0632873231195494,0.5994432553068753,-0.8419758394580127,0.751114430572762,3.7746209023283206,-2.141185475676491,0.510402427165185,0.14463807229400907,0.32166436512967245,-0.17402456484951956,0.02166824814503549,0.18014873584744956,-0.4191838040001038,0.25639686163796194,-0.29992616148406787,-0.25993372467338927,0.113230460309362,-0.15501278914271463,-0.0765656038821064,-0.2682010764866075,-0.49905431626240065,-0.06060852845915103,0.12034563765043946,-0.0007733432200397513,0.4119098169242822,-1.5334529943477448,1.124792938199398,-1.4084929721903556,0.8854657296646861,-0.10503197398471598,-0.5528927365493079,0.45316411017891456,0.4953642426165432,0.5737924937075382,1.2588269942939654,-0.6561908965064249,1.2406453548002119,0.7024082674386003,-0.802912759241088,0.47106285696370115,0.21090069861725988,0.18190372346118358,-0.05226152009671749,-0.4526524796244902,-0.051969242800058865,-0.37089396902797167,0.07826740179615903,0.12579282683060114,-0.20276619159361092,0.013423187536184175,0.15082964766720738,-0.14817991679533804,1.786633470855796,-0.677506236464033,-0.0837890113501027,0.22672549788827603,1.2820866147463248,-0.7555831742883304,-0.17822196672729573,0.04677838004882575,-0.22852146564686654,-0.4711647315704907,-0.3405958774662714,0.32641097678572123,-0.3620647549776534,-1.227817694965242,11.811857735690827,-14.45918080875036,6.2904026911500495,-2.7226577496064093,0.5443008462437099,-1.363913021208421,0.23030948035286034,1.0790722131171266,-0.27084926718399494,-0.19484469360794116,-0.9537700241435911,0.7042323813618248,-0.7141020774850194,0.6027812811709157,-0.502922150340788,-2.862209172090351,1.141064558273237,-1.1992216505749527,0.6495711716846115,-3.0147220878828955,1.3037684609898785,-0.431740755189536,-0.054035198563186705,0.14778804354379899,-0.09585617113869573,-1.0101456620441986,-0.1463600009036704,-0.13193116229429186,-0.17577727015022132,-3.1347551905063087,24.269851452791233,1.0883562614556224,2.4785310164521484,-1.6102669425729323,-2.733929035144103,-2.121788948623821,1.7330589213170213,-0.1901593893107229,-0.38568592348224173,-0.16753929694110367,0.3547865696040763,0.9890278813459207,-0.49893576876393564,-0.25142089659846445,1.1925553956934871,1.7838875757265427,-0.3669700911622993,-1.0028672307982427,0.9692575398767852,-2.3103078849263934,-1.1908136998834375,-0.9530610411499124,-0.6486221473369621,0.7329129599787669,-0.3982376496690096,-0.2329279925433069,0.1070419367714865,0.06076682240697669,-0.05852857595724165,-3.5277182239000746,-17.591516274754326,14.827949597430612,-6.80616203906577,-0.42266725946319994,-2.3332469719544573,1.5427296567681223,-0.0026776811948515424,-0.010501548443161274,0.05042614189765092,0.5189130825170444,0.5890769479980672,-0.6267515939881536,0.7423363155170171,3.0401859216498175,-4.530264373967374,2.244701734501782,-0.42371509580731237,-1.6344290020761445,5.249741695273018,-5.599891821580116
40,-5.83985610418438,-5.185799081481155,-6.097925060115488,-4.965763400232329,-5.770510407153916,-5.833992023954296,-4.845954556082547,-7.387939851118627,4.644537102611473,-3.8435767970655927,3.4782578088753064,-2.186555053085242,-1.779773682901256,1.4469635585964338,-2.334517955941012,4.7989360032370385,-1.8412081747319662,5.309073794213132,-10.131059601245234,-11.688797022451787,-0.1758553519422069,0.01655958963401394,-0.6973176000661587,2.241654641338472,1.043967925033787,2.537048387146404,4.391891775265122,-7.4824993383314204,2.6385484048959422,-13.40503627923406,1.334108050236893,-9.270567697307376,4.413803374821661,-2.343136932904502,8.719056117914404,3.3948276825691948,-4.21472744949546,-9.998003381489248,4.935534855904702,-4.4032887635738795,0.005506543952711034,0.9730562451182405,0.10050637952108821,0.5982718107850553,-1.3275455909350626,8.473916402628324,11.820892921080382,5.874165708676178,-0.842810253266847,-16.525838058778074,0.24320222587874288,-1.3325241703770705,9.056576493421407,-3.9883043005483048,-6.158186035693196,1.3102142376560963,12.092128478358903,14.423073236050664,4.35688352207143,-0.34836108811008515,-12.664262381894112,4.062060171588744,-0.46672106643771694,4.25299817026852,-10.722739579871153,-5.074583625855366,-6.139110470323464,9.57653855694146,2.8186583731667616,10.160875067733798,-4.999495346697299,-0.05487866496450769,-1.2897808949393654,-0.49098943482683355,-3.066807280307488,-4.330929777943611,9.557022357472094,-9.975503246495602,-9.45002546490531,6.384732569182195,-4.175378411000633,-0.10181617875994567,2.0362528134733817,-2.2694114112582917,0.8066481777611983,19.670683640793964,-1.4491515750183765,1.639734683688037,-2.2220800432058483,3.1341560883320074,-5.283343747829185,12.458624559867557,-4.47261563295535,-13.688081441139179,5.925705208085673,-5.631599934652531,2.350718050562578,-1.9376400169305257,4.719767556265715,-9.833644609209262,4.8174772042581795,4.509706184347779,1.9851042476650003,-5.192788978185827,3.5405554416611804,-1.2039022330870155,2.510371428596239,16.41560272948326,-8.274171609214045,4.3052295638016265,-3.926717915357717,3.1709092530436185,-2.5258177007816616,5.677781318060371,-10.740385340427794,-15.871241339874095,5.704314461262158,-3.7435985405293977,1.026975517689094,-3.4289078665033452,2.225356706409233,0.24092540397353265,1.8060533864861859,-0.7005799083447883,0.012407664876601835,1.2632526059630875,0.4122756361283945,0.3918598014652291,-2.0608876655070714,0.9998166164279841,0.8015721646647135,1.5386823096142193,-2.0179916061206153,2.260846976035467,7.826604649355042,-1.8943656180529431,1.44026330548812,-0.34337221994221734,1.20422180755471,-0.2555418639330895,0.6656558430554742,-1.514858956635217,-0.801452350282635,0.4386232597833104,2.0060610360388336,-0.06592332025825168,0.1730240746594562,-3.6149972412962312,-3.0965899586260197,-1.2397993913622634,2.338625674372512,1.20276832102591,-0.500385598063365,0.5974999291453228,-0.6146964957807335,1.1633529572133139,2.171971070927698,-2.999880917608962,1.074336817555286,0.3937154948993786,-1.6013198345990143,0.09978304524130324,-0.09029581352191951,-3.7543512804419406,-11.889053504724036,8.191094795946407,-2.335268343530966,-0.09143899038512193,-0.4884423125799749,0.6907640864653669,-1.7272457956992675,0.10002855482056192,0.35550389413249717,-2.5010880906481803,0.5095216470158744,1.4443679643006448,-1.8401021811321094,2.88047822664375,6.858251062527575,-10.224689264936165,6.240229156203381,-0.8542520178839246,0.7385370248357711,-1.9668612487113968,2.6235702660131754,0.11636650211650276,0.41958484650037714,5.668186323643459,-2.6470281064988126,0.5512738266653963,-0.04327511652431966,-0.6861089051415076,0.07180248054229307,10.6901635373932,-3.197720038333809,2.9036519729284267,-1.6658654687756616,1.2034043737956803,-1.2073654142062453,0.7993306938646895,-0.3422276167684032,-0.242421775407527,0.7079631678932924,-3.214219345665001,0.7806136491847105,-0.41117135951056355,-1.6820891696176636,-3.719339063241374,-0.7873238737792662,4.680651261894341,-1.6667109374265223,0.18827504816069207,2.753322746897931,-0.19452244886162892,0.192715870275691,0.2329413410535357,-1.504961439315974,-3.3053181613096076,1.0597380114371753,3.281576721406807,-0.1370142059769223,0.4626622814158436,0.22384239339784448,0.11343170664210739,-0.7611079660037172,1.846422164317535,-0.34171458784579073,0.09934117527098736,0.13331121611616123,-0.3377617645456435,0.470698500436617,-0.07648611186620048,0.15257266590331936,-0.07311893447113879,-1.8445785854325476,0.6219019853726393,-0.5546045322121882,0.13309874498824673,-3.0872690642406546,-7.918417296476344,1.3970408658928708,-0.7090021986415729,-0.8808768785250642,-0.30586595307899983,0.07419236712087639,0.8604123080828044,0.5627332104007939,-0.28064195381349905,-0.7752551518149029,0.3971638852659353,-0.08894448625500764,0.08823369975078797,-0.026285322975516986,0.26260825056026676,-1.2410195299138336,-0.8375713125402959,-0.20535884550201516,-0.9510793647267639,1.2776585129355271,-0.5708002352037734,0.23626777085722858,0.2085698097658744,-0.20335310794594463,0.028596193051237957,-0.6392133754576668,1.3276373130525287,-0.18214148147709647,0.3956041200449641,7.275639564630374,-0.8807656838214369,-0.9963797490248429,0.5574930007154797,1.146665374884556,-0.34818359873913585,0.11720237379712051,1.4949661984677851,-0.710664742944813,0.21025090839709104,0.6977779529859632,0.3305502655190771,-0.1689076430764168,0.26243094435850844,-0.10358728849203727,-0.2187404048357639,0.6408253892580132,0.10388443739458393,0.41229111125005663,-0.6603254608337652,1.862248034241131,0.3488277507848137,0.4135605814219913,-0.9145218111009613,-0.5583344863750952,-1.3033273987856462,0.9978106729880143,0.06789819497360866,0.07775590957849052,-1.5410451553623654,1.0979033009562313,0.5886358986783442,0.5799167777115932,-1.2117412182987317,0.2351671366308631,-0.4317383482367297,0.7688400890204875,0.09923553489137114,-0.09466791937161334,-0.0688954950876213,0.5089830360190586,-0.24328261733988743,0.23739967797773795,-1.0609455662771297,1.7253731877024345,1.44089576010863,-1.35564063071849,1.4502517582191372,-3.2583147333526976,1.6285861082403075,-0.73780727078332,0.09715952251533774,-0.18080592911703197,-1.1930973144319041,-0.5587012844467385,0.3383242003833174,-0.24324341382171333,0.17469051350201478,0.6929597114535658,11.27252132418932,-3.4338041831434283,2.0890527494398405,-1.708575635824047,-2.9978944800754643,1.594999982598947,-0.6707287841848568,0.36185052908442833,-0.07264797312460118,0.8722564196041234,-1.0046711500210546,0.41369506683422397,-0.3742635550233282,1.1116986922345684,2.335155930910902,0.39265690041266954,1.2902355077685186,1.453075987157349,-1.7019984600362106,-3.1607849037195788,0.6999744191862856,-0.8014545819228083,-0.05969813858856923,0.09913752108272761,-0.29809071756372413,-0.0037415741609464256,-0.24878160897657436,0.02491265629485299,-0.2713806756104189,-4.059106996614186,-9.594921430821723,2.6325266092700543,2.076150617106766,-2.4373940489817363,2.140869222693763,-0.44350673923818995,-0.04476503433151758,-0.632806028896014,-0.13455879591748182,0.6025998561937698,0.6386187624559176,-0.17832847316953077,0.016501065100660503,-0.22461860111755627,0.19841683715874545,-0.4769772223993033,0.3385248554327009,0.3402996049067027,-0.8744545309458678,1.0637604604404987,1.1420464066711602,-0.345284745459621,-0.09451559163977252,-0.3793236337888627,-0.39676015594479785,0.43444925325675665,0.18067708431742854,-0.35458287558198653,0.5512098916561277,8.580001980073575,-1.753038333708996,-0.924585186807646,-0.3452058253918524,1.8292810690210606,-0.007902368809830165,0.24637924330428487,-0.4167720039978512,-0.3739586572941278,-0.7177500879054544,0.2057719871065554,0.027905728774066708,-0.15270542349025054,0.2147526838819426,-0.334355886207904,-0.5374337205567259,1.447985948575532,0.9444304755826559,-1.9476926737246787,2.285872297752373,-0.8029560420609416,-0.7787555099677607,0.8342307435000895,-0.6661888673128731,-10.162947174154333,-9.978332092276919,-10.589010182103918,-9.803653923370032,-10.839800551890304,-9.392698720675758,-12.386537476537264,1.4876531609834915,-3.499807281210526,2.92193229759782,-2.60671071621147,0.8271298856263114,-0.7738283070272742,-0.12961089870629022,0.23729278157657713,-0.8363030136045259,1.3349367456494383,1.363698097507366,-4.272028960418878,-4.725151544550056,-0.13016791687724527,-0.09771060211103111,-0.6850866598909657,-3.9612026396764524,-7.919631768574995,-6.278094013558681,-8.56444064460205,-4.064725193394523,-7.33030074461058,5.15283346060687,2.3076312338207328,7.720778710856761,4.7754019779901125,4.9791892770458945,1.34431127764959,-0.3513404665257642,0.48974727949193286,-2.7459515227319358,-5.412823454276757,-4.929250233389596,0.035571908994542135,0.9389666162245115,0.14814900939232623,-0.3215506186120716,-0.277687179176379,-19.160505213752415,-2.423918454047116,3.8424579138526287,14.584866260742897,8.068052032261155,-5.04559866330047,-1.5513918825382431,-1.8629930599373072,14.803770281779169,-6.353227924278947,-7.198141788214963,-23.347794968268094,0.12420388189650217,3.5246590051752404,14.221035473204124,2.234743141114821,-3.8233182973741293,0.44212473890834536,8.095330653483387,12.866239662587066,-5.725873388752429,0.14613272368003646,1.171469015103005,2.1098040664378694,-12.738717517540803,-8.1615280427065,0.07914697939077857,-0.3924080811152512,0.3623030300014948,-2.8752226435859285,-3.843066494942284,2.747580900593993,6.392378437755016,13.016772060873658,-8.179173427823345,4.629422910848432,-2.0254591346499966,1.9269659637667085,-2.697377855168823,-2.4010331263989797,-15.883663343428138,3.663214398924476,-2.6800393106779965,0.5865062444921828,-1.7679347929667069,-5.76386095454899,5.155424538068352,-4.15912817814012,16.912322441573718,-14.699339149770513,5.025702987467664,1.8342894141146042,1.0998003132916307,6.56434792892192,6.750777120726045,10.776921523266191,0.830744495192175,3.21398518716736,-2.7165916513430597,-1.4757922030553627,-2.2571898020534866,-1.9862724097956328,-21.000975530561114,5.200546386338879,-5.061244852787991,0.3754786131121981,1.1377293797272658,-0.9385540494913422,6.713577421796029,0.619126645346838,12.136044921079767,-10.186279895768978,4.127830485083095,-1.6375561602624926,1.95323007194023,-0.037650064591764454,-2.3672228510243203,1.8685542033629527,-1.6627937298585418,0.11135348293351718,0.4123359503435302,0.46556819058412446,-0.19986068258453188,0.7263817324368153,-3.177206758969377,2.397873077474424,-0.2040479178472844,0.5604000683920188,4.569147227082768,2.5302978375360095,-7.20268512863638,9.608243837590523,-2.8462116811471145,0.005181380853863923,-2.6281390559435267,2.5140655288655185,-1.594854085132924,-1.5314107588370651,0.32868396292911756,-1.2497172289956822,3.6057030510063064,-3.3478824881471474,1.1429521603057575,9.174445230969612,18.792903760619726,-7.801191035421997,9.141049033883187,-2.3620833239060697,1.817524073726184,-3.503896992392979,2.128698502288578,-0.18773268321270517,-3.648508086060948,0.5966039684860179,-3.981506203191443,2.9382170638153324,-1.9108491179001048,1.4363632474708135,2.4122349075040934,21.420357296098686,-8.786402144791566,-5.095346746636052,0.773646208640875,0.060804060594046076,-2.0092800360242618,-2.6060430335153164,3.3648412177526863,-0.6054640464430348,-0.49563470996144615,1.7739820900885013,0.023453260234653626,-0.6000440274175723,-0.29802877064080163,-17.730843557655017,3.937255515208294,2.1027912137847378,-3.01587278512848,0.6695898328879741,-0.4656040632447917,2.1619804332140937,-0.7013188565292938,-1.690533076702334,1.7699122518643948,-1.7801854500091499,0.6168952580843226,0.08391775572479852,0.34465545909986867,3.8937296968923114,-5.917669481782517,-6.264013431767945,1.6727958829225982,-1.5724239314337247,3.0947030579166865,-1.2044870997819421,2.4366840066922055,0.35011501551062646,-2.933705216030081,0.8191888342700242,-3.996061622084286,0.8311606611564437,-2.256820412372606,0.5918564705425783,8.324727877030975,17.701643934611663,-5.116628173974822,6.916446542227965,0.8050208928400825,0.5139047092770423,-3.1339592345171563,1.7381029473630123,3.257781989090326,-2.1433851370155224,0.7205256429468798,0.39657435392431845,-1.1313764223180924,1.714394601776518,-3.3189778254366855,0.1459642778485497,0.04630770717423317,-0.4575551572277318,0.3083247508979906,0.22299406420935455,0.0868700176828163,-0.07470486297427911,-0.17462550449432107,0.8837143555937722,-0.733418930189995,0.40716207189361975,-0.36946622774216936,-0.032883894846137976,0.18049718127218792,-0.504415596573959,-0.10520339171409687,-3.1611087136733653,14.892995755130743,-7.370101729458502,5.93749709484836,-2.124483932032388,-0.8735976988342178,-0.11498032437528478,1.2706485376294976,-0.4339966269246828,-0.3980621576897558,0.5709491547208141,-0.5269983367298277,0.763736847458681,-0.864873005772272,0.1409411564872296,-0.5483298893103782,-0.5131163199009676,0.3065648872181967,-0.639666394457405,0.28535892399292023,0.05710410427379747,-0.21314161306671067,0.5950496436915921,0.07625072441230041,-0.5149294738205692,0.4062641134613445,0.28176225844908953,-0.11775784106976171,-0.057228182600039465,-1.0723126132231364,-13.03731149478054,0.00928133892354607,-2.7026721662286253,3.3827320602827973,-1.2683925778846477,-2.401059591057865,1.2713742042597698,-1.4630549501733452,0.2740100209560856,-0.22946906107905318,0.10852105078271068,-0.4999107684254877,0.36324654606071055,-0.32689846795761257,-0.39332568698562426,-0.2749963881184787,-0.7820613466577763,0.6544798989044438,-0.026121494015213874,0.11118858234258977,1.157921114811086,1.0710262072541488,1.261102391147968,1.5999124847486563,0.2088286756623488,0.07794499789608611,-0.03879592001719607,0.06597544299531657,-0.007573647723181882,2.68131968360559,3.8192302402685576,-11.139362271623577,7.389984260666001,-1.5938806023115402,-1.5130665897681437,0.7274465105722381,0.6173527339133721,0.8018879517670354,-0.4403669036254851,0.5146288072774374,-0.5163432449038089,1.113885406891671,-0.6906909942646972,-0.8091898617972989,0.23408417511585772,-2.1356088223760694,1.2203410649622932,-0.44277770083915696,-0.38868449961680157,-0.306208092220101,-0.38139233739320777,0.2198639917164425,-0.020889885522005755,-0.5722015954799351,-0.10295022047198714,0.2030571216809344,-0.5505547550907722,-0.2196598028900393,1.1418301100916366,-6.260742225975603,-2.7457234527300924,1.0517648428525004,-2.102592907174646,4.9309268321758495,-2.596520586402434,-0.2814048317586811,-0.7242914384636621,1.4344752683288187,-0.5810236730014577,-0.18360402942188497,1.3024270695349351,0.3946846472899838,0.39714624997967296,1.297004461088798,0.067396419552523,-1.2884937023606353,0.9674130566842513,-0.5769199220596463,0.4758074781326203,-0.25804876657688497,0.3836971542912209,-0.7933730812821466,0.2838457919345273,-0.2265160958109648,0.11313953954140171,-0.07066257713977148,0.08326734609307916,0.9513800133131913,0.988266521529866,16.503744060151256,-7.607071178392643,5.83796669031163,-2.5435060187824714,3.8638761770359236,-2.046411628705482,1.8269076016645585,0.3766337840044759,-0.27848371242840486,0.05354478080503229,-0.637901304430768,0.8659850958355232,-1.2365982169744547,-0.4759999071618809,1.6423265102059867,-0.32473755183334946,0.8040879686632814,-1.4095358902781723,1.1627328301609476,0.3110602159587373,0.5893005973182736,-0.2013215416899807,-0.5915807631988926,-1.5639574730297652,0.21100744938949378,-0.23701120043976864,-0.3603412395770237,0.40349886142802815,-1.036464054239276,-17.70346900898234,-0.3704893009457113,-3.5667991957613614,1.3971861377011585,1.1181598497852219,-2.682687048531505,1.1144145960299512,0.04768590682729941,-0.704315861188331,-0.2779685760933308,-0.02486050788489327,-0.43804468636206123,0.6463174138091743,-0.42973796817023063,0.20253926404213377,-0.4433551131985376,-0.5135679489645855,2.5746872577104702,-0.4343765525182323,-0.23981092107941748,0.40228659568832603,-0.14841498108216086,-0.24624430289112353,-1.8651111697400256,-10.373184806786954,-11.308135458395675,-11.702806891171612,-10.430352736640852,-11.817153235246241,-10.9774315203109,-12.355337001492545,1.9540183343697055,-2.622310268147509,2.838264547318002,-1.9125833911817172,0.5225734628470833,4.64377892560223,-2.42101325698405,1.722279307031004,-0.5800793179587078,4.918725750672972,-2.3729404507632017,9.361829596747587,8.836054639729493,0.0421756113877229,1.1609259869818802,-0.1568152420045892,-6.437322938535473,-15.544814161076674,-8.221314154763773,-5.315054031842696,7.7790179271478905,4.812261816189521,19.040171911728653,9.340254085732123,11.619424941513458,-2.0643934197473133,-0.02624128949277242,-15.814683016771607,-2.8718168583888195,5.228428867905392,16.580313470334882,-3.399494698821692,0.701328747470787,-0.024322584027004206,-1.2999971270248287,-0.10859230730526856,-4.021274624556532,-0.5595814718691413,-10.898233588516543,-7.990680905096302,11.130559870687646,0.5758983826884004,20.373120976584058,-18.524541633792055,9.023851108066197,-9.562073894146351,18.114050846434637,-3.0601403348249785,-2.640571499591208,-12.499589787407578,2.4108530802433297,9.755751592127304,-1.8502055528978032,13.869489114492282,-18.922535644980613,2.5279272063565967,-3.475967595361331,13.63762822830859,-11.462559683055584,2.4684468259920185,-2.898534238509691,13.35939741670036,-17.305601926401845,5.548070047706058,-0.48661862219069457,-2.4575796314298164,-3.0016728492833455,1.831146425526086,2.6234431520959673,-5.949904802422193,11.740849495761545,19.55463696798276,-9.523753766825708,-0.5583285895858987,-5.897686193299838,-11.717697692327842,6.818256283625986,0.35332174479208994,-24.922235189103485,-1.9996915489627607,1.468025536841151,1.3349150892854178,13.364041737812338,5.533085311811128,-8.235510852631586,-3.1866286014770213,19.401591153818693,-9.424141760459106,3.9703199440042756,11.57096301306701,-9.01661799526577,-4.58117864354577,16.103202517459863,13.735855032689434,-6.847853988566348,2.1134169615023315,-6.2325839992422,-13.74807603080621,6.077901711957571,-0.746842215880059,-22.178479092016758,2.7591574847963205,-0.9939984052879539,1.8554427038092727,16.181945395847375,4.7763212778299104,-10.628090629043019,11.738951327635505,15.93666484561542,-11.856480841534175,1.1998410868446694,-5.889806367883406,-14.236322050678544,2.2842085022805767,13.286570102008433,6.712615827077147,-0.601447885025845,-0.43822237844548956,2.303192087218538,-0.5094266476191395,3.915532927106162,-4.934051097733445,3.4792255214501164,0.05023015209371143,-0.14425250521579155,-0.4226859824517275,8.471137211419721,7.354712349504239,-4.905791225871245,8.308500886515679,0.07128152568662006,0.4121264466266461,-1.4911302148396053,1.2104521937732653,-3.737169476029886,-1.272670145119502,-1.9237084632056947,1.3229070948062933,0.8715844096534006,1.965270472536846,-1.7430912238430927,12.154541734794252,15.06307806540408,-5.469535113002552,5.487502012527255,-0.6257845561895631,1.6149586110398435,0.6215753733579473,3.0346226514253662,7.02771822643296,-5.715074128535341,4.202327045466627,-2.8801076570412896,0.7875288400247424,6.06728741780131,-2.3150328704830776,1.030903516684617,24.29771801295514,-11.45813994168451,-0.640150664424383,-1.5324781360868753,-1.8192003140324993,-0.39978972755571535,-5.4559120366608544,10.53721123350517,-11.937196166744684,3.8909052405397397,-2.8326282923607655,-2.5353977912587844,2.6616571663306847,-0.010278777474204772,-14.039648537066142,2.417701930997884,-9.743777128892486,1.5269798035183988,0.3588772784229834,-1.763162360298143,2.797437036188543,-3.19499465566768,0.2515013134585372,3.681484021803026,0.24186034740465207,-1.8121585568717693,-0.03781638865072372,2.288137800421183,3.7595230564536726,-2.657657812575793,0.30838145239921977,-4.277112693868664,1.573610609094917,0.0049896892098031664,-0.40413264834953405,1.8267060454688153,-0.9479957117829368,5.049924583664202,6.8728443735374425,1.237405936728541,0.03489043739707473,-1.4316585723501443,-1.4276787098438108,6.763340361025443,4.529024538159783,-3.309721175967049,4.2357889015247565,-0.499156320857629,-0.017644947340362663,-0.7774525178747832,5.130652617009565,5.261808621299498,-6.095475472467551,5.2275627156700475,-2.675727622943908,0.5221364230990135,0.016704415957151823,-2.3247881272210242,0.1003726467837922,0.07230062869416207,-1.6356684505027024,1.1653829412789625,-2.322147643773665,0.609495623751766,0.8277720009100525,-0.9341970750125584,0.202175828972272,0.06073317945005963,0.001953663341621191,1.178608130909582,-1.1226117274033167,0.4217266738570516,-0.2589360652484945,0.0977038937141273,-12.373614850535043,2.4639737931840116,-1.719449314956104,1.3149311584200187,0.21023185716715448,-2.85021347376483,1.055080127674262,0.591224633509088,-1.0151422968637316,0.12584840858328672,1.5925649611293573,-0.3857533680976046,0.3600990731480272,-0.4941697260165005,0.5741952959973479,1.8646652823887842,-3.8737638212240166,1.0687100736854704,2.210368743630674,2.2482290661650914,-0.3270315227672545,-0.10759276719430978,0.4248230028689307,0.024683520368060978,0.31640800479430875,3.811496872704095,-2.1747860013320373,0.7770679128478684,-0.1266541911400055,-0.10987076771850895,-17.64116453087415,-1.2827043652929122,-1.1994218173450057,1.2135446795219504,-3.8798085954312804,-3.0610160249309013,1.6361452977328839,-1.6120327283479992,0.13463336974372964,-0.5551640989137,1.197327991210715,-0.7156013894840324,0.31935612453511303,0.30943400798978177,-1.1661445598364528,-0.18193719556368976,-0.2584007844191178,-0.04720342116391788,1.6909255411991346,-0.4998478437104346,-1.8618586201779044,0.25737578069263095,-0.7200359528129918,0.3285716770446405,3.735208526678491,-1.1040561823899164,0.36202469423378025,0.47949058590128085,-0.08173325737726651,4.529860509639631,20.296765882429362,-10.702569661274477,1.3368981049398183,-2.1018171079406716,-2.347438225661195,0.830344057815018,0.15011097483368166,-0.09770366541900642,-0.02849653450732471,-0.7203341049748244,-0.5135894988880254,0.25010278666970004,-0.622967869662812,-2.8183729094432883,2.76224325211466,-1.1780893560016785,1.709619367051349,1.1526156751227132,-1.4423624581986734,0.6698306271598936,0.28154946072156234,0.3592286081227785,-0.16297242801585873,0.5307898095974596,1.4990088029059123,-0.7881082260396344,0.5117536673687973,-0.6799121730282276,4.033930440832949,16.61713414669447,-5.227653096557107,1.2992611813233101,-0.33912078198811874,6.870415632188778,-3.422917029373318,0.3438964237737203,-0.3619480653323296,0.5928671207387087,-0.8915322313910721,0.7446535142863262,-0.20746012766880487,0.041507516268731295,0.8783077205561292,9.247324653148896,-4.578195193127609,5.302066745128089,2.4863561705242807,-0.6809342426291988,1.208209826941468,-0.8585555086714332,-0.06318671113974092,0.6338381947209798,-0.11783350420578588,0.25313121094841995,2.2184013599859607,-1.1212874888909532,0.33752134876382767,0.6274817269516372,-3.538458876668696,5.400994753576287,-1.9233702528375793,-0.6575144178132357,-0.5739533563672994,5.413096431997236,-2.194827883212816,1.684069346399685,0.2972482461520612,-0.3995044763512877,0.656113442938667,-0.8633334117504919,0.2754867238940697,-0.35515766700731344,-0.44215049191300604,0.6362535301601907,-3.2716329023343858,2.064320885038553,3.63962534701948,0.9588995432201869,-1.8099724866094205,-0.8456854066947224,0.7196393737376586,0.16992742586995466,0.24584969474510007,-0.06528011472074255,-1.4105101933532165,0.5067953938864348,-0.21547651386055627,-0.5799313380779005,-11.808328613668573,2.5670752507648342,-2.8474034429060286,2.040978850163929,1.8081584243035846,-2.857552728956772,0.5131243331707696,0.054663308672306926,-0.27054245239659286,-2.0622495362564752,2.3501492121939505,-0.8740903818875941,0.6328649542823105,-0.5006426300843515,-4.828907294967021,0.7229469667559568,-2.5402770149428178,-2.277244627934161,4.248267782142193,0.023963170782652417,-0.6572985373352095,-0.4776754462720969,-2.494723499146634,2.7064357923446174,21.166278983979605,19.744076326184704,20.870083973869797,20.159719370227087,20.599259737248044,21.482005418061554,15.47462385965963,37.21135572966422,28.93791079609039,44.280483649943406,31.446751515917345,48.502724859260944,33.311502748140796,45.277233212512115,33.46660690610448,38.096254215153905,34.77434260593767,34.26299042585387,35.16652978089905,32.006932775955356,0.17649719082397597,0.14161683165872152,0.7469464656589627,-0.6395016413526995,12.21275845441875,-1.5965852358303034,14.557918560894315,-0.9513939191305707,0.6197732924811858,-1.0718900994868064,-9.966464130345857,-5.487170704187848,-15.18351722447903,2.988209983726284,-8.392232586851705,3.1615940031450944,-2.007084963187129,7.498969983718682,-0.1377105304840337,13.775294861160926,-0.24559827469974982,-2.7876617976876745,-1.4806268627421604,-1.1272351698623988,1.998096638320715,12.450052949907374,-1.6606087776219995,-3.2087912936297855,-8.535739526908262,-4.491873623634957,6.312536762971225,-5.503917839378623,-4.017699204454857,-11.878238327685626,11.738529206203129,2.200362485969216,17.134838196155272,-5.217177659540107,-3.3704861404607254,-9.069932646524066,-1.9939890688148751,3.706348943088733,-3.046205326623826,-5.254751261922578,-11.123058907652949,11.7502022991957,-0.8921647021114415,-1.9640617634747748,-6.85354940220988,10.386739362034843,5.669228856101671,-0.17861442377734216,2.366556314235248,-0.9157777145836036,3.5841235628054404,1.3484019055834897,-6.6080509054689225,-12.219561750495014,-20.793643643600028,2.9416339529916704,1.782064968561479,1.8180451889113758,-2.3143313486931154,4.170322577768007,4.7649574770283945,21.14761212008803,2.6483874005617434,2.4462613635036554,-1.8870066558274103,-1.9379875544010243,4.9688472763526805,-5.0073269466670265,-1.4716814143974282,-17.535966415320793,2.4661178727028115,-2.513813230128441,2.5050510342527206,-3.1874608012107295,-5.179219860080912,-9.56329644861302,-14.747695401484044,5.857339032417068,3.77299767355173,1.3772874041619858,-2.6668708087181465,2.311161351402285,6.8788772429905904,19.89323524061199,0.2595870031067921,2.0545277302523126,-0.541380277769091,3.9442693241203717,-2.3748224718726854,-5.1147058476965,-9.524745145401946,-13.59131024039485,-2.45618757303461,1.0979712142457445,1.5504059930608467,-3.1862949030120977,0.05877046654892211,4.244871619923602,-4.3883301628407505,1.1954317780781663,-0.11667989625916272,-1.1207268372214645,-0.16101163215835457,-2.0186014894559143,-0.10832297651956471,3.4270746028958796,-0.8377877226913222,2.2812875283622582,-0.9206543586021242,-12.828548429061222,-1.207892396400957,11.75921030326581,4.1811397321275345,-0.2670162702577629,1.7214556081741672,0.7882808106691476,-1.2137543458263336,1.9131732108816077,2.240674574024058,0.5776125960768355,1.496121861874853,-1.321863136079328,1.259392167044288,-1.3501062034623041,-18.26109968335299,-17.89703280246296,15.07292873632034,-0.4009784095331329,1.8627589015776769,0.12979633481808178,-0.3986865758559164,-2.890707275688825,-7.884572493500026,1.023039057592683,-1.3905307198315486,2.0144864161728675,-0.4255601386696913,1.1303689498824487,0.5898633539904026,-7.8878102984802885,-30.606790302882985,6.876286420369163,-9.11351300039941,2.3702378728705855,-1.2026537846327563,2.4536058382698567,6.68528474926779,2.1622133014292237,-1.7063486217236696,0.8984977819114599,-1.5239653565936133,0.4549163371490304,-0.4638973808498721,2.3949531873563528,26.954347326344095,-6.746624251722489,0.16000518609393832,-1.5882771181331672,1.8777302501411979,-3.2405125222397677,-0.19795968803658348,0.14641556408903708,5.643941225447285,-0.7714540824420648,1.6148558898207703,-1.6674630291657069,1.7531936403304846,-0.38262120250563647,-4.303177835083861,12.962243762251227,6.6726240837469115,-3.699680625854896,0.5185976569857582,1.228591608730603,-1.056163510943822,-1.2756280969210638,-1.3362960597280924,3.0664072008339187,-1.4344616482633092,5.892618689235435,-1.7543358812594654,2.018392958050371,-1.997617963434043,-14.999772376118928,-12.519414564925828,10.374204901401091,2.3108869638279765,0.27370466128991155,2.64841689908494,0.3939025484834533,-4.734278358432928,-8.732922932577758,2.489844600675377,1.333017659094983,-1.1836582960518616,-0.19630278798869627,-0.8740684676682086,8.574073504965012,-0.16904996030744812,-0.07095997324047773,1.7473117888404872,-0.6662980453081195,-0.0837890113501027,0.22672549788827603,1.2820866147463248,-0.7555831742883304,-0.17822196672729573,0.04677838004882575,-0.22852146564686654,-0.4711647315704907,-0.3405958774662714,0.32641097678572123,-0.3620647549776534,-1.227817694965242,11.811857735690827,-14.45918080875036,6.2904026911500495,-2.7226577496064093,0.5443008462437099,-1.363913021208421,0.23030948035286034,1.0790722131171266,-0.27084926718399494,-0.19484469360794116,-0.9537700241435911,0.7042323813618248,-0.7141020774850194,0.6027812811709157,-0.502922150340788,-2.862209172090351,1.141064558273237,-1.1992216505749527,0.6495711716846115,-3.0147220878828955,1.3037684609898785,-0.431740755189536,-0.054035198563186705,0.14778804354379899,-0.09585617113869573,-1.0101456620441986,-0.1463600009036704,-0.13193116229429186,-0.17577727015022132,-3.1347551905063087,24.269851452791233,1.0883562614556224,2.4785310164521484,-1.6102669425729323,-2.733929035144103,-2.121788948623821,1.7330589213170213,-0.1901593893107229,-0.38568592348224173,-0.16753929694110367,0.3547865696040763,0.9890278813459207,-0.49893576876393564,-0.25142089659846445,1.1925553956934871,1.7838875757265427,-0.3669700911622993,-1.0028672307982427,0.9692575398767852,-2.3103078849263934,-1.1908136998834375,-0.9530610411499124,-0.6486221473369621,0.7329129599787669,-0.3982376496690096,-0.2329279925433069,0.1070419367714865,0.06076682240697669,-0.05852857595724165,-3.5277182239000746,-17.591516274754326,14.827949597430612,-6.80616203906577,-0.42266725946319994,-2.3332469719544573,1.5427296567681223,-0.0026776811948515424,-0.010501548443161274,0.05042614189765092,0.5189130825170444,0.5890769479980672,-0.6267515939881536,0.7423363155170171,3.0401859216498175,-4.530264373967374,2.244701734501782,-0.8144425397568757,2.416237609556775,-0.9718370202743137,0.1712826742791841,0.5213767943329229,0.18289120596397906,-0.4122762843334561,0.7257887138208097,-1.340763061431472,0.5093280922808203,-0.3943062135391339,-0.48769825445964465,-5.044844401946143,-6.656316832212139,5.6014177623924795,1.6858746467140415,-2.6706948030656226,2.0046847806570955,-1.6796085566175674,-0.719033031715986,-0.8254867059151244,-0.19209686575262197,0.4885325129519143,-1.0029080598018743,0.3903131241445807,-0.46733695480169857,-0.8728176351352607,-10.923105664410725,3.469949066201743,1.4037906467674095,0.8500678764374007,-0.7893965817132353,0.7148218365206623,-0.2231510373807093,-0.10189680168045477,0.7912321566878525,-0.11928149386812079,-0.07131803305632418,-0.528519899181452,0.042275685405442395,0.043343803527060146,0.6353902742474724,3.1322474001274374,-19.356288248738863,4.9909281126003275,-4.638208560847943,-0.28360977995933767,1.8122525460899332,-1.4735169741391738,1.4787893935348693,-0.6231762898771045,-0.07505789314403696,0.39869470138024077,0.7782982333368003,-0.38147761115416456,0.321455596328977,0.658601285538004,-2.3528550629244083,-0.9549408907096736,-0.5759632435394658,2.6553695397842034,-2.771963223366912,-0.024316904570967267,-0.9793411535231292,0.5338985374474419,-0.03160750238761034,-0.09857049917242719,-0.5411906754011173,0.08275205007518155,-0.26927831551075276,0.32175851647388576,-0.5042693176572002,22.746201971838126,-2.1477302881087397,6.276859612319959,-0.9298157780224914,0.11418989022737594,-3.0880463732490337,1.10351301998314,-0.2795421972513268,-0.45364592751186716,-1.348385641152813,-0.12483747548092076,0.7066129429844874,-0.6230779852535367,0.41371198990647695,4.6151711458508,-1.0057262737297055,-1.2758062412973648,-4.333345506880779,-1.9328278553639564,-1.2684444419455363,-0.02963419736623336,1.6107143592557003,3.180125254506346,3.398350288398054
41,-6.235418494964426,-4.464211241162868,-4.790590903335448,-6.740258734348697,-5.39131596658832,-4.060155902919675,-6.8787644403509205,-3.5181903827663894,0.850918329506968,1.3232592045940192,1.1022315746628424,3.2148174534640095,-4.385853051416324,4.377416098873712,-5.1812661669728115,3.5436581454180995,-6.516974790988786,6.808372091793484,-11.64073974767088,-14.193393202133237,-0.2552837116680718,-2.8562979402573636,-1.7245326552117222,-0.2093591297474551,0.5403093270422552,-9.111168618144925,0.6101026612063017,-9.652449393475466,3.314990221723014,-5.479571789189701,6.804255343541273,1.7913230901897759,8.134355360991623,4.853406014603991,3.466218054756139,2.4625998633031196,-1.680960767574811,-7.829657260001975,-1.7048127033349172,-10.364491946843602,0.2094665187169967,5.434518575666031,1.587656569978396,2.8110824022252516,-3.1369226273798185,-18.701973927156477,-6.796229461808148,-5.7884810304161425,12.269483457357456,2.483634161630154,-2.7726679316655627,-2.09612695464488,3.02880828330195,10.241365006278796,1.1670039446875375,1.2843932210782745,-18.373101944313163,-2.3441490922276387,-7.116906580227912,2.419588217458557,-6.8199374977497715,-5.2196775807383435,-1.3829042480292562,12.086408982495497,12.399030897519351,7.18593735002532,4.842836604518635,-5.55762825018968,-10.85575785383001,-11.34380834372208,-10.871557975864501,1.0035560582601315,1.6591704009155839,6.1001902467069025,-2.7534383708164505,5.16149427514204,-9.905598097438405,4.807658963371138,4.509706184347779,1.9851042476650003,-5.192788978185827,3.5405554416611804,-1.2039022330870155,2.510371428596239,16.41560272948326,-8.274171609214045,4.3052295638016265,-3.926717915357717,3.1709092530436185,-2.5258177007816616,5.677781318060371,-10.740385340427794,-15.871241339874095,5.704314461262158,-3.743064602909658,1.0482361124542516,-3.680036736270136,2.0768108229480986,-4.284152225519666,14.598964055928253,5.322642101587228,-0.6316886923377103,-0.9223066880490441,4.44792968192411,-1.9965463439158186,4.762992403063835,-2.5155918780658544,-10.62710148051274,4.184177414153791,-3.0290083542598483,4.767596244409967,-5.280987043740437,3.992280478733219,-11.552154419936551,2.791110728676966,4.977557604089634,-4.469273692847622,-0.4392976314698183,2.3293404115011223,-1.0722385182588245,-0.853744478604523,3.3978270598591886,-5.876229479150197,5.354945758166602,0.8325173699370062,-2.730640497539198,2.4248549738198752,-2.9896917211882945,0.6029184003534982,1.429149439838455,-1.8401021811321094,2.88047822664375,6.858251062527575,-10.224689264936165,6.240229156203381,-0.8542520178839246,0.7385370248357711,-1.9668612487113968,2.6235702660131754,0.11636650211650276,0.41958484650037714,5.668186323643459,-2.6470281064988126,0.5512738266653963,-0.04327511652431966,-0.6861089051415076,0.07180248054229307,10.6901635373932,-3.197720038333809,2.9036519729284267,-1.6658654687756616,1.2034043737956803,-1.2073654142062453,0.7993306938646895,-0.3422276167684032,-0.242421775407527,0.7079631678932924,-3.214219345665001,0.7806136491847105,-0.41117135951056355,-1.6820891696176636,-3.719339063241374,-0.7873238737792662,4.680651261894341,-1.6667109374265223,0.18827504816069207,2.753322746897931,-0.19452244886162892,0.192715870275691,0.2329413410535357,-1.5031881596263734,-3.127223411136925,0.8728601211860983,-0.743623449987743,0.1406573306388988,-1.7286644214642568,-2.763801052350004,-11.108693565350581,7.233429015580442,-1.987841218201215,-0.49048248135805467,0.3808760542691185,0.7811353765337989,0.6109555842019888,-0.16149046548248022,0.12751091176671003,-2.294813198492122,1.0614340703193559,0.21572343339321817,1.0714857463037626,-0.22592979363798363,-2.2851287630624606,-8.44507192454621,7.99284066759323,-3.556077637739913,-0.1526928093535115,-0.04595403684699765,-0.052077951738665904,-0.2765283434897664,2.6055809535694427,-1.559289937085305,-1.992622665988449,-0.46464955552425896,-0.8844822812180052,-1.0738636335457314,3.132129202440124,10.621733743296087,-11.175949542200447,4.314774650580776,-1.4815793029061284,0.891033290299647,-0.3167316807066665,0.05628383493757879,-2.1364925107065362,2.7908980412771847,1.994666970909559,0.026905359222131702,-0.07157843553283742,-1.0492407228134295,1.4053877375855488,0.08953223024513869,-3.7189098022966625,0.38537635895031347,0.8176603336032277,-3.068231994649233,1.6005397509666346,-0.73780727078332,0.09715952251533774,-0.18080592911703197,-1.1930973144319041,-0.5587012844467385,0.3383242003833174,-0.24324341382171333,0.17469051350201478,0.6929597114535658,11.27252132418932,-3.4338041831434283,2.0890527494398405,-1.708575635824047,-2.9978944800754643,1.594999982598947,-0.6707287841848568,0.36185052908442833,-0.07264797312460118,0.8722564196041234,-1.0046711500210546,0.41369506683422397,-0.3742635550233282,1.1116986922345684,2.335155930910902,0.39265690041266954,1.2902355077685186,1.453075987157349,-1.7019984600362106,-3.1607849037195788,0.6999744191862856,-0.8014545819228083,-0.05969813858856923,0.09913752108272761,-0.29809071756372413,-0.0037415741609464256,-0.24878160897657436,0.02491265629485299,-0.2713806756104189,-4.059106996614186,-9.594921430821723,2.6325266092700543,2.076150617106766,-2.4373940489817363,2.140869222693763,-0.44350673923818995,-0.04476503433151758,-0.632806028896014,-0.13455879591748182,0.6025998561937698,0.6386187624559176,-0.17832847316953077,0.016501065100660503,-0.22461860111755627,0.19841683715874545,-0.4769772223993033,0.3385248554327009,0.3402996049067027,-0.8744545309458678,1.0637604604404987,1.1420464066711602,-0.345284745459621,-0.09451559163977252,-0.3793236337888627,-0.39676015594479785,0.43444925325675665,0.18067708431742854,-0.35458287558198653,0.5512098916561277,8.580001980073575,-1.753038333708996,-0.924585186807646,-0.3452058253918524,1.8292810690210606,-0.007902368809830165,0.24637924330428487,-0.4167720039978512,-0.3739586572941278,-0.7177500879054544,0.2057719871065554,0.027905728774066708,-0.15270542349025054,0.2147526838819426,-0.334355886207904,-0.5374337205567259,1.447985948575532,0.9444304755826559,-1.9476926737246787,2.285872297752373,-0.7549253226686837,0.24115875583411386,-0.23297663098916627,-0.32715424858222875,-0.26389782311480253,0.09118862465154055,-0.5687432921272396,0.8649975222531952,-0.3023184844313375,-3.6524286767403455,-9.681626522994195,2.428639459935396,2.791142560830416,-2.3192844094411145,0.31378753257230296,-0.04725433503135415,-0.19907972816744487,-0.3208067294749971,-0.04624386472092186,0.335848656157666,-0.05507082546830781,0.3281902887016428,-0.013543586903225853,0.04946252282898547,-0.5660766266437361,-0.020010145390858117,-0.7557020231195244,-0.15468597148259505,-2.6719911984861433,1.4649302753677969,-0.3817344192920983,0.0745093195643329,0.02148552354876753,0.02395549040091171,0.2183905907250755,-0.22819092765043647,0.1033370107750888,0.09015601301573258,-0.1390320490941696,-1.7469836201828686,-5.095311223213552,0.25623937590597623,0.7035559916321871,-0.3763495638768997,0.047938890021109445,-0.31097139747661057,-1.0824006149441505,-0.6136992352927131,0.22389311325686131,-0.10873747560704007,0.606271181999187,-0.519269551980918,0.15120682434653318,-0.20156392129216114,1.1339764275974134,-1.0777358840891993,-2.128499684073885,0.41489393862455665,-2.350842471547302,2.0078915343707178,-0.6072036998309639,0.09565400271739988,-0.2269339177020954,0.3778127101295108,-0.5167048919651843,-0.32884165728906967,0.2704739920180831,-0.04978410785695941,-0.23554135421085093,10.098905492753776,-0.9179640122845243,0.3147522182241852,-0.663951202425717,-0.0958085292361873,0.3210867402290524,-0.49068008351477926,-0.3102827646356563,-0.21417117424996124,-0.06906187635382584,0.7859847063666832,-0.7801931144460335,0.028915931632005534,-0.15380250729709927,-0.7533982610497538,1.852259290137559,0.7613115119718346,0.2652544036956283,0.10703969109355557,-0.41025805216507955,0.5868611686065044,-0.5095154883364013,0.0746537282612834,-0.4230430961242004,0.5841069503463217,0.16056613468511022,-0.482496499134304,2.170199524922885,1.7166438657978875,2.5291145124094823,1.121964713656549,1.9965154425445295,2.3076702797476467,2.057446205145493,1.8373993194505693,-0.5796662253295586,-0.5032917192302125,1.143305156027707,0.22663570192157945,1.1493304145446999,-1.0513205346197758,1.517228611501782,2.51344318401508,3.829012209155313,-0.7180110677442116,7.4780494799259465,8.33230460548486,0.1073839431626164,-0.5918366110827652,0.14576691774509223,-4.550917078634212,-6.141285741843508,-1.2086755616045877,-1.1874136756945286,3.1830074133705746,4.600656139426826,8.393852363292662,4.743626694217814,5.905180684046158,-1.8615337737708677,0.336324168301949,-7.475863009091007,-2.897302577746458,3.9742762942181957,7.986609661453563,-1.835703260850488,0.8154846110815217,-0.018606758174541962,-0.24641819637031126,-0.10874188882086076,1.9783992070718948,17.652354467317526,14.708565534404547,-5.636023399602673,-6.207130303960681,-14.280197083058537,6.927039888106488,-1.4521294679338288,-0.12774038592724116,-16.579130098898602,-0.5685878610293356,4.524867173714018,15.745778380533983,10.078556059797668,-5.381753477498141,-1.4982609596010825,1.9986796111568106,12.742824311589704,-5.073865450958872,-5.794540825494262,-23.232585171088907,0.5844178231270131,0.6801597143788091,7.428286861376677,-9.742738865375898,2.6689756564011833,2.2888686509006164,23.134358536841958,0.2356446763170122,2.0976524905085667,1.5926993084406746,2.705412462080151,6.039582751335568,6.813568353426495,10.784404659085933,0.830744495192175,3.21398518716736,-2.7165916513430597,-1.4757922030553627,-2.2571898020534866,-1.9862724097956328,-21.000975530561114,5.200546386338879,-5.061244852787991,0.3754786131121981,1.1377293797272658,-0.9385540494913422,6.713577421796029,0.619126645346838,12.136044921079767,-10.186279895768978,4.127458638107377,-1.6484585270789114,2.335920984422836,0.8307459886357487,3.5013781127844426,-3.864589279723451,1.6996090595537576,0.5774963568515767,-0.9869647499250984,1.29659053667134,-6.018469242586328,2.3009888431157153,-7.1763038031771265,4.192659428011165,-16.03214701109153,6.7691368758637065,-0.720830021368633,4.042523419134848,6.984834275106382,7.881713462592551,6.162702172514448,-4.767172265720545,6.676366464732877,-2.0761636237318974,4.670305900594096,-5.456218314523443,-0.6966828102753567,6.788801994171358,-5.574476532285901,1.2373034507343028,0.17765861227571356,-1.810520332470335,0.6554792839902048,-0.9718039506310204,1.8817923273584474,0.017446314810408918,-0.6000440274175723,-0.29802877064080163,-17.730843557655017,3.937255515208294,2.1027912137847378,-3.01587278512848,0.6695898328879741,-0.4656040632447917,2.1619804332140937,-0.7013188565292938,-1.690533076702334,1.7699122518643948,-1.7801854500091499,0.6168952580843226,0.08391775572479852,0.34465545909986867,3.8937296968923114,-5.917669481782517,-6.264013431767945,1.6727958829225982,-1.5724239314337247,3.0947030579166865,-1.2044870997819421,2.4366840066922055,0.35011501551062646,-2.933705216030081,0.8191888342700242,-3.996061622084286,0.8311606611564437,-2.256820412372606,0.5918564705425783,8.324727877030975,17.701643934611663,-5.116628173974822,6.916446542227965,0.8050208928400825,0.5139047092770423,-3.1339592345171563,1.7381029473630123,3.257781989090326,-2.1566472901570424,0.47421978598662395,-0.037011876250033986,1.099497202098108,-1.4641561624995163,-0.0337378542818445,-6.058293039466087,17.82757579687002,-5.851639798268414,-1.4164467463208084,-0.1057602501030063,1.4910373707460793,-3.330679788947991,-0.14228762496841624,6.275060031538944,-0.5586455888309952,0.0747595357611149,0.8908753153072746,0.3590583039055575,-1.350266316364535,0.2121861055755375,-3.5264442113667593,17.891262045252493,-1.5117807865363735,-0.13065136794673518,2.787926207441652,0.23403687793494454,-3.6326182087289665,-0.14201362674361045,2.5594400844504253,1.293117309574373,-0.7321002302704026,-1.6587262438656616,-2.519139805860007,1.0026667045710704,-2.7484582842767167,-24.57505956267301,-0.26364051650857634,1.1175620274304074,-2.6539351851708144,1.9900937231384948,-1.2827205383259086,1.719413596356704,-3.742154310584476,-0.618988458119208,1.6618164866894882,0.32110216992446544,4.231565006717641,-2.350249747175147,-1.52146971709952,-0.9352045338702888,-2.1071863689246366,-0.07876180668216548,-0.14410661413589032,-0.41009063259846235,-0.3077930050042736,-0.38139233739320777,0.2198639917164425,-0.020889885522005755,-0.5722015954799351,-0.10295022047198714,0.2030571216809344,-0.5505547550907722,-0.2196598028900393,1.1418301100916366,-6.260742225975603,-2.7457234527300924,1.0517648428525004,-2.102592907174646,4.9309268321758495,-2.596520586402434,-0.2814048317586811,-0.7242914384636621,1.4344752683288187,-0.5810236730014577,-0.18360402942188497,1.3024270695349351,0.3946846472899838,0.39714624997967296,1.297004461088798,0.067396419552523,-1.2884937023606353,0.9674130566842513,-0.5769199220596463,0.4758074781326203,-0.25804876657688497,0.3836971542912209,-0.7933730812821466,0.2838457919345273,-0.2265160958109648,0.11313953954140171,-0.07066257713977148,0.08326734609307916,0.9513800133131913,0.988266521529866,16.503744060151256,-7.607071178392643,5.83796669031163,-2.5435060187824714,3.8638761770359236,-2.046411628705482,1.8269076016645585,0.3766337840044759,-0.27848371242840486,0.05354478080503229,-0.637901304430768,0.8659850958355232,-1.2365982169744547,-0.4759999071618809,1.6423265102059867,-0.32473755183334946,0.8040879686632814,-1.4095358902781723,1.1627328301609476,0.3110602159587373,0.5893005973182736,-0.2013215416899807,-0.5915807631988926,-1.5639574730297652,0.21100744938949378,-0.23701120043976864,-0.3603412395770237,0.40349886142802815,-1.036464054239276,-17.70346900898234,-0.3704893009457113,-3.5667991957613614,1.3971861377011585,1.1181598497852219,-2.682687048531505,1.1144145960299512,0.04768590682729941,-0.704315861188331,-0.2779685760933308,-0.02486050788489327,-0.43804468636206123,0.6463174138091743,-0.42973796817023063,0.20253926404213377,-0.4433551131985376,-0.5135679489645855,2.5746872577104702,-0.4343765525182323,-0.23981092107941748,0.7657190390897438,-0.42931511065834715,-0.18791388104146683,0.85733852709753,0.1500550088634461,-0.040397737154786895,0.13791913550624277,-0.310757529972383,-0.037552269122335585,-1.0416147658967745,19.34616622552287,-7.777529014952737,7.162289804487477,-4.342326714290408,2.679570646453998,-1.3325574483930351,1.8387348799242316,-2.6123124346416993,0.6031046899274982,-0.8562091936812392,0.3409260416078664,0.5176927639214562,-0.3893690656043036,-0.31878340148678075,0.7496101790494619,0.02236774140826344,0.5256363194367926,-0.6455651279350296,0.7258507743964748,-0.4740339125784129,-0.06036354738962574,0.8401490535213407,-0.23968603790481216,0.04264523637276064,0.21435374667783227,0.13313665752741113,-0.16515750128667503,-0.09360945974917097,0.23323496158387788,4.108905375344058,23.1990220981544,-10.106623724135215,4.192002737210784,-4.04688697553905,-0.9921444287628395,2.0652931700360635,2.5689817523748117,-1.7026454703426817,0.4786070074500625,0.47497678364791596,0.27257197722738635,0.1728139736610411,-0.14036497579383136,-0.5472585045734168,0.8241614304133701,-0.22284733686452549,1.3601841277019155,-1.1369032537377857,0.6802294811088507,-0.9261563794888525,-1.2630333904757323,-0.7511932736537417,-1.176583104971615,-0.3205415044024496,-0.10793800481932027,0.21230248827003392,-0.3820911246186999,0.3703712892373843,0.9217813712670236,-11.315501557069341,-2.089407212981691,-2.862243976768954,-0.9514945514902974,-1.3950168827077074,-1.4193932874081208,1.3114559820421523,-3.433044865952973,1.4380431680720314,-0.30456279677778597,-0.35400715357954515,1.0711387436728619,0.038040989410537136,-0.2132108268040494,0.3291051372240751,0.15676107015218177,-1.2627176386965708,1.7324919794176636,-0.33888278765604957,0.05292645600938757,0.739851149599099,-0.24477951077567608,1.2234030575284487,-0.38866931825129236,-1.4353596196878233,1.366184249674308,-1.589850459057775,6.967831531782869,6.034330940372966,5.433818187546122,8.398669485915802,6.243345406951377,5.033131988635176,8.955648371160649,1.9927098751191723,-1.5353235317016853,2.289592254180749,1.2651149079591937,1.330758035407878,2.967797921725241,-1.7759944999835107,4.054597103914727,-0.42966992255499464,5.459297401024129,-6.12706050948491,16.26711576886922,15.0466534254284,0.06860467152992211,2.753459029497738,0.9020664385039416,1.0758713307287588,-2.1636342127276413,12.973065913946582,6.954870944170588,11.064440140827283,2.7611541062023988,9.589228794980729,-8.556097580873198,-4.0409339552514485,-14.597586542440737,-8.275654095848672,-13.720929946985597,2.3120644084051007,-1.8552746969260097,18.41094760356989,5.9076278238226845,14.91259023178992,-0.07606801876939635,-3.4938045373205675,-0.7183251076766662,-2.355066579155224,1.5244478989832675,16.359675055976673,-18.310552127768364,6.329695568480806,-15.742391776020304,7.678574431725379,9.040584295846383,0.005875201390581949,-5.500593332820652,-5.430913093090984,15.528791386409463,-0.6346755063865986,20.31900588942332,-16.434392228365432,10.570924766573562,-8.253641595444682,12.695287081207171,-6.2540615571475175,0.584703527017153,-15.134287925311027,-4.841327005877879,9.065531878487965,-10.480867192535658,7.8929674687017455,-3.4716447174232217,2.8013702438666304,17.988795302652793,-0.9638944990441959,-3.7313537183855305,-6.10047593151332,0.22564771780468304,-7.753280782907922,16.858637404198912,13.660746740174993,-6.847853988566348,2.1134169615023315,-6.2325839992422,-13.74807603080621,6.077901711957571,-0.746842215880059,-22.178479092016758,2.7591574847963205,-0.9939984052879539,1.8554427038092727,16.181945395847375,4.7763212778299104,-10.628090629043019,11.738951327635505,15.93666484561542,-11.856480841534175,1.2003342258255851,-5.81381302065117,-13.175835622752272,1.4288005175527054,10.21396555609133,-7.515628377780627,-4.015035440955036,2.441362894342128,4.197318997034613,10.265781596553524,4.349346939962063,-4.1883009605478,-2.2262558086427475,15.52618306566599,-10.270643394087553,4.766921674892485,5.739633856626323,-8.07504907072911,-2.963950914814247,13.29691346521683,2.3391434271325164,-7.52196878149519,-0.17563286667372754,-5.492303739671752,-7.268867987277036,4.695963637432267,0.5373053767984378,-5.406216049367881,8.422937455840785,6.766811287723993,-1.9716192185949268,-3.812450729416833,-9.87180725007612,2.5947541001178953,-2.207109379686934,-2.6430679478673595,2.6616571663306847,-0.010278777474204772,-14.039648537066142,2.417701930997884,-9.743777128892486,1.5269798035183988,0.3588772784229834,-1.763162360298143,2.797437036188543,-3.19499465566768,0.2515013134585372,3.681484021803026,0.24186034740465207,-1.8121585568717693,-0.03781638865072372,2.288137800421183,3.7595230564536726,-2.657657812575793,0.30838145239921977,-4.277112693868664,1.573610609094917,0.0049896892098031664,-0.40413264834953405,1.8267060454688153,-0.9479957117829368,5.049924583664202,6.8728443735374425,1.237405936728541,0.03489043739707473,-1.4316585723501443,-1.4276787098438108,6.763340361025443,4.529024538159783,-3.309721175967049,4.2357889015247565,-0.499156320857629,-0.017644947340362663,-0.7774525178747832,5.130652617009565,5.261808621299498,-6.077141542204064,5.56179309792584,-3.465544211905665,1.8876420706857064,1.5459341279653889,-5.127138905084172,-6.347528505500632,14.327331821460419,-9.699831795560987,1.1439783739350597,0.5684071295726707,-2.413147289903055,-0.07400141628792296,2.7715154025872573,0.9918913453029101,-13.977826192061503,8.835620144911186,-3.945052307883551,0.5798834004102443,1.9892240987770053,-1.9917277918393217,1.3756185164354666,19.530644642566855,-9.671629867272822,2.9724729435558745,-0.19992614455900237,-0.9421537776728778,-2.5177733267372164,-1.6442378090898921,7.648642857519183,-8.032908617774192,6.6567554559612905,-2.465006996146068,1.733063199486254,4.3616877116836035,-2.9951149069644685,-14.810455735214289,6.0258880666411985,-6.014687942969228,1.5995046327360047,0.8872965257241004,-0.5701733242972647,0.8040749271905479,-4.967142990593574,5.401762476457789,-5.2474337577996915,2.864105129620496,-0.6347296265973097,1.4306304059469779,-2.0279604147835166,-1.2839571070358722,5.760338576149006,-1.8979431305909316,2.010059817927687,-1.2782531706584168,0.5875403124072966,0.28154946072156234,0.3592286081227785,-0.16297242801585873,0.5307898095974596,1.4990088029059123,-0.7881082260396344,0.5117536673687973,-0.6799121730282276,4.033930440832949,16.61713414669447,-5.227653096557107,1.2992611813233101,-0.33912078198811874,6.870415632188778,-3.422917029373318,0.3438964237737203,-0.3619480653323296,0.5928671207387087,-0.8915322313910721,0.7446535142863262,-0.20746012766880487,0.041507516268731295,0.8783077205561292,9.247324653148896,-4.578195193127609,5.302066745128089,2.4863561705242807,-0.6809342426291988,1.208209826941468,-0.8585555086714332,-0.06318671113974092,0.6338381947209798,-0.11783350420578588,0.25313121094841995,2.2184013599859607,-1.1212874888909532,0.33752134876382767,0.6274817269516372,-3.538458876668696,5.400994753576287,-1.9233702528375793,-0.6575144178132357,-0.5739533563672994,5.413096431997236,-2.194827883212816,1.684069346399685,0.2972482461520612,-0.3995044763512877,0.656113442938667,-0.8633334117504919,0.2754867238940697,-0.35515766700731344,-0.44215049191300604,0.6362535301601907,-3.2716329023343858,2.064320885038553,3.63962534701948,0.9588995432201869,-1.8099724866094205,-0.8456854066947224,0.7196393737376586,0.16992742586995466,0.24584969474510007,-0.06528011472074255,-1.4105101933532165,0.5067953938864348,-0.21547651386055627,-0.5799313380779005,-11.808328613668573,2.5670752507648342,-2.8474034429060286,2.040978850163929,1.8081584243035846,-2.857552728956772,0.5131243331707696,0.054663308672306926,-0.27054245239659286,-2.0622495362564752,2.3501492121939505,-0.8740903818875941,0.6328649542823105,-0.5006426300843515,-4.828907294967021,0.7229469667559568,-2.5402770149428178,-2.277244627934161,4.248267782142193,0.023963170782652417,-1.0911760358452722,0.6074760896583662,0.008760113331670857,0.605537105466998,0.07896446441635666,2.284616404502291,-1.5971692227835637,1.5444073670103318,-0.38663785579784976,-6.600951175479981,8.915098724889043,-3.121901144898682,-0.7205136960347546,-2.0744754791599154,1.680553701980788,-0.20050362450795847,0.8569419283901127,-1.5014080247363484,1.1495290830050289,1.1760818934943167,-0.3027982538332144,0.4522470051533213,0.2711841211355872,-0.13004858469069966,-4.42494323058803,1.5457892711607457,0.3239453114670768,-4.662781407097458,3.5665018785817795,-0.2525188355320989,0.40060553629789214,-0.13726634209109204,-0.30442630538980414,0.46352612457471165,-0.42017131100493144,1.0456284288293385,-0.8645923146559179,0.37873466477530654,-0.0804238689636657,5.554522166771026,24.251072471508326,-9.82784525495583,2.041444203850568,-3.3512320859651785,-1.800049077833295,1.203816708730667,1.0578424523257692,-1.0148833119982752,0.9048608374322976,-1.5349404339779549,0.886585237580533,1.5294968431312836,-0.5293275882450784,-0.33142182850046414,3.875395969965581,-1.8521799746259524,0.960540406264859,2.6647690723021067,0.8961194233103346,0.10761746667131997,0.5200918473387129,0.38323284576896355,0.22687992067208154,-0.7571009436376294,0.5174927270911854,-0.43783564625030047,0.12062633748826722,0.12572613086561704,1.3269102316568566,-4.6794830544968935,-1.1342655520913498,-1.560533099801783,-0.023862661914758835,0.6134046991378314,-1.7514752687861814,1.2234548313359856,-1.651102024099342,0.28091882914995275,-0.9480675563746646,-0.6681813005649498,0.707241943057966,-0.0007491286691307959,0.051156127672884875,-1.9899636495901183,3.7694710641066678,0.538804442161831,-1.7495962711420363,2.333463033871359,-0.6126862522940711,-0.8906560171324429,0.16569038764365981,-0.06133944502256153,0.5386833524360268,-0.7367869692185085,0.47758586775192574,0.5650335705906151,26.458273334910558,26.38723967680439,25.685126320548815,27.008500345797806,25.75351969538971,27.400794870113963,21.60023308789386,44.337874673035174,32.3586942526182,41.33832098657992,31.479590098058534,37.52084673798652,32.41407291562094,39.164615028631516,37.23133646752863,34.36981361722734,39.79166847179556,36.54635739674952,33.2946691225104,30.073762200162818,-0.07961970201946521,0.6001476369127685,-0.30900458617075893,0.4385399402490858,7.385683793537161,-2.0123333550402744,-0.7569460841347413,-0.6028869788255118,-12.386906072266646,-4.038281767984869,-15.95084642657065,1.2473748746277988,-8.715957876475077,13.667175644019682,-5.238598917265475,2.3959338629444087,-1.6164183776183045,2.683675898115593,-12.329422312631408,10.07666468790323,-0.007787942889672578,-0.06746605482270732,-0.04158755220440482,-2.5213648665628887,-11.056013948775817,-11.179540913259435,10.855028247981066,1.8039290777578414,12.658812702144052,-10.314086039854562,6.830815446213972,-0.9255196319588229,13.467816455537648,-3.6403234373192705,-4.557267187759816,-8.404842253924658,-10.173687038114954,5.860021780919123,-3.328418094104027,4.787548073988323,-9.476610893808127,10.657600067502226,2.977742265805387,14.122034118710697,-5.150245848516551,-1.175895205969342,-3.977928657880791,4.280725234798215,2.3209483951659613,2.5894769784483804,-17.007638797676833,-0.23764520919392662,-1.7615567572869295,-1.755792740948223,-2.410635388101313,-5.587486061183928,-9.277637737938578,-14.816563955871452,5.857339032417068,3.77299767355173,1.3772874041619858,-2.6668708087181465,2.311161351402285,6.8788772429905904,19.89323524061199,0.2595870031067921,2.0545277302523126,-0.541380277769091,3.9442693241203717,-2.3748224718726854,-5.1147058476965,-9.524745145401946,-13.59131024039485,-2.45618757303461,1.0979730009419453,1.5571277990059122,-3.1475976730132174,-2.580880321662893,-1.4281329176154096,4.583332024908675,4.894086139835089,1.925333514833054,-2.613439565522734,0.9671589843075319,5.638761743612846,-0.7259819599824144,-0.13029382596063385,-14.351345905710668,-4.804286351252557,0.18626998806860098,-0.26098823120842823,-0.4547848592064656,-5.144490615322338,-5.632978630131976,-10.656259612085016,3.4224302473576107,0.9939469237672016,1.6035370165517049,-3.3826188933880235,5.367992490318254,-0.1883484286144901,-5.913009780123031,4.7625484645678355,-3.321271668329355,-0.39406564060866855,0.33647896117986104,-1.366799542244082,0.7076812607101883,-1.2916486760995558,0.3897553033492522,-0.4638973808498721,2.3949531873563528,26.954347326344095,-6.746624251722489,0.16000518609393832,-1.5882771181331672,1.8777302501411979,-3.2405125222397677,-0.19795968803658348,0.14641556408903708,5.643941225447285,-0.7714540824420648,1.6148558898207703,-1.6674630291657069,1.7531936403304846,-0.38262120250563647,-4.303177835083861,12.962243762251227,6.6726240837469115,-3.699680625854896,0.5185976569857582,1.228591608730603,-1.056163510943822,-1.2756280969210638,-1.3362960597280924,3.0664072008339187,-1.4344616482633092,5.892618689235435,-1.7543358812594654,2.018392958050371,-1.997617963434043,-14.999772376118928,-12.519414564925828,10.374204901401091,2.3108869638279765,0.27370466128991155,2.64841689908494,0.3939025484834533,-4.734278358432928,-8.732922932577758,2.4978970313468243,1.4154195808437922,-1.098648333143919,-0.013809415177780292,0.39735141762284687,0.5822841841955683,5.124541714672982,-22.928551920825004,5.2249653901373145,-4.596177965189567,2.532720579214075,-0.720187169216561,1.3340667701681808,-3.083486264184845,-8.226874941421267,1.387516377451056,1.3053767512128132,-1.5028475174499798,-1.0746829512735863,0.2892999490376906,-0.6210480681268725,-3.955421803768392,-24.014364825626622,2.3812877397109746,-0.25258684653909036,2.758975935196355,-0.34514095971944664,0.9788820156100472,3.4882750094206614,-3.6772626051875776,-1.3569113894008293,0.7982116213026444,0.1373277641618229,0.05434359112212628,0.5529745816987126,3.3974878664210655,25.236574397840116,-7.087203271167432,1.4134995527135776,-3.9356240780595995,1.7229275373035118,-0.32058092366634405,-0.1695717923121266,4.42760141870162,1.6359416713375756,0.4382107606673167,2.6060823938718065,-1.4652702556364317,1.5085806520941807,-1.2446259532975674,-1.8093104340571717,0.058455200888450964,0.09764375461070694,2.056224314649605,-0.7214723176663091,0.10662418142941958,0.5213767943329229,0.18289120596397906,-0.4122762843334561,0.7257887138208097,-1.340763061431472,0.5093280922808203,-0.3943062135391339,-0.48769825445964465,-5.044844401946143,-6.656316832212139,5.6014177623924795,1.6858746467140415,-2.6706948030656226,2.0046847806570955,-1.6796085566175674,-0.719033031715986,-0.8254867059151244,-0.19209686575262197,0.4885325129519143,-1.0029080598018743,0.3903131241445807,-0.46733695480169857,-0.8728176351352607,-10.923105664410725,3.469949066201743,1.4037906467674095,0.8500678764374007,-0.7893965817132353,0.7148218365206623,-0.2231510373807093,-0.10189680168045477,0.7912321566878525,-0.11928149386812079,-0.07131803305632418,-0.528519899181452,0.042275685405442395,0.043343803527060146,0.6353902742474724,3.1322474001274374,-19.356288248738863,4.9909281126003275,-4.638208560847943,-0.28360977995933767,1.8122525460899332,-1.4735169741391738,1.4787893935348693,-0.6231762898771045,-0.07505789314403696,0.39869470138024077,0.7782982333368003,-0.38147761115416456,0.321455596328977,0.658601285538004,-2.3528550629244083,-0.9549408907096736,-0.5759632435394658,2.6553695397842034,-2.771963223366912,-0.024316904570967267,-0.9793411535231292,0.5338985374474419,-0.03160750238761034,-0.09857049917242719,-0.5411906754011173,0.08275205007518155,-0.26927831551075276,0.32175851647388576,-0.5042693176572002,22.746201971838126,-2.1477302881087397,6.276859612319959,-0.9298157780224914,0.11418989022737594,-3.0880463732490337,1.10351301998314,-0.2795421972513268,-0.45364592751186716,-1.348385641152813,-0.12483747548092076,0.7066129429844874,-0.6230779852535367,0.41371198990647695,4.6151711458508,-1.0057262737297055,-1.2758062412973648,-4.333345506880779,-1.9328278553639564,-1.2684444419455363,-0.39751163253355537,0.28462776543825835,0.23293563814573587,0.8312222526449767,0.604463537794173,-0.8429570785133201,-0.3514832338751636,0.14541911119605816,-0.14826773623041029,3.256489810696188,-21.36870790266079,6.123298034740806,-6.810103431972895,0.3941827155109252,2.567379185663975,-0.8083448053698356,1.423161636351358,-1.2136824131006945,0.38996587149677087,0.050907887513712634,-0.11913910014928208,-0.24882326072598326,-0.16786848440438543,0.2479927978119931,3.4251623615295363,-1.3557041395822744,2.063139050731813,0.7342559118528585,-1.4474894132549179,0.5405720513613711,-0.06131702839751158,-0.4450748604000685,-0.17858485687826736,0.5875095046648392,0.07287152172760968,0.03570469490236118,-0.09976809942454476,-0.10471874083763127,0.19953081385728366,-8.078626041004888,-32.02258257478754,9.853164587522603,-4.553876325012151,-1.9946411266660882,-2.1796719721312345,2.0334010842661474,2.364990408016584,-1.0069530959871669,0.37091030966777905,0.16931748001462316,0.14331914702850584,-0.9137739284485615,0.3724950914025388,0.4625044401574132,-4.714936111884003,3.21085849129299,-3.0726706906948316,1.0024165210993534,-2.946838268441734,0.5998126255943242,0.731780543823584,0.2935808684273083,1.1948257477957427,-1.7803123160848149,-0.008803918074384586,0.7440339472802822,-0.45411750053667227,0.3181407739441361,-2.2371941113494858,16.356151870697563,2.361411238284608,3.878741094875964,-2.1681612395755763,0.33142018507280774,-2.4007182182016944,1.8623727862233193,-0.8152489629156249,-0.02070841269846203,0.3255728890541713,0.5890699283248855,-0.7662642955744573,0.03772997697562266,-0.25156409146268827,2.088705471700748,-1.3640973913466885,2.974934573559642,-2.3987654497583213,-0.27045878717663185,2.123618183649882,-1.8858946430256696,0.556951176404594,0.5022802259273912,0.35242821002992514,-1.077730388891852,-0.017661798451363335,1.0063210247310945
42,-18.183550785861595,-19.43113088904836,-19.414163130874822,-18.19108826791187,-19.558701147225737,-18.321315757798335,-22.63090610505274,-0.15942931882945022,-2.4257984074714054,1.8194418323354242,-5.221436250355302,4.094941622383161,-3.558669497068116,5.420819787300652,-3.216923402768528,2.768366545227853,0.4750360940163464,1.0814185311989974,-1.5406801008810787,-5.879048324747772,0.02426491686066743,0.9201619488610764,0.08564797068577791,-4.939962437032404,-5.015529271089067,-7.203888386598238,3.897077057494821,-7.058623699308192,6.332611251869674,2.456308465094166,4.071891930666406,3.9448572986560486,-8.19895771662617,1.7206780608625207,-14.04487627380192,2.4192823017502905,0.19851724894596484,12.371938790203993,-0.6776740006735384,5.315719044983971,-0.1836672679348445,-2.376774476446507,-1.2653663169426477,-1.022662115329866,10.410215195110789,12.013885369265635,1.5477080377781793,5.472623719958519,-1.3771698685570288,10.015615639427196,-0.17291688408298114,-0.34740299699161187,-17.876353455729557,-7.067548783201826,-8.85151715699129,13.65791269011727,6.325981610931474,4.148959878968834,2.1389059136039656,-8.138867728690292,6.668552596298238,-6.344828316348077,1.4718591956968632,-9.865949123352038,-2.68587015522437,0.834052223335771,0.8019414289754848,-2.33725117525368,3.3013964372216296,0.6625387212583465,10.48275880336168,-0.34513974529097025,0.4553229252930948,-2.2201792168366246,-0.05264676673501914,-3.5256727404138894,14.506375710428605,5.301900982588769,-0.6316886923377103,-0.9223066880490441,4.44792968192411,-1.9965463439158186,4.762992403063835,-2.5155918780658544,-10.62710148051274,4.184177414153791,-3.0290083542598483,4.767596244409967,-5.280987043740437,3.992280478733219,-11.552154419936551,2.791110728676966,4.977557604089634,-4.469273692847622,-0.43885208056084474,2.284623375208966,-2.305928565773185,-0.580033196545072,19.42086560099684,-1.8781331141161395,2.475059430975743,-3.655454535912789,2.8045803821709465,-3.922972476460216,5.98981767681287,9.043255869920392,-10.374880161911255,4.693648604255265,-5.623413324451543,3.2759286140517796,-4.35267931278822,7.420900278482883,-7.926828891093516,-15.106030652178418,7.6954023138909715,-6.311047679503248,7.2062936161078905,-0.2962040999146379,7.143873479834383,-6.36262547313983,0.7659949644070935,4.779335918420763,-6.859323826236046,-0.5095801069158156,-0.30547852523429925,0.18118975362183243,-0.38184052132658397,-0.2179765764144034,0.036277003334065465,-1.7311400393305565,-2.763801052350004,-11.108693565350581,7.233429015580442,-1.987841218201215,-0.49048248135805467,0.3808760542691185,0.7811353765337989,0.6109555842019888,-0.16149046548248022,0.12751091176671003,-2.294813198492122,1.0614340703193559,0.21572343339321817,1.0714857463037626,-0.22592979363798363,-2.2851287630624606,-8.44507192454621,7.99284066759323,-3.556077637739913,-0.1526928093535115,-0.04595403684699765,-0.052077951738665904,-0.2765283434897664,2.6055809535694427,-1.559289937085305,-1.992622665988449,-0.46464955552425896,-0.8844822812180052,-1.0738636335457314,3.132129202440124,10.621733743296087,-11.175949542200447,4.314774650580776,-1.4815793029061284,0.891033290299647,-0.3167316807066665,0.05628383493757879,-2.1364925107065362,2.7908980412771847,1.994666970909559,0.04898914574805816,0.28650926318162434,1.301393375474226,-2.0268571467012344,-4.474146261894612,-2.840553069364187,1.550053332441558,2.2159203764225848,-0.9175125072242227,1.123036845938894,-0.3012770741349403,-0.9182989042502158,1.5754998154456632,-2.51270819596379,-2.261656584404824,1.4476090304881888,0.8476181718134957,-1.7417673071546913,2.656266732201805,7.9176390307220865,-11.747290210784307,5.163435752650216,-0.8557683989991116,0.5812301288709891,-1.269536910642764,0.199542973507764,1.97823652946604,-4.897680911412035,-0.3907318335379704,1.26508205305165,-0.8517962528292201,-0.26698809227166515,-0.006466582476229104,-3.953403777831172,-4.524144133438617,5.9405852340748035,-1.1083139101254178,-0.7590206667713821,-0.6733384613803645,1.0638535222916996,-1.1554623262297852,2.283626028114158,3.8491760647953552,-3.0013308638122367,0.2545542667278482,2.0963951909294427,-2.072051872996097,0.8481367219160405,-1.1480324012306644,1.3863726085723393,0.9206003967420043,-3.335619096651988,-0.05149844043407301,0.13963708926111548,-0.23826539468767174,-0.3281549661678709,-0.26389782311480253,0.09118862465154055,-0.5687432921272396,0.8649975222531952,-0.3023184844313375,-3.6524286767403455,-9.681626522994195,2.428639459935396,2.791142560830416,-2.3192844094411145,0.31378753257230296,-0.04725433503135415,-0.19907972816744487,-0.3208067294749971,-0.04624386472092186,0.335848656157666,-0.05507082546830781,0.3281902887016428,-0.013543586903225853,0.04946252282898547,-0.5660766266437361,-0.020010145390858117,-0.7557020231195244,-0.15468597148259505,-2.6719911984861433,1.4649302753677969,-0.3817344192920983,0.0745093195643329,0.02148552354876753,0.02395549040091171,0.2183905907250755,-0.22819092765043647,0.1033370107750888,0.09015601301573258,-0.1390320490941696,-1.7469836201828686,-5.095311223213552,0.25623937590597623,0.7035559916321871,-0.3763495638768997,0.047938890021109445,-0.31097139747661057,-1.0824006149441505,-0.6136992352927131,0.22389311325686131,-0.10873747560704007,0.606271181999187,-0.519269551980918,0.15120682434653318,-0.20156392129216114,1.1339764275974134,-1.0777358840891993,-2.128499684073885,0.41489393862455665,-2.350842471547302,2.0078915343707178,-0.6072036998309639,0.09565400271739988,-0.2269339177020954,0.3778127101295108,-0.5167048919651843,-0.32884165728906967,0.2704739920180831,-0.04978410785695941,-0.23554135421085093,10.098905492753776,-0.9179640122845243,0.3147522182241852,-0.663951202425717,-0.0958085292361873,0.3210867402290524,-0.49068008351477926,-0.3102827646356563,-0.21417117424996124,-0.06906187635382584,0.7859847063666832,-0.7801931144460335,0.028915931632005534,-0.15380250729709927,-0.7533982610497538,1.852259290137559,0.7613115119718346,0.2652544036956283,0.10703969109355557,-0.41025805216507955,0.5868611686065044,-0.5095154883364013,0.0746537282612834,-1.1012783890854636,0.30910691291331716,-0.20669999199688577,0.8603730996820728,-0.30980991265276087,1.1090137829966886,11.69973621474299,-2.995318276251437,3.845491239875589,-0.8786972175774859,2.592448106717908,-1.050197118077227,-0.08869804747715081,-0.06197504440465336,1.0836770682990438,-0.3129533500648747,0.0438790901903871,0.03401742898404403,-0.22443581986895725,-0.42387199002951487,1.2766983655931783,-1.088391271525595,-1.4195848270636375,0.22910504640798043,-2.1237842102647044,0.7084753781468702,0.06193376912092928,-0.14531989524029637,0.3507884557870803,0.14738312989284258,-0.5228615843823722,-0.5505636419319567,0.12149358642389466,0.011508543479018406,-0.11279769726564311,7.291421487679624,-1.4734149063561441,4.297601754113369,-2.3689403979380512,0.4076060159716327,-0.09505217950668443,0.15416357905585593,0.4282957844267498,0.006212405862766711,0.1812869639123976,-0.12399657776676683,-0.06594310206262292,0.37040734278524723,1.1838848592413649,-1.0462281913984295,1.4666773940192541,-2.1900415145650585,2.3328890347476734,-2.6964526431280946,1.151834523069044,-0.3289337637298828,-0.05682060643951672,-0.9880390464638705,-1.017491836691813,-1.0978245351843203,1.3839122027112825,0.09027435295324616,-0.2066357200296394,-0.38535293500535406,5.26289686730422,1.1675198138814626,1.9194030752266051,-0.9196064570059247,-0.19356139101248127,-0.011306101100985597,-0.2561384119795168,-0.13111124996550053,0.029470109934972448,-0.3789019215571711,0.1176633694950793,0.020125150090792767,0.1508293950293405,1.4504323152103344,-0.8078343874762435,1.6130333634837302,-1.3650328418099877,2.870926443480425,-2.126359856691747,1.1826308934311316,-0.4871259266284909,0.18244548744749925,1.6074289124092098,-2.5373303889257577,1.4568415119864675,0.1496582100870256,-0.07916696057841334,0.4920674036630383,-0.48990831857344286,0.07899023526895621,-0.10838642995978934,-0.16338514171932458,-2.361038977008112,-5.1605295543680265,-4.443979488324958,-2.767420206331854,-3.773364736506491,-5.5968862673271325,-3.0689003311954313,-0.01732036857906019,-0.3552771719060672,3.465159196427177,2.5033989126162917,2.19862366069373,0.22961570795692443,-2.5743810414055446,0.966250576718058,-1.1033827234022962,0.8701490379086855,-1.0798985280482525,4.027590812963033,3.6009465498253572,0.1821592479198378,1.843745366706968,1.0357128132179878,1.3066669029500886,1.5574778832510314,4.939123974958378,4.361922991809272,9.53525674547188,0.5959126473202578,-1.0716985512159163,-3.9571791143474235,-6.2688464862239,-2.84486303054243,-3.936452035729275,4.981982412206644,4.157915945346235,-6.042025810755541,-2.561817032366244,4.096890099561776,4.1549230814688505,-0.2762940985784734,-4.5364110467384196,-2.0767397826216536,-8.289577550165637,-20.339041704193797,3.6207502307719888,0.5678051257504105,4.569247287873815,-12.94980297025854,-2.2835206662946628,4.438128568851727,16.54446038572862,13.518081113130345,-4.167878302645504,-4.705872836311325,-23.453048868878653,6.1367666409171795,1.5796870304354322,11.887192431593602,-4.170987070156564,-3.3302764384437724,-2.0362887370485723,-0.5374385205612442,13.835377429740822,-2.1223537718969174,0.31307904159924743,-17.47117594760846,20.19602349413013,-2.949866970219114,-0.5880327579813259,-11.936759653423737,-0.7119080223953835,0.021065733701674715,-4.442064991621733,2.4450215093409975,2.970796581024501,-3.7084066586537343,1.6752726650748617,0.5774963568515767,-0.9869647499250984,1.29659053667134,-6.018469242586328,2.3009888431157153,-7.1763038031771265,4.192659428011165,-16.03214701109153,6.7691368758637065,-0.720830021368633,4.042523419134848,6.984834275106382,7.881713462592551,6.162702172514448,-4.767172265720545,6.676366464732877,-2.075093347062819,4.771755314691937,-4.076850866598984,0.06263982630094019,-18.38786683620086,-0.030898344245503934,-0.9528388365636546,-0.33991278649651224,0.20524845829061764,-9.00057195493296,-0.7500316508629589,-17.08614817168704,15.119999164955141,-8.720441144579642,-1.1248360417370062,-0.33290536493247624,-4.251812792365807,3.385848396725611,-3.3048125254118923,18.292059902728436,-14.457592691554174,3.261341371048637,1.8357625913118893,1.551670031956613,6.991107979547757,-1.0152262472314257,3.5661770443466083,-6.076207016502896,-4.175803646060385,-1.1024904089330436,-0.6833488768553028,0.6521177430328343,-1.2338506852472002,1.3300257962075663,-1.423981559037393,-0.0526408029661351,-6.058293039466087,17.82757579687002,-5.851639798268414,-1.4164467463208084,-0.1057602501030063,1.4910373707460793,-3.330679788947991,-0.14228762496841624,6.275060031538944,-0.5586455888309952,0.0747595357611149,0.8908753153072746,0.3590583039055575,-1.350266316364535,0.2121861055755375,-3.5264442113667593,17.891262045252493,-1.5117807865363735,-0.13065136794673518,2.787926207441652,0.23403687793494454,-3.6326182087289665,-0.14201362674361045,2.5594400844504253,1.293117309574373,-0.7321002302704026,-1.6587262438656616,-2.519139805860007,1.0026667045710704,-2.7484582842767167,-24.57505956267301,-0.26364051650857634,1.1175620274304074,-2.6539351851708144,1.9900937231384948,-1.2827205383259086,1.719413596356704,-3.742154310584476,-0.618988458119208,1.6618164866894882,0.3364923202713342,4.708884141348296,-3.0345526626813872,0.9734686494173861,7.458280133908086,22.01734035754156,-12.237848778541933,7.2787319675864035,-1.3778058272000204,2.4842642800012222,-2.8725578314922515,-0.5487849036534432,4.105820399179567,0.3320835570615941,-0.668467861426888,-0.8497252738762394,-0.1540464286288089,-0.13877297385844883,-1.3566010261320862,-21.270497463900778,5.662132293406209,6.713741015077292,-2.112765037907718,0.1633286527871481,-0.6973808714316441,3.530191851307546,-0.9654584380074598,-4.757578168077415,1.6136653411732151,-2.5072851026994067,2.9346551260517715,-1.1469794270300422,0.7586785630004916,3.8531349850068137,26.413383481995776,-9.601309890171883,-6.651396429340389,1.5968965746277772,0.8828532755770734,-1.129610100678256,-3.03150458589964,-0.19293994842045328,1.9200193178295322,-2.5664577447641417,3.0290969430684487,-3.1698401110345236,-0.32918055374329414,0.029322899669998584,1.645806755822809,-2.227903857622163,1.8031887962540722,1.0059356617252933,-0.2346492750171409,-0.061207759524855306,-0.22899884473296098,0.8497664306995045,0.1500550088634461,-0.040397737154786895,0.13791913550624277,-0.310757529972383,-0.037552269122335585,-1.0416147658967745,19.34616622552287,-7.777529014952737,7.162289804487477,-4.342326714290408,2.679570646453998,-1.3325574483930351,1.8387348799242316,-2.6123124346416993,0.6031046899274982,-0.8562091936812392,0.3409260416078664,0.5176927639214562,-0.3893690656043036,-0.31878340148678075,0.7496101790494619,0.02236774140826344,0.5256363194367926,-0.6455651279350296,0.7258507743964748,-0.4740339125784129,-0.06036354738962574,0.8401490535213407,-0.23968603790481216,0.04264523637276064,0.21435374667783227,0.13313665752741113,-0.16515750128667503,-0.09360945974917097,0.23323496158387788,4.108905375344058,23.1990220981544,-10.106623724135215,4.192002737210784,-4.04688697553905,-0.9921444287628395,2.0652931700360635,2.5689817523748117,-1.7026454703426817,0.4786070074500625,0.47497678364791596,0.27257197722738635,0.1728139736610411,-0.14036497579383136,-0.5472585045734168,0.8241614304133701,-0.22284733686452549,1.3601841277019155,-1.1369032537377857,0.6802294811088507,-0.9261563794888525,-1.2630333904757323,-0.7511932736537417,-1.176583104971615,-0.3205415044024496,-0.10793800481932027,0.21230248827003392,-0.3820911246186999,0.3703712892373843,0.9217813712670236,-11.315501557069341,-2.089407212981691,-2.862243976768954,-0.9514945514902974,-1.3950168827077074,-1.4193932874081208,1.3114559820421523,-3.433044865952973,1.4380431680720314,-0.30456279677778597,-0.35400715357954515,1.0711387436728619,0.038040989410537136,-0.2132108268040494,0.3291051372240751,0.15676107015218177,-1.2627176386965708,1.7324919794176636,-0.33888278765604957,0.05292645600938757,0.739851149599099,-0.24477951077567608,1.2234030575284487,-0.6910875674666418,0.10379225251503524,0.01447679578738084,0.03036594723232839,0.7784565067523096,1.849959691066755,-3.616813428337377,0.9477608828864461,-0.00402659687909326,2.3277654832791055,2.0227200258380362,-3.379918797848407,1.949221220978443,-2.032827081425456,1.3180773088040052,-1.6119181830664246,0.21895382257501728,-0.01785032322411756,0.28111666304674504,-0.6445072869451628,2.388960437136408,0.6768778021327797,0.27499347920686257,0.8992335248361802,0.2667089861238274,-0.31195147984794264,-0.302331476905646,-0.267121961225759,2.7514309084731434,-0.9839389228762415,-0.10810619201697198,0.4371494721668438,-0.39631696127671273,0.4664440145089495,-0.2614564188298935,-12.898386030207368,4.566270065116336,-0.6326822286609824,-2.202518746471304,1.506859098007712,-1.968710518474201,2.779787854753994,-2.3034591913313416,0.7300430718136728,0.08587932192621517,-1.6559741977159106,-0.8354515914431554,1.0130369525408816,-0.5680619389564103,-0.4309006968731243,-0.18525654821375187,1.1462935661396276,-1.9698590882072418,-0.031694897035426245,0.08449888278305068,-0.01951564384655381,1.044340533507154,0.21846293249440124,0.7825393095047501,-0.10423788993753128,-0.022000697373775628,-0.05464829510016145,-0.1500530264766433,2.9484644185555053,4.416932241674173,-8.621445480409474,4.164715355743306,1.0334295145628993,-2.3457432956446116,1.222314497289899,-1.580233938157434,0.6659807482549165,-0.0921364103882201,0.2626257296767992,-1.1358453258164543,0.6658923859448418,-0.40844008817145033,1.9590290962601558,0.721648839975169,-0.7309110530414494,0.3696004583761784,0.9832177050177775,-0.7342270049833407,0.5860643324668962,0.6293908969251685,-0.4016500989475349,-1.0242590598188768,0.3568384385088296,-0.2590692095338318,0.14375365103901797,0.34282698378063997,-0.5596580089163314,0.9037435683766673,-0.5059790489856386,-0.5373972876496313,0.4666156881802155,19.955258246589413,21.531926275337423,21.22345639905228,20.02880571453302,21.460261331840236,20.624819595641775,23.388345944052787,3.5518077046122616,0.4396991080436483,2.5198079529998285,2.2643108667165266,0.16768707459901722,1.2630611940718055,-6.3133551072452425,6.571557319654069,-1.294756746797022,-0.8214415759888618,0.3635682562709762,1.301707640840158,4.890091952999359,-0.1067809312561482,-1.3256121908456815,-0.5524467956371453,7.884535170000504,15.960666829913151,13.967216084847292,3.3629871682780945,6.540229671707343,-14.772345049126983,-12.061596873771814,-15.148876132003346,-0.28903421351050096,5.5027328775276025,4.865643522488435,15.433349833428501,-0.9785185759404087,-1.8935104085305339,-15.2630827117409,-4.240747948321521,-2.717029473672429,0.39914823217919415,4.69125353314687,2.2499233237395297,-0.4794028227335313,-15.954198159403681,-0.3501206473856011,6.825878958789371,-5.935175980170514,2.683247869204722,-10.659285613052567,11.316777808987291,-1.621725750617943,21.533048979054005,-13.892380973378602,6.8673399885902064,-22.348122221793112,5.452899086009917,7.327780763769656,-7.023536075777579,8.885652622964532,-18.557741251618165,9.225422110069289,-9.092439174650451,17.49979770449736,-4.7090304159639,-0.07269210193452275,-3.721209751288123,5.824979581587507,-3.814573800900088,6.086756001490576,-18.533863116347735,0.5965115312848684,-1.604771636479876,3.81016226773107,-2.1335194084876288,10.845414856668839,-7.66160137954091,-3.9704794050829566,2.441362894342128,4.197318997034613,10.265781596553524,4.349346939962063,-4.1883009605478,-2.2262558086427475,15.52618306566599,-10.270643394087553,4.766921674892485,5.739633856626323,-8.07504907072911,-2.963950914814247,13.29691346521683,2.3391434271325164,-7.52196878149519,-0.17563286667372754,-5.491017823153261,-7.086854568713929,7.055533973822179,8.21975161148462,-18.880812738530143,-3.0996153348081203,2.7981600049917503,-2.5384161244818273,6.222292686992764,8.414303778736732,-4.954646727755321,-9.32817331628718,15.195717152468303,-6.498135314380908,0.6189049626633155,17.390834434236393,3.2583539265485895,-7.405652271138099,0.6311581419298942,25.724272513272915,-12.136061398912897,6.0237119650798245,20.01240734595622,-3.7084621469382806,-8.733330304919832,6.646831576701879,-0.26691254718947593,-5.500983553220844,9.571217794007367,-2.3664062180861762,0.4308989795045134,-0.4941402580485009,-0.1190937499632553,1.1811062048475767,1.5524322330112297,-5.1004045494511345,-6.347528505500632,14.327331821460419,-9.699831795560987,1.1439783739350597,0.5684071295726707,-2.413147289903055,-0.07400141628792296,2.7715154025872573,0.9918913453029101,-13.977826192061503,8.835620144911186,-3.945052307883551,0.5798834004102443,1.9892240987770053,-1.9917277918393217,1.3756185164354666,19.530644642566855,-9.671629867272822,2.9724729435558745,-0.19992614455900237,-0.9421537776728778,-2.5177733267372164,-1.6442378090898921,7.648642857519183,-8.032908617774192,6.6567554559612905,-2.465006996146068,1.733063199486254,4.3616877116836035,-2.9951149069644685,-14.810455735214289,6.0258880666411985,-6.014687942969228,1.5995046327360047,0.8872965257241004,-0.5701733242972647,0.8040749271905479,-4.967142990593574,5.401762476457789,-5.2474337577996915,2.886049884282147,-0.026126514808008393,-1.4739580399879284,-3.322629714105174,2.4971211159518774,20.635602495151282,-6.5230047852072355,3.9254398776703026,-0.11987261016468291,0.3461441560687018,-0.8606073116788905,-0.9912022134223742,11.11369234612247,-10.160404295786291,7.310515419800555,-3.3083808506623655,-3.9121562200901248,4.587301077301683,-2.4422993884330926,-8.02585118848138,9.756747925657137,-1.6539286053332392,-0.31202362527482835,2.5421105525896093,-1.1469891944446167,4.613661236090525,11.96432345407822,-4.379079696625969,3.9014123275603385,-1.1887719445127973,1.7350845721318946,3.691873878989964,-3.213281190037838,2.395064476019471,19.04188799521742,-9.361608259632487,3.0605332355261674,-2.536229023370002,-4.025974063642157,1.1473957610821532,-7.785401948893551,2.1618162848546465,-6.348752355345337,-0.3377562215245448,3.185930607354212,0.8350304907792099,-1.2593429104020566,-0.013294156829958985,1.3371097926604596,-1.9078870476808696,1.388682988449064,0.48778681914403343,-0.009521933585136297,0.10407996856872641,0.08383826917828728,0.6145769209906319,0.07896446441635666,2.284616404502291,-1.5971692227835637,1.5444073670103318,-0.38663785579784976,-6.600951175479981,8.915098724889043,-3.121901144898682,-0.7205136960347546,-2.0744754791599154,1.680553701980788,-0.20050362450795847,0.8569419283901127,-1.5014080247363484,1.1495290830050289,1.1760818934943167,-0.3027982538332144,0.4522470051533213,0.2711841211355872,-0.13004858469069966,-4.42494323058803,1.5457892711607457,0.3239453114670768,-4.662781407097458,3.5665018785817795,-0.2525188355320989,0.40060553629789214,-0.13726634209109204,-0.30442630538980414,0.46352612457471165,-0.42017131100493144,1.0456284288293385,-0.8645923146559179,0.37873466477530654,-0.0804238689636657,5.554522166771026,24.251072471508326,-9.82784525495583,2.041444203850568,-3.3512320859651785,-1.800049077833295,1.203816708730667,1.0578424523257692,-1.0148833119982752,0.9048608374322976,-1.5349404339779549,0.886585237580533,1.5294968431312836,-0.5293275882450784,-0.33142182850046414,3.875395969965581,-1.8521799746259524,0.960540406264859,2.6647690723021067,0.8961194233103346,0.10761746667131997,0.5200918473387129,0.38323284576896355,0.22687992067208154,-0.7571009436376294,0.5174927270911854,-0.43783564625030047,0.12062633748826722,0.12572613086561704,1.3269102316568566,-4.6794830544968935,-1.1342655520913498,-1.560533099801783,-0.023862661914758835,0.6134046991378314,-1.7514752687861814,1.2234548313359856,-1.651102024099342,0.28091882914995275,-0.9480675563746646,-0.6681813005649498,0.707241943057966,-0.0007491286691307959,0.051156127672884875,-1.9899636495901183,3.7694710641066678,0.538804442161831,-1.7495962711420363,2.333463033871359,-0.6126862522940711,-0.8906560171324429,0.16569038764365981,-0.06133944502256153,0.010204467060894649,0.46905530888762687,-2.662416653378438,1.2159080843241175,0.48471130861848527,5.394673947571142,22.289399607583757,-6.14787775305135,-0.09699869339010864,0.4848244596723225,3.6639525892582827,-2.5638494006712467,1.1593779139935037,-0.602005850030684,-0.34221261283283105,-1.0547718285480927,0.2540081563486744,0.07124699281112803,0.6414710674171669,0.9979714002889216,8.07721253933108,-2.9033726108908335,2.7258954235165533,-2.9484487465433373,3.9777788738315483,-1.2431052623871603,0.5425363582711398,-0.15583777514652183,-1.12569844730849,-0.0776973593727769,2.1846990765523624,0.4674097980325574,-0.03389920526043827,0.5365837671530451,0.07323250768801226,-4.899612217021761,2.2809312714741314,-4.393110941464103,-1.4704867445784957,3.009517179270637,-0.25616734181102735,0.9018451816831502,-1.3746781194050548,0.7229337357843041,-0.7857175422973207,0.1834804270393647,-0.9503974023317713,2.464932038890452,-0.3321953811945599,-1.6590864167325694,-2.098706673036099,4.39416994511844,2.1670918635502754,-3.4656397022959777,1.1941651765447368,-0.07855215718505039,0.7179605446779017,1.5419692409461165,0.18520855718678747,0.3333350478575166,-0.3521784239703279,0.6661748089114419,-0.984525712834261,5.88256666875606,21.887963792450236,-6.415781106205624,4.5322121908716415,-3.1703206011154457,0.09090629690140989,0.24961659085467658,-0.699248493725461,0.7397275354120671,-0.4860805669529879,0.3396898389588788,-0.22558662353391912,-0.3469562449829169,1.808659511397397,3.737654909235122,-3.101165664199057,-1.8460586151724399,-1.0554865611310422,7.7117364531579575,-4.512735731733793,0.9275421357411459,-0.48845283677019025,0.44704200250821086,-3.240193390521226,4.500384401586808,-1.423857731163318,0.1110379697428732,0.11694152147334011,-0.4479334179850314,0.709574043019882,-0.39189099789888143,-0.19083798996678197,0.5929720053219526,30.476899243462398,32.444238560191884,31.112790751468303,30.868735498101703,30.328581494041508,33.53933259976414,28.13499881187779,42.881015003991024,32.568097509731345,40.205458047013124,34.89577698719422,36.53566182554111,43.21389276510352,36.851382942430185,43.576971787107425,34.809757708933475,44.88290872238894,41.105249576209445,27.778684257983493,26.375306319179693,-0.26819564127649176,-1.3349517943189388,-1.7679457905660816,-5.845681262772615,-8.157713878336017,-3.7862673190537715,-10.503135658042362,1.195551103278848,-12.035890366930749,18.674516259497693,-2.850766428063926,12.996501203235372,-1.0685043695182346,5.406471665837053,7.656551715278646,1.9217493797682341,-2.958059181357471,-8.476458474438747,-5.215185890151544,1.7633353683293898,0.30554753682313857,4.7859733437801095,2.078914158714337,4.1940466046995795,16.669772593637294,-6.380144149968484,5.883570699975754,-6.646719945332547,7.11148150792476,-3.6931352693094306,-4.863516404320798,-8.56105645840196,-9.138636396987115,8.025397089449179,3.6841475786575844,19.75459311491853,-8.935726741354676,1.830299585257098,-4.082615294196364,7.950874498014977,4.921704711753902,-5.65278328026157,0.3023651073363771,-17.797180826131957,11.752993453846903,0.7038631776821765,-2.787810415853978,4.045407833501911,-5.873909092965612,-4.060517229010329,14.850443278073364,0.5607693462063287,-1.5432089410964103,3.401062307657918,-4.086902874224627,-0.8596221489595678,4.413968987472595,4.917720516757651,1.925333514833054,-2.613439565522734,0.9671589843075319,5.638761743612846,-0.7259819599824144,-0.13029382596063385,-14.351345905710668,-4.804286351252557,0.18626998806860098,-0.26098823120842823,-0.4547848592064656,-5.144490615322338,-5.632978630131976,-10.656259612085016,3.4224302473576107,0.9939469237672016,1.6033869592704908,-3.4413679528049834,4.662493558900888,2.716261719396701,21.10175082431123,6.199421888211386,1.5333611293499456,0.6205902145794833,-2.4470843322546947,7.765472216218014,-1.7348288094969428,10.817007251139058,-2.442182811373544,-0.12182995570405945,-1.0661640830243613,-3.7515600698119886,5.515393111891609,-3.6261264204959676,-3.1658427581160447,-18.583469051806574,-0.32249688782155866,-5.828414270735249,-4.824429636707695,-2.255759823469598,-3.7231904946833323,1.8577150523011883,0.3444073302046055,-1.6373001695071345,3.2491421278823904,4.506155000537333,0.4815713962727603,0.06376125042444838,0.32889675046043815,-0.3345400450749431,0.377004718845237,0.5988055526612318,5.124541714672982,-22.928551920825004,5.2249653901373145,-4.596177965189567,2.532720579214075,-0.720187169216561,1.3340667701681808,-3.083486264184845,-8.226874941421267,1.387516377451056,1.3053767512128132,-1.5028475174499798,-1.0746829512735863,0.2892999490376906,-0.6210480681268725,-3.955421803768392,-24.014364825626622,2.3812877397109746,-0.25258684653909036,2.758975935196355,-0.34514095971944664,0.9788820156100472,3.4882750094206614,-3.6772626051875776,-1.3569113894008293,0.7982116213026444,0.1373277641618229,0.05434359112212628,0.5529745816987126,3.3974878664210655,25.236574397840116,-7.087203271167432,1.4134995527135776,-3.9356240780595995,1.7229275373035118,-0.32058092366634405,-0.1695717923121266,4.42760141870162,1.6359416713375756,0.4382107606673167,2.6052007246098206,-1.5192187880806076,2.9203573966139853,-1.988024089727467,-13.801852959298936,-25.75934942622619,18.853667327910205,-5.382683207714749,2.019074319323052,-0.027902174058019216,1.8173929247531726,1.7528853789038257,-7.694053071860842,1.3512014505824725,-0.6319044074966386,-0.8187039176207838,-1.0145818382268053,0.3067133244312136,4.4301919913853745,21.47351093835244,-10.318739488022196,8.246019371072048,-5.048531468912926,2.409773962049218,-2.880706159702284,-3.330766447364728,-10.096848943617065,4.667604775617875,-1.810673441102807,1.6943413441389124,-0.890061355092113,1.1399693055161964,-0.8770708963741568,-10.431913464082573,-30.26980655474934,12.444849126611299,-8.101584239845948,2.5219347849058087,-2.297464858450578,1.6351545621053198,5.5125413569148,4.125974865561603,0.06291326278311436,2.616052571041904,-1.0031717539266702,0.33385043793284286,-0.8423111254750204,-2.921319301203245,0.9613057208585516,2.2433231599237944,0.5041151611009589,0.48664506201304136,0.1272469715174089,0.04049404281008988,0.25820369948448085,0.8388869602194422,0.604463537794173,-0.8429570785133201,-0.3514832338751636,0.14541911119605816,-0.14826773623041029,3.256489810696188,-21.36870790266079,6.123298034740806,-6.810103431972895,0.3941827155109252,2.567379185663975,-0.8083448053698356,1.423161636351358,-1.2136824131006945,0.38996587149677087,0.050907887513712634,-0.11913910014928208,-0.24882326072598326,-0.16786848440438543,0.2479927978119931,3.4251623615295363,-1.3557041395822744,2.063139050731813,0.7342559118528585,-1.4474894132549179,0.5405720513613711,-0.06131702839751158,-0.4450748604000685,-0.17858485687826736,0.5875095046648392,0.07287152172760968,0.03570469490236118,-0.09976809942454476,-0.10471874083763127,0.19953081385728366,-8.078626041004888,-32.02258257478754,9.853164587522603,-4.553876325012151,-1.9946411266660882,-2.1796719721312345,2.0334010842661474,2.364990408016584,-1.0069530959871669,0.37091030966777905,0.16931748001462316,0.14331914702850584,-0.9137739284485615,0.3724950914025388,0.4625044401574132,-4.714936111884003,3.21085849129299,-3.0726706906948316,1.0024165210993534,-2.946838268441734,0.5998126255943242,0.731780543823584,0.2935808684273083,1.1948257477957427,-1.7803123160848149,-0.008803918074384586,0.7440339472802822,-0.45411750053667227,0.3181407739441361,-2.2371941113494858,16.356151870697563,2.361411238284608,3.878741094875964,-2.1681612395755763,0.33142018507280774,-2.4007182182016944,1.8623727862233193,-0.8152489629156249,-0.02070841269846203,0.3255728890541713,0.5890699283248855,-0.7662642955744573,0.03772997697562266,-0.25156409146268827,2.088705471700748,-1.3640973913466885,2.974934573559642,-2.3987654497583213,-0.27045878717663185,2.123618183649882,-1.8858946430256696,0.556951176404594,0.5022802259273912,0.35666332325576583,-1.2989845598972725,0.3201323846567609,-0.07406604573197069,0.8765408740712843,-6.836609456422326,-10.69560205875841,5.969261502188793,-0.9417700187039029,-1.4597287316563785,-0.19138307925527626,-2.1658685322856077,1.307341024558241,-0.9542886750709197,0.4854358674380611,-0.6071350094475272,0.31846342212787954,-0.17030928492087116,-0.6457794707339255,-0.7481044488323871,-8.89932708847667,6.200405850589847,-1.3689479594809189,0.9877787358400604,-3.3781633068136845,1.4609503909201518,-0.3676117498340727,0.18026118066656494,-0.8050158037414574,1.2233606535588764,-2.044615050445337,1.2045081595767808,-0.4806644974364638,0.5629183447358971,-1.852825063669693,16.486894465803633,-4.361631947616208,2.265773080781712,-2.89363664599433,4.346151058149223,-1.1694417911326553,0.7677150822770461,0.20770514144703825,0.14096770641770776,0.4062376038039255,-0.3868089217411186,1.1696468341098976,-2.479171190695258,0.23147892183310853,2.9739922334987203,-2.970359840088171,2.5846654440352648,1.2977493448411617,1.4860464473350081,0.5272148595223888,-0.056432419844598375,0.21353317325874366,1.7626607477529799,1.0937781817217085,-0.7274392410513143,0.05842606930637767,-0.034207101099870484,-0.44274701438663766,-5.651119723492345,-17.078013229692694,11.218637334284182,0.1454978493085911,-3.363139249575544,-0.43615274230722095,1.9839901482906022,-1.686809106728356,-0.18247914503578624,-0.04396640135688625,0.385677811871816,0.1658991441704261,0.012811866371583531,-1.7706173816128248,-4.157914565704107,4.30122909625019,-3.2391813957979836,-2.0312659792603673,-5.672720771783924,1.810092448242216,-1.2183747239417864,-0.41814841960216886,0.40024189543186744,-2.2045054481068966,-0.49554818872740747,-0.06308632344678629,0.020696274376966247,0.34563247166970973,-2.2592442537113295,0.16786462964314602,2.76585468694134,-1.4657293377356158,0.602756540202969
43,-1.6688886962246199,-1.773520194611297,-1.639274339562204,-2.945800470092048,-2.112270491825474,-0.9829689003876301,-4.106398898328672,6.655130907613471,-4.456997816790297,5.365540204179678,-3.039177330021006,3.6172805885227457,0.9656424591978578,-0.621576926533997,2.746293854575797,-2.43835729354118,-0.8826394615534884,-2.3898071912125207,-15.937983186661311,-18.725009091411774,-0.18985598711783713,-2.3607650160351517,-1.7654074898215912,-1.1683010095818067,4.761054353439844,2.8294173147627015,6.204273482112822,3.9993499779279436,-5.546833375080948,3.0609656085888894,-13.96121381655707,3.2978223054326867,-8.018447844313668,13.733022182902213,6.197579874273032,3.896157156888534,-4.778391728232917,-9.187824737898193,-10.218273396998264,9.227470585111554,0.12183232850831535,4.084559058721292,0.6428660563626041,-3.981035260284115,-12.420621592143245,-2.524428097098663,-7.667547600885592,8.862644249887452,-1.6991116780985165,-2.0560383984370234,5.190532173424135,2.078065170410553,10.017052553879106,-4.512143176555545,3.5007396249757208,-16.01043145343474,-4.976642655296298,-2.715352100354399,14.829642109302165,13.470219739998718,2.0674308142904136,5.407327099254954,-13.991360470247388,-1.4280641418813116,-4.994096334666761,6.040768987231422,-4.537246293412543,5.121637991823389,-8.069798605038848,9.41719853969092,-0.5585054449346349,0.7866541705950685,1.7116240782514736,5.057490699447119,-0.6061604741530111,19.71167692348722,-2.1696844442121246,2.5438361287296787,-3.655454535912789,2.8045803821709465,-3.922972476460216,5.98981767681287,9.043255869920392,-10.374880161911255,4.693648604255265,-5.623413324451543,3.2759286140517796,-4.35267931278822,7.420900278482883,-7.926828891093516,-15.106030652178418,7.6954023138909715,-6.311047679503248,7.2062936161078905,-0.30309527010072246,6.50471425640809,-12.929888953838665,-14.250575536828512,7.275116742360126,-5.02322625996288,5.436161350998659,-2.7024114863367963,2.879141519664509,-10.17445642679219,5.486612831001883,6.395870640557626,-3.276078495015146,-2.3226420882850163,1.6969721405622897,-3.201751063425551,0.0836774960719382,13.718775923771434,-0.8306659865946285,2.1142603669495363,-6.311085421470794,-0.26038781401695565,-2.629175039659999,4.459155526969372,9.298417108118004,-5.602108834405804,1.6191940814974037,3.3738290049455317,-11.375692894151708,-2.2817979729038247,1.0490526599956964,0.07443177495799361,3.9942130880844995,-2.779315750165792,-4.506384138277265,-2.7951283706486763,1.550053332441558,2.2159203764225848,-0.9175125072242227,1.123036845938894,-0.3012770741349403,-0.9182989042502158,1.5754998154456632,-2.51270819596379,-2.261656584404824,1.4476090304881888,0.8476181718134957,-1.7417673071546913,2.656266732201805,7.9176390307220865,-11.747290210784307,5.163435752650216,-0.8557683989991116,0.5812301288709891,-1.269536910642764,0.199542973507764,1.97823652946604,-4.897680911412035,-0.3907318335379704,1.26508205305165,-0.8517962528292201,-0.26698809227166515,-0.006466582476229104,-3.953403777831172,-4.524144133438617,5.9405852340748035,-1.1083139101254178,-0.7590206667713821,-0.6733384613803645,1.0638535222916996,-1.1554623262297852,2.283626028114158,3.8491760647953552,-3.0013308638122367,0.2545542667278482,2.0963951909294427,-2.3435703357119673,-3.9781668609422516,-0.9485641034007801,3.9462144752776536,-0.8799679654203624,-0.061367927136728964,1.0995651290291917,-0.4980437858876946,-1.1967336215075586,3.0964872443422817,-3.6174764157942043,-3.7027945056604747,1.614876419879931,1.175473843432491,-2.3907327784103494,1.736047297319831,6.423030746226442,-11.491439759715986,6.091376231898726,-1.695529644844388,0.45457893291567736,-1.6773777582439262,2.3912650013018744,2.953792534802358,0.3489710832452813,5.179608643906321,0.35480978542191094,-1.4142961804198004,1.5739818110978179,-1.9202532735462026,2.1633670562981413,9.18914713088197,0.23701250895226514,0.8908818209453641,-1.692494922841025,1.0728312768940473,-0.45209072880673606,-1.3564768791054245,3.1161852905675715,-2.407708662968223,-1.852860211392551,1.633771775322792,0.8783012180126117,0.039091944884043855,2.1509690753687636,7.584490910308574,-11.604659673942045,2.559447712672585,-1.122262619719791,1.0662432880936528,9.521939634551341,-10.903626803038792,0.7347469244608617,-0.37469175418195566,-0.14082663196785453,0.8818009335333817,-0.30980991265276087,1.1090137829966886,11.69973621474299,-2.995318276251437,3.845491239875589,-0.8786972175774859,2.592448106717908,-1.050197118077227,-0.08869804747715081,-0.06197504440465336,1.0836770682990438,-0.3129533500648747,0.0438790901903871,0.03401742898404403,-0.22443581986895725,-0.42387199002951487,1.2766983655931783,-1.088391271525595,-1.4195848270636375,0.22910504640798043,-2.1237842102647044,0.7084753781468702,0.06193376912092928,-0.14531989524029637,0.3507884557870803,0.14738312989284258,-0.5228615843823722,-0.5505636419319567,0.12149358642389466,0.011508543479018406,-0.11279769726564311,7.291421487679624,-1.4734149063561441,4.297601754113369,-2.3689403979380512,0.4076060159716327,-0.09505217950668443,0.15416357905585593,0.4282957844267498,0.006212405862766711,0.1812869639123976,-0.12399657776676683,-0.06594310206262292,0.37040734278524723,1.1838848592413649,-1.0462281913984295,1.4666773940192541,-2.1900415145650585,2.3328890347476734,-2.6964526431280946,1.151834523069044,-0.3289337637298828,-0.05682060643951672,-0.9880390464638705,-1.017491836691813,-1.0978245351843203,1.3839122027112825,0.09027435295324616,-0.2066357200296394,-0.38535293500535406,5.26289686730422,1.1675198138814626,1.9194030752266051,-0.9196064570059247,-0.19356139101248127,-0.011306101100985597,-0.2561384119795168,-0.13111124996550053,0.029470109934972448,-0.3789019215571711,0.1176633694950793,0.020125150090792767,0.1508293950293405,1.4504323152103344,-0.8078343874762435,1.6130333634837302,-1.3650328418099877,2.870926443480425,-2.126359856691747,1.1826308934311316,-0.4871259266284909,0.18244548744749925,1.6074289124092098,-2.5373303889257577,1.4568415119864675,0.1496582100870256,-0.07916696057841334,0.4920674036630383,7.241123953062138,-2.7193890782757455,-1.164500878052448,1.2483179845283727,0.0920898894978118,0.9443917427455673,0.17480015133843674,-0.24056426812107595,0.24688675172261731,-0.2302304020913121,-0.3361167862566911,0.26452381091122884,-0.21326265887160814,-0.04058489228934798,0.9484668549305654,-1.3827709257778196,0.5868333840186724,0.919350703644709,-1.6253706820285956,2.069481484377887,-0.6443809247294902,-0.3435978091297402,0.02254525995625613,0.8845844927353781,-0.03137895056055832,0.24116973247175713,-0.636131872069894,0.13147675329990063,0.32271706216134294,4.826572405843943,-4.3197872734051765,-0.9737641679781822,0.5265453791067084,-0.734937088007459,0.5903242130869987,-0.4405039310445151,-0.2550613899304908,0.5429749665003558,-0.15702516067933606,0.23169640882820527,-0.10227903535329576,0.8953425363830261,0.9409521454600656,-0.21135895242142072,-0.9305320491135199,-0.6288750416565945,0.986655962382965,-0.03200657457550736,1.680882230155936,-0.4780145615527652,0.31171025123042145,0.5221669674990893,0.6303947262567514,0.3652085764115509,-0.5464097414539171,0.4317116485467024,-0.3129713122854003,-0.11870914045758137,-4.3621031404143125,-5.980635645178259,0.6059185192626965,-1.2874950065029944,2.826742754104851,-0.12680528017396464,0.06720764495051273,-0.5665261210606336,0.7265384782408002,-0.46091740619479327,0.6458456879087612,-0.5193702362761288,0.11656547201053807,-0.5156807784631965,1.7273139351847242,-0.4349091549330853,-1.481641940401902,-0.8009646025984101,-6.010313947376658,2.1421408004782667,-0.4383939140864763,0.134294181236521,-0.5685747969628661,0.22614965629953776,-0.21199568284318795,-0.4572113467971704,0.3849420467227391,-0.2236323462226691,0.2647749041323636,8.976745637622937,-0.5182498387174576,3.3840937243198868,-2.0735678618802864,0.6335560712478157,-0.052956978183390034,-0.03402944803017767,-0.07729761737825842,-0.4868915926049824,22.245547297309585,24.087656594566226,24.749021744589186,23.331842572759506,25.00698459496953,23.270862983695395,26.90630707609792,-0.6961665216570356,1.299475065233643,-2.032044208608599,1.9059765165730223,-0.9758167095462587,-0.06400128630268576,-0.5702823816191693,-2.4259739710000177,-0.9335461625271899,3.724096481283431,-3.0066945974357755,24.733602944273024,33.67734022614523,0.20522025209077271,0.47929335360524933,2.108854803215178,7.434806052714133,11.266139171141502,1.6964398956610605,-2.465030686065387,-6.5222574450827135,-6.347736481872264,-7.44319263472965,2.300810525313553,3.4585923249354953,8.171414710339688,0.8742847574700567,-5.313128343622697,-13.712510911103417,14.331952222924283,7.404575414384562,-6.046232864208443,-7.454180072100063,-0.23252496881667772,-3.235393395069665,-0.7140856889358171,10.773478147178537,13.251449122769888,-8.516818355345325,-4.344427223145836,-8.60809338029145,9.506359013911576,-1.354614925071439,6.188296080408074,-11.560305733476564,-4.29461008043515,-0.447911851551052,9.768955810060092,14.42929606240179,-8.20371511982372,-7.530386474574938,-27.529594385881587,3.0657056234524025,2.5031585473724687,15.600359167014771,2.3684010234904527,-4.148797075636365,-2.204349136995662,-3.8955235059690962,26.377524580995477,-31.049140349001952,10.257292215466574,2.205358899643146,1.7436348899557685,-0.30263004804638516,1.711841792645865,-1.9959690777143564,3.0918478809203283,-19.428874490742082,0.02821218386189294,-0.9060300588361874,-0.33991278649651224,0.20524845829061764,-9.00057195493296,-0.7500316508629589,-17.08614817168704,15.119999164955141,-8.720441144579642,-1.1248360417370062,-0.33290536493247624,-4.251812792365807,3.385848396725611,-3.3048125254118923,18.292059902728436,-14.457592691554174,3.261341371048637,1.8357625913118893,1.566743747631572,7.8199194071399925,3.5152570565014414,15.297165492221216,-11.453014583841735,5.438633331394941,-1.2873166471190765,4.952899716440422,3.2256108615040127,7.606583815984211,5.89081635355151,-4.538047328635316,8.072371930413537,1.3233607772851594,0.6325107270631998,-4.026583306978041,-2.3740677872821863,-11.687449128297134,5.812964547742703,-3.2586600796033935,-0.805729956821751,-1.8437358447847723,-4.830834148217885,0.24051034444038766,-11.849473374141022,9.129825729283825,-6.7956281129046205,1.7797429524888184,9.306643108345508,-2.1848338019555498,-0.21054087607303368,-0.2203743054995573,0.3071029076888798,-0.22329055887149077,7.652782503747385,22.026966469976895,-12.237848778541933,7.2787319675864035,-1.3778058272000204,2.4842642800012222,-2.8725578314922515,-0.5487849036534432,4.105820399179567,0.3320835570615941,-0.668467861426888,-0.8497252738762394,-0.1540464286288089,-0.13877297385844883,-1.3566010261320862,-21.270497463900778,5.662132293406209,6.713741015077292,-2.112765037907718,0.1633286527871481,-0.6973808714316441,3.530191851307546,-0.9654584380074598,-4.757578168077415,1.6136653411732151,-2.5072851026994067,2.9346551260517715,-1.1469794270300422,0.7586785630004916,3.8531349850068137,26.413383481995776,-9.601309890171883,-6.651396429340389,1.5968965746277772,0.8828532755770734,-1.129610100678256,-3.03150458589964,-0.19293994842045328,1.9200193178295322,-2.5664577447641417,3.0290969430684487,-3.1698401110345236,0.2252501974922316,10.184901967900712,16.029644204005226,-14.723106295363154,2.729090137759035,-1.1818338013556178,0.7333838909685875,-3.392709373842377,2.4926802392525444,0.6145706101584523,-0.919110377832528,0.4433889598486215,-1.1890599065815224,1.9263809928204751,-0.46169027258759704,-1.8205908248810483,-22.482079940837526,4.701157049030192,3.548265435455621,-2.5000300171888945,0.6291881660609686,-0.26621721166914686,-0.15439945625792148,-2.4479068241540225,0.6866341641021961,2.557751901421812,-2.2348230639191473,4.730696693447403,-3.2379815098992224,0.8456865768892317,7.550313656843004,13.271906455658188,-5.448986772274627,6.013205177346421,-1.4461423346602735,1.0534975486807512,-1.1567687457619977,-1.5334506731701358,3.066101406510271,-0.868847325554377,0.4579004497532639,2.8077858171894037,-0.1053404868817796,0.2786767639840637,-1.0712340464589132,-16.53144698455039,-6.870870090220256,7.327761198524936,-2.4666934603941804,-4.787954045286469,10.761579209627588,16.421267143224387,-0.05194409697371151,-0.31960261791829514,0.1461211865994821,0.023331218891412812,0.7784565067523096,1.849959691066755,-3.616813428337377,0.9477608828864461,-0.00402659687909326,2.3277654832791055,2.0227200258380362,-3.379918797848407,1.949221220978443,-2.032827081425456,1.3180773088040052,-1.6119181830664246,0.21895382257501728,-0.01785032322411756,0.28111666304674504,-0.6445072869451628,2.388960437136408,0.6768778021327797,0.27499347920686257,0.8992335248361802,0.2667089861238274,-0.31195147984794264,-0.302331476905646,-0.267121961225759,2.7514309084731434,-0.9839389228762415,-0.10810619201697198,0.4371494721668438,-0.39631696127671273,0.4664440145089495,-0.2614564188298935,-12.898386030207368,4.566270065116336,-0.6326822286609824,-2.202518746471304,1.506859098007712,-1.968710518474201,2.779787854753994,-2.3034591913313416,0.7300430718136728,0.08587932192621517,-1.6559741977159106,-0.8354515914431554,1.0130369525408816,-0.5680619389564103,-0.4309006968731243,-0.18525654821375187,1.1462935661396276,-1.9698590882072418,-0.031694897035426245,0.08449888278305068,-0.01951564384655381,1.044340533507154,0.21846293249440124,0.7825393095047501,-0.10423788993753128,-0.022000697373775628,-0.05464829510016145,-0.1500530264766433,2.9484644185555053,4.416932241674173,-8.621445480409474,4.164715355743306,1.0334295145628993,-2.3457432956446116,1.222314497289899,-1.580233938157434,0.6659807482549165,-0.0921364103882201,0.2626257296767992,-1.1358453258164543,0.6658923859448418,-0.40844008817145033,1.9590290962601558,0.721648839975169,-0.7309110530414494,0.3696004583761784,0.9832177050177775,-0.7342270049833407,0.5860643324668962,0.6293908969251685,-0.4016500989475349,-1.0242590598188768,0.3568384385088296,-0.2590692095338318,0.14375365103901797,0.34282698378063997,-0.5596580089163314,-14.819389093410477,5.852286360236876,-4.479376827722486,4.641746380584861,3.4699613588123333,-3.213411817057674,1.4480964278204338,-0.8406612196526427,-0.05614728312663966,-0.01381954721414146,-0.5596373321572629,-0.0994615697232266,1.0209642751389196,-0.5805401943223752,0.2622168272987955,-0.6870681265832911,-1.596858043594437,1.1143715906825387,0.5528781492217822,-0.7096652363238102,0.8586219853501185,0.7418733564629929,0.8712068797224466,-2.0283925848348052,1.2211262828779768,-0.09506761845337464,-0.09453496763692498,0.055041173697716696,-0.36850540482331223,-13.518549761493011,5.252948608571589,-8.266203695072244,2.610954547414688,-2.9782429285032612,-0.30278543243745953,2.0497937770802803,-1.938582001951382,0.5405937698306672,0.07290417391716136,-0.24096271365469518,-0.32320159221991923,-0.36256994644119317,-0.11325451651646569,-0.5088068908906166,1.7154975383560624,-1.971228234245147,3.319726639760401,-0.8881676556711936,-0.1973621696833091,-0.9516036985887673,0.22072830718939768,3.200084621209615,-0.8344526212772813,1.0447022486341873,-0.4956623277404224,0.14404436842713542,0.2725257305962102,-0.570993340382846,-9.200956702357344,5.271271686532155,-4.918876270946547,1.8216942504022315,4.404555414071812,-4.989859318826368,2.6232441137163485,-2.307077731303528,1.1428584599071625,-1.5161011700178675,0.3516636201540704,-0.4105124780092978,-0.8842182992999904,-0.07674831861609165,1.2387088866154383,1.7478448418786945,-2.2129282908553916,0.4125346447551831,1.4616893719301602,-0.28834861619163066,0.5849197018316797,0.09979914141630565,-0.631002666840406,-0.11030786809766328,-0.26023543679874983,-0.04737382479770074,0.03553176313467439,0.5347850701240456,1.7043214760821002,-5.251553889777586,-4.294830040193085,3.6067125816400334,-2.2520192218351003,1.6869036237474566,0.3614102405884217,-2.808412477346651,2.612179777596368,-0.9396972657278051,0.39129779026762335,-1.2811946540255519,1.3758635587261385,-0.5613683246410627,1.0549613084397025,-0.6871351126768926,1.195818673708407,-7.033412309839533,4.486272877054311,-0.7281531392559323,1.4361770199293926,-2.66056117435209,0.7195917809039664,-1.1572180284409783,-0.7929240296810163,1.3604605953284041,-0.8935182860043673,-4.959995657773434,23.474092994267643,31.72108032113459,0.5059443364899049,1.0388779028302013,3.362786229693719,-1.925353050234311,-4.1162736652369,-6.193879134904232,-17.65701763340347,-8.039338153603376,-0.5179392149938832,1.9659011746719723,19.476174398054532,7.5509079320960035,13.743591711126435,-9.1069368270287,-6.261636195893269,-11.642332664701538,12.29062541369384,9.833928883875892,3.160410680246848,-15.351584598845404,-0.8244861997202224,-9.61957266171952,-4.1873098403332545,8.468799077901313,17.639219369922166,-20.90209787250003,12.670099399547345,-10.649948423038353,9.213966701753101,6.22090260495074,-2.585235389222664,-1.3098072902352826,-13.420153789654536,11.701288296745746,-6.1622958392909934,21.323589552631336,-12.573429367784135,1.3430608359392207,-22.00814925837561,-0.9779374848428111,11.893667036605436,-4.463604633684144,16.40755749710488,-23.129302829205717,12.429312282653388,-11.912432435837804,16.923096276694633,-18.795366930328136,14.31395590010092,-10.826056096697831,21.02510451720749,-0.7834821247791909,6.673282159029959,-4.782114221483936,10.596961201912888,-19.69281688621662,-2.6574724757805304,2.701298480648106,-2.5384161244818273,6.222292686992764,8.414303778736732,-4.954646727755321,-9.32817331628718,15.195717152468303,-6.498135314380908,0.6189049626633155,17.390834434236393,3.2583539265485895,-7.405652271138099,0.6311581419298942,25.724272513272915,-12.136061398912897,6.0237119650798245,20.01240734595622,-3.6941892095280804,-7.701476714763344,14.786782132312899,20.16336645251811,-13.49253792318337,4.958542993273556,3.262491629610535,-11.721218934088817,-1.0859535365214301,14.779140409132804,1.9732032554042866,-9.091174284817315,4.048755129499551,-5.190370249744509,-14.992763877506356,7.891178501460786,0.3649091479638225,-25.40415102263378,-3.1072537961020443,4.018311972934828,-11.644286511702289,10.67796728516645,6.334833790787484,-3.9175289270613174,-12.880390072756883,7.283630125611537,-4.163614257270162,-0.9680253963884687,14.101276657369038,-0.09619732424093999,-1.0391302224886125,-5.387802180311002,-1.5775599649309602,-3.4460389326856933,2.804231376787759,20.545886904734854,-6.5230047852072355,3.9254398776703026,-0.11987261016468291,0.3461441560687018,-0.8606073116788905,-0.9912022134223742,11.11369234612247,-10.160404295786291,7.310515419800555,-3.3083808506623655,-3.9121562200901248,4.587301077301683,-2.4422993884330926,-8.02585118848138,9.756747925657137,-1.6539286053332392,-0.31202362527482835,2.5421105525896093,-1.1469891944446167,4.613661236090525,11.96432345407822,-4.379079696625969,3.9014123275603385,-1.1887719445127973,1.7350845721318946,3.691873878989964,-3.213281190037838,2.395064476019471,19.04188799521742,-9.361608259632487,3.0605332355261674,-2.536229023370002,-4.025974063642157,1.1473957610821532,-7.785401948893551,2.1618162848546465,-6.348752355345337,-0.3377562215245448,3.185930607354212,0.8350304907792099,-0.582328948074457,11.1484851057081,13.243181207233777,-7.512208774925746,1.0942336152633045,-1.6054800478837483,1.0421108215058341,0.33942690137388143,-1.0797595668021664,7.806595284092965,-9.84907675552674,5.897359568437573,-3.3144715684044477,-2.4466514956345318,5.076455720782554,-4.676329924125718,-21.632477790689457,12.47882430096248,-5.44601759725103,1.4855520471890125,2.822438567210742,0.06799018097282163,3.294737850019729,8.493537377644326,-6.748821026054971,2.1522885493017396,0.7373537463666285,0.4253211947528756,0.3129490885554156,-1.7479777493615143,13.030805546352836,14.022214225910103,-7.691138989321121,3.432114781309188,0.7630400353780847,0.448983975615442,-1.9910392471383822,-7.802624942279651,8.117141502236175,-11.908280350981338,8.767626026348523,-4.824147794879462,0.5559809958425257,2.8624237806770934,-1.2471377032770012,-12.120309997888654,3.2659909854111846,-0.45272574337132526,-0.022668317189391024,-0.5255206802139084,-0.9913342236027113,14.706895682639752,-0.8067638073441102,0.6337150690114368,-2.462417258887618,1.1411181862781186,0.48471130861848527,5.394673947571142,22.289399607583757,-6.14787775305135,-0.09699869339010864,0.4848244596723225,3.6639525892582827,-2.5638494006712467,1.1593779139935037,-0.602005850030684,-0.34221261283283105,-1.0547718285480927,0.2540081563486744,0.07124699281112803,0.6414710674171669,0.9979714002889216,8.07721253933108,-2.9033726108908335,2.7258954235165533,-2.9484487465433373,3.9777788738315483,-1.2431052623871603,0.5425363582711398,-0.15583777514652183,-1.12569844730849,-0.0776973593727769,2.1846990765523624,0.4674097980325574,-0.03389920526043827,0.5365837671530451,0.07323250768801226,-4.899612217021761,2.2809312714741314,-4.393110941464103,-1.4704867445784957,3.009517179270637,-0.25616734181102735,0.9018451816831502,-1.3746781194050548,0.7229337357843041,-0.7857175422973207,0.1834804270393647,-0.9503974023317713,2.464932038890452,-0.3321953811945599,-1.6590864167325694,-2.098706673036099,4.39416994511844,2.1670918635502754,-3.4656397022959777,1.1941651765447368,-0.07855215718505039,0.7179605446779017,1.5419692409461165,0.18520855718678747,0.3333350478575166,-0.3521784239703279,0.6661748089114419,-0.984525712834261,5.88256666875606,21.887963792450236,-6.415781106205624,4.5322121908716415,-3.1703206011154457,0.09090629690140989,0.24961659085467658,-0.699248493725461,0.7397275354120671,-0.4860805669529879,0.3396898389588788,-0.22558662353391912,-0.3469562449829169,1.808659511397397,3.737654909235122,-3.101165664199057,-1.8460586151724399,-1.0554865611310422,7.7117364531579575,-4.512735731733793,0.9275421357411459,-0.48845283677019025,0.44704200250821086,-3.240193390521226,4.500384401586808,-1.423857731163318,0.1110379697428732,0.11694152147334011,-0.4479334179850314,-19.527849657572318,-3.180279203044547,-2.5470069107557256,3.3998866434372936,5.058206009590301,-0.845793343033505,0.25849494867252537,0.08758628097016337,-0.0594837331438329,-1.1066844537113962,1.7125943382145254,-1.03967763645448,0.48996200658264566,-1.962241420584002,2.915385610305759,-5.080589445077614,1.1273121254049783,-4.008266281737242,2.2442919950080844,0.361146924608579,-0.9806939376694991,-0.8751472929802987,1.2457438344868392,-1.3894762491832655,2.407063678351654,-1.1389407321829175,-0.19089632778680962,0.1658617342439492,-0.36872931830849665,-20.460114569497946,-1.2077755286978995,-1.4341231564208594,1.998438847801406,-0.5450231420565544,-0.5496782545059401,1.0027785686154882,-0.8150860011028962,0.04110034227880956,-0.7429239884491083,0.7687733273258455,-0.7240665315446926,1.6488894157620066,-0.6993888349459,-1.7763983792484734,0.6418828774980869,1.0745232878857076,0.1279732371828895,-0.610890355204911,1.4620034820658583,0.10410882523372328,0.314700771254012,-0.3379243351996767,-0.2537264533727253,1.5018127347992092,-1.3613848125695105,-0.09899101565806465,0.6264094033434514,-0.20215805471289633,-21.302355731991067,1.2726127938562077,-0.4119809594541096,1.179924396622213,2.786332445570181,-1.9183775471220168,0.37840723019261174,-0.3850139779172824,1.0477384613547398,-3.0032298230758103,0.46673555115630555,-0.34203686429388713,-0.08914200294186098,-4.1646849514702,6.338067693379735,-3.8367824283830223,4.090212554666113,-1.3441952826442602,-1.1317984444574658,-0.5217164683160733,-0.36446684038276966,0.7722910472901535,0.6099103842042066,0.0998932013333202,-0.2856593101561327,-1.0032036496734402,-0.09146632177545169,0.3407820702833541,2.269224610610668,2.0670579595602843,0.1816229413539143,-1.191691441892178,-2.007109139689217,0.9646436871830593,-0.2668545721533655,-0.6147604263717831,2.8693004846710695,0.3761775312394773,35.77630062195006,32.0534139080695,32.929978849997035,33.93890209102493,32.92911524201067,31.992869501815917,35.08342074039455,42.68627679700931,39.54746959869392,36.567718050811635,45.04538712873691,37.15737962919335,48.75204868407734,33.55758642181475,48.84790622250574,35.396667165368136,45.515210743983836,31.781223269738792,65.46646459807543,70.8103194907589,0.09418134746038881,0.5525328339463513,-0.38470383070980263,-7.458013016032409,-15.996300659809812,7.703784336520832,-1.811533991281879,19.338321789554477,-0.798415011614543,3.358570093546445,-3.6742153812204075,-10.102950228309055,0.15554366451748397,-11.160802740881659,-5.612586608415493,-4.9873551321266705,3.9661241999433257,12.431694602216877,4.6500387207370935,4.458590465098505,-0.16729663751607782,-2.150471299109342,-1.6535049358516205,-11.522498497238717,-12.100661263549698,11.447308790968036,-2.8648310670731116,2.7415965376786406,-14.594630475903829,7.173330024060874,-1.520138203803696,12.561082618854446,1.3442612755846375,-6.620473776632643,-6.695121960112787,-14.204346780488484,13.00350434268484,5.380102485716072,18.80781417869659,-8.690726214063881,-8.685422841457518,-7.344252855519223,-1.1107852922311336,11.970677505750409,-4.3689809476006,8.649368487772646,0.939109847973166,-4.764216847694153,-3.092962170538363,-0.40988508343721536,-8.262157126477254,-0.1604701599994006,1.4737890206423359,-0.7493362533984189,3.342524776016449,20.842755231134856,6.3231845081640925,1.5088894500827377,0.6205902145794833,-2.4470843322546947,7.765472216218014,-1.7348288094969428,10.817007251139058,-2.442182811373544,-0.12182995570405945,-1.0661640830243613,-3.7515600698119886,5.515393111891609,-3.6261264204959676,-3.1658427581160447,-18.583469051806574,-0.32249688782155866,-5.828414270735249,-4.824429636707695,-2.278818843718635,-5.3502315648132575,-11.50947768227887,-22.896583201360723,0.49354541266553437,-2.934027560639918,-0.10678610009718699,-1.6441665146815148,-2.8932036857216596,-6.535671464935619,-4.675005763775687,3.3751165769515814,1.2354919863027376,0.6106597282594286,-0.4622841792803358,3.3356564802378954,5.017403919020971,17.287782870048357,0.5369612892575455,7.312667507943123,7.720617433370514,-3.1716755079392094,6.100781948291209,1.6383539595089749,8.697588862371722,-6.2273058213960715,0.1386137105672117,5.927250502182731,-10.80191629774499,-0.023657304172843764,0.06965198759929739,0.7730575661178559,1.3859398649080301,-1.5667991091376339,-13.816720612078313,-25.772921490889022,18.853667327910205,-5.382683207714749,2.019074319323052,-0.027902174058019216,1.8173929247531726,1.7528853789038257,-7.694053071860842,1.3512014505824725,-0.6319044074966386,-0.8187039176207838,-1.0145818382268053,0.3067133244312136,4.4301919913853745,21.47351093835244,-10.318739488022196,8.246019371072048,-5.048531468912926,2.409773962049218,-2.880706159702284,-3.330766447364728,-10.096848943617065,4.667604775617875,-1.810673441102807,1.6943413441389124,-0.890061355092113,1.1399693055161964,-0.8770708963741568,-10.431913464082573,-30.26980655474934,12.444849126611299,-8.101584239845948,2.5219347849058087,-2.297464858450578,1.6351545621053198,5.5125413569148,4.125974865561603,0.06291326278311436,2.616052571041904,-1.0031717539266702,0.33385043793284286,-1.7694219861107643,-19.25968261763418,-13.9921206739992,11.551269637246197,-4.7287769087055675,0.6121380691527987,1.0313761713220182,-0.7967418908808536,1.6511858647843418,-7.221876073129753,2.299200637805582,-0.012314334688046859,-0.19626206802195703,-2.6078780651681486,2.5844450033081623,4.771090168774412,30.982688562217323,-12.883448299854946,6.038038093467404,-4.4804567434022164,2.728286435384217,-3.5795205753848878,-1.6289050950977269,-10.689143348847098,3.408105997900068,-0.6306790067082362,1.6000701997145697,-0.2534112974219407,2.2181822144784182,-2.140833718446947,-14.588135947678154,-12.533438820166046,10.984949514883914,-2.224307862458781,1.8754218701749832,0.7195178506620424,2.2915571343255103,8.500210248246319,-9.911339480912888,0.09732086526210015,-2.1749303236942814,-1.5317533478812582,0.17678338403310026,0.9976957695412988,2.6664164945079363,20.72706247914409,2.515918106318449,5.862468967801341,-2.562406981969827,-3.670627147293322,-5.815534269375292,-21.385315579133007,0.13257608309028204,-1.1603646460376325,0.3062847746833884,-0.08104213872476781,0.8765408740712843,-6.836609456422326,-10.69560205875841,5.969261502188793,-0.9417700187039029,-1.4597287316563785,-0.19138307925527626,-2.1658685322856077,1.307341024558241,-0.9542886750709197,0.4854358674380611,-0.6071350094475272,0.31846342212787954,-0.17030928492087116,-0.6457794707339255,-0.7481044488323871,-8.89932708847667,6.200405850589847,-1.3689479594809189,0.9877787358400604,-3.3781633068136845,1.4609503909201518,-0.3676117498340727,0.18026118066656494,-0.8050158037414574,1.2233606535588764,-2.044615050445337,1.2045081595767808,-0.4806644974364638,0.5629183447358971,-1.852825063669693,16.486894465803633,-4.361631947616208,2.265773080781712,-2.89363664599433,4.346151058149223,-1.1694417911326553,0.7677150822770461,0.20770514144703825,0.14096770641770776,0.4062376038039255,-0.3868089217411186,1.1696468341098976,-2.479171190695258,0.23147892183310853,2.9739922334987203,-2.970359840088171,2.5846654440352648,1.2977493448411617,1.4860464473350081,0.5272148595223888,-0.056432419844598375,0.21353317325874366,1.7626607477529799,1.0937781817217085,-0.7274392410513143,0.05842606930637767,-0.034207101099870484,-0.44274701438663766,-5.651119723492345,-17.078013229692694,11.218637334284182,0.1454978493085911,-3.363139249575544,-0.43615274230722095,1.9839901482906022,-1.686809106728356,-0.18247914503578624,-0.04396640135688625,0.385677811871816,0.1658991441704261,0.012811866371583531,-1.7706173816128248,-4.157914565704107,4.30122909625019,-3.2391813957979836,-2.0312659792603673,-5.672720771783924,1.810092448242216,-1.2183747239417864,-0.41814841960216886,0.40024189543186744,-2.2045054481068966,-0.49554818872740747,-0.06308632344678629,0.020696274376966247,0.34563247166970973,-2.2592442537113295,26.973383098941646,-2.6454615470105396,3.353401347419059,-1.7450628707614413,4.576126362968832,-2.3046833023419837,0.554639787114963,1.2879198032736099,-0.16572334233696373,-0.640392446531534,-0.6155584459717194,0.880701890938475,-0.7581310860025923,2.0817444922568087,-3.918616584657096,2.7019347304003225,-1.119622048169036,1.1398318577645365,-1.7298730256152763,0.18235727201256052,-0.8509070287199717,-0.8923883255646455,0.5445812504099292,-1.3859559399726178,0.05163557927138186,0.1318480843752975,-0.17326410429333414,0.11557075723488126,-2.154082443342346,25.029263136615928,-4.087129451021557,5.873696124632384,-2.2774363702423717,-0.07125960591326394,-1.2592827616709779,1.421552961793793,-0.17654019759444362,0.2837853361698382,0.26047526603687593,-0.32916461830976246,0.8161675455188486,-1.4993186469405755,0.9658837491569447,1.9516241285440612,-0.874194310639145,-0.3933179892320631,-1.4431405663720154,0.5660895897790069,0.944887945481806,0.5405594310155785,-0.1461943692598764,-0.3542049188203997,0.19020177437356062,-0.29472234907302886,-0.33956813018777077,0.028949669546672694,0.5263794265510949,-0.9947393085493623,23.602972174388732,-3.839360130664841,6.915757436584821,-1.9359999497670393,-1.4912084472100378,-2.7554797580300834,1.456826616220276,-1.3010542395799216,1.2165321303723282,-1.808579861925286,0.9972503015151267,-0.03465595150874508,-0.020920571024851065,4.238394469341823,-6.92154601967094,4.210128956628974,1.1299213418222283,3.18499344206087,-0.19759066961803112,0.6336703104495289,-0.7852777185255038,0.5119533528036517,0.6961555746047353,0.4005028707174832,-0.6461819080718596,-0.3272513717088386,0.05375015190254377,0.5869746431100747,-2.408413170576124,4.94755257215834,0.8200086302665487,-1.6044975230207876,-0.8453849689472547,1.814097297629322,-0.161179208110782,-2.517184545364393,3.0962948465775137,-1.1378954352972523
44,13.818468143951854,27.065994231851395,18.400458068301646,18.601761263487084,17.613708411310988,25.744577045768157,18.591293703684638,7.738904811146005,-2.7223866180909457,2.4050140420802264,-2.3747203567828072,-4.91623605823763,1.0022276831338155,-4.499557999948415,4.82841945336546,-4.594238952303336,4.373213708430343,-3.1548620020558173,5.9706457038433465,10.291330059961224,-1.58287190987746,-6.263524016372099,-9.176456637765092,5.061243696755083,2.5734346715530747,3.0379732039846923,-12.012198501834682,4.5382314794281475,-9.532973753033243,10.056482148967294,-2.523375469102569,9.270352938453994,3.449241857028365,-1.3754980158854535,5.287842886253846,-4.713432800416021,3.357133215340195,-2.8249793925667093,-1.7467967957727983,-2.1167053459069685,2.4051882932859106,31.5451595867693,15.14631234393976,12.164488654863561,14.501932262894817,-0.3201059178731749,-0.4388137202751169,-21.207415744217805,-4.081528968615355,-7.266093796497924,7.186219641883463,9.92348405887633,-1.702267395464856,4.782057946498166,-11.420189806637444,6.407750220379971,-5.561598531909121,9.100470257449722,-7.228279308780908,-2.6057735154818933,-0.7205727611188071,4.370544568262615,9.294292899763038,0.9386571092208774,1.4375813904526809,-15.77022631159063,-0.4937307045331212,3.4635059365123824,13.717417221759787,-1.576816318730829,-3.981290319069309,2.7782418328228062,-18.87815369540057,16.85433099768085,-26.97448811677668,10.86903571349498,-6.030600068058402,5.606382675625637,-2.7024114863367963,2.879141519664509,-10.17445642679219,5.486612831001883,6.395870640557626,-3.276078495015146,-2.3226420882850163,1.6969721405622897,-3.201751063425551,0.0836774960719382,13.718775923771434,-0.8306659865946285,2.1142603669495363,-6.311085421470794,-0.26038781401695565,-2.629175039659999,4.4589720781230415,9.211481282694795,-6.515763144553683,5.136031557684545,-5.50163270242592,4.889214193732298,-5.959975875028968,9.313684833454293,-4.622116726745839,-16.63817681804927,4.689955826128862,-4.410562751632966,2.281921271453968,-2.7646028706492944,6.521831204201961,-14.887539501193402,-12.624734692554979,8.155906228887131,-5.758261466147028,2.798627197079726,-0.6849141447387632,1.4563167261513212,-6.366109252664034,15.231774337875562,4.551466785619612,-0.6657759674945346,0.849669715442799,-2.798822741306615,-2.839819383864016,-16.685620065712044,1.5861327570227686,1.8871419609400566,-6.20685398408859,6.255448191678409,-1.9491439840447986,0.1483744640887413,1.0995651290291917,-0.4980437858876946,-1.1967336215075586,3.0964872443422817,-3.6174764157942043,-3.7027945056604747,1.614876419879931,1.175473843432491,-2.3907327784103494,1.736047297319831,6.423030746226442,-11.491439759715986,6.091376231898726,-1.695529644844388,0.45457893291567736,-1.6773777582439262,2.3912650013018744,2.953792534802358,0.3489710832452813,5.179608643906321,0.35480978542191094,-1.4142961804198004,1.5739818110978179,-1.9202532735462026,2.1633670562981413,9.18914713088197,0.23701250895226514,0.8908818209453641,-1.692494922841025,1.0728312768940473,-0.45209072880673606,-1.3564768791054245,3.1161852905675715,-2.407708662968223,-1.852860211392551,1.633771775322792,0.8783012180126117,0.039091944884043855,2.1509690753687636,7.584490910308574,-11.613169041539185,2.4179407044861514,0.9187613887470802,1.2944943319570659,-1.280427265453155,0.5634497819795055,-0.6980341672665448,-1.3582485099358756,0.7634964162423422,1.5157880538170045,-0.8595393808695851,1.2296476656855344,-0.5465455998888225,-1.4180810625247535,-8.673905941675013,6.699952846225769,-3.5881004892932324,-0.10113769123508222,-0.7170393036292969,0.7310429136265,0.5433430510838807,3.5208781951405332,-0.7266384061663933,-2.0821397154276204,0.011454228135054312,1.9739680289925903,-2.826686390967579,1.9268885328853382,11.684653681821763,-1.216902945299955,3.1947586640591625,-1.1969419707447437,1.1872156203038164,-0.6012928697886657,0.24316069397225373,0.5449600768597883,-3.090751060600195,-0.40113147266392735,1.208412130305881,0.029491691341344328,-1.6772225810108488,0.9177290010140655,-0.021765460925924015,-5.982716158900963,5.65490816716371,-2.5629018798405614,-0.40061314787409613,-0.9871676164098347,0.9054035857216989,0.07369321033502815,0.787815110793608,0.2651100839145481,-0.5723092006391014,0.04870318393468745,-2.3839667541571448,1.4971232220973987,0.0920898894978118,0.9443917427455673,0.17480015133843674,-0.24056426812107595,0.24688675172261731,-0.2302304020913121,-0.3361167862566911,0.26452381091122884,-0.21326265887160814,-0.04058489228934798,0.9484668549305654,-1.3827709257778196,0.5868333840186724,0.919350703644709,-1.6253706820285956,2.069481484377887,-0.6443809247294902,-0.3435978091297402,0.02254525995625613,0.8845844927353781,-0.03137895056055832,0.24116973247175713,-0.636131872069894,0.13147675329990063,0.32271706216134294,4.826572405843943,-4.3197872734051765,-0.9737641679781822,0.5265453791067084,-0.734937088007459,0.5903242130869987,-0.4405039310445151,-0.2550613899304908,0.5429749665003558,-0.15702516067933606,0.23169640882820527,-0.10227903535329576,0.8953425363830261,0.9409521454600656,-0.21135895242142072,-0.9305320491135199,-0.6288750416565945,0.986655962382965,-0.03200657457550736,1.680882230155936,-0.4780145615527652,0.31171025123042145,0.5221669674990893,0.6303947262567514,0.3652085764115509,-0.5464097414539171,0.4317116485467024,-0.3129713122854003,-0.11870914045758137,-4.3621031404143125,-5.980635645178259,0.6059185192626965,-1.2874950065029944,2.826742754104851,-0.12680528017396464,0.06720764495051273,-0.5665261210606336,0.7265384782408002,-0.46091740619479327,0.6458456879087612,-0.5193702362761288,0.11656547201053807,-0.5156807784631965,1.7273139351847242,-0.4349091549330853,-1.481641940401902,-0.8009646025984101,-6.010313947376658,2.1421408004782667,-0.4383939140864763,0.134294181236521,-0.5685747969628661,0.22614965629953776,-0.21199568284318795,-0.4572113467971704,0.3849420467227391,-0.2236323462226691,0.2647749041323636,8.976745637622937,-0.5182498387174576,3.3840937243198868,-2.0735678618802864,0.6335560712478157,0.1822760521552418,-0.19347574577056098,-0.5856647047676876,-0.011685367410656844,0.08831631083289423,0.512267653418781,-0.0957529202668154,0.4698744488408537,0.08346588862620818,-0.21097584495542848,1.7139473656428135,-1.4637226312248208,2.123580838949677,-3.1980276529415996,1.3728020286435139,-0.2652166289515357,0.08648443441430688,-0.34254705824549553,0.10648267829892359,-1.062293043402143,-0.06511396649163606,0.09673094367108301,-0.30380910794058313,-3.0218437525459216,-6.9403613819329895,3.382098347439499,1.66974490022381,-2.639910878782367,-2.241791929070503,0.49728648362571853,-0.05433454528706197,-0.3958086144305643,0.09996620518141087,0.07125613565375699,0.34771248861682785,-0.037725266990085146,-0.03818517387123828,0.6173915449849113,0.5303136381073991,0.4192694673075278,-1.2495599711150043,1.4078785680594876,-4.317197093917753,1.148915694786543,-0.678600514994497,0.3828402155590301,0.27763167617830703,-0.8016110996736568,-0.41121709250900557,0.4719780916971823,-0.3227473007283126,0.11264388149663593,-3.536726369875915,-10.897764889158195,-1.1753482817232375,0.0430322393915267,3.0137391279604415,-1.2138488870400155,-0.26645238969391577,0.4594596288524413,0.6025212392523885,-0.22701223036452328,-0.18212441590073838,0.16078536232049606,-0.17048752320836466,0.05452841057746746,0.6503099563182232,-1.390194791770278,1.6439633367519868,-0.27764836583443614,2.415376521533333,-0.9440093733260536,0.0890498429888159,-0.11140243206297473,-0.28386268036925466,-0.25202416597461486,0.7965028040460574,0.7463521823735872,0.7227797786894363,0.2079259519895251,-0.36702392036854126,-1.9916199994287989,-10.839768991650933,5.896199195724933,1.4316101200674667,-1.5416542202318717,-0.24146695161488632,-0.4061001001060522,-0.022779891660213658,-0.27869829773811794,-0.4521048587654172,-0.8131048536564115,0.3245633132320148,0.7980445374002191,-0.01575229865868929,0.5977991969990983,-31.416211006443714,-46.71923502490587,-36.35762903109239,-39.520082593919135,-36.988813135256805,-43.439971469999115,-40.66816224392861,-7.944931532411452,-0.3410733750092969,-2.8355710684922224,2.9095619281081477,0.6959899786982563,0.546746875556363,-0.022821993819875153,-1.4751681995307488,1.4081004395634995,-1.837991028592329,3.4673696325172045,2.9521137951511442,1.2765528576136669,1.2638295050140402,1.1367054326027703,6.467713857069141,-14.650220902974453,-12.190899943055484,-6.825132829971243,-2.589656907069294,-0.9012805596238306,7.773888323522062,1.919382634525212,7.8305695425510695,-1.6460021299976604,-2.9388266401605616,-7.12317709075148,-5.030021138640432,2.0291323458606523,-1.0243575226853456,5.362236623785443,7.823213838261833,1.1481392806445927,-3.1262993752393107,-30.5685077277773,-19.01857389976813,-10.16740218601505,-5.659808201878671,7.406375154171227,20.202722082627457,15.02422478917067,-7.234448681316609,-5.5475599173260255,-15.536082922270813,6.617364730262389,-0.22577084468311592,9.102420296906045,-2.6054098779709722,-0.4539590969954011,-3.215729602842192,-0.9776593935067266,13.503984779005178,-5.613450935524935,-1.7806293731591816,-23.224731494443194,-0.2935618490149152,2.468591901242788,14.626753284988702,5.179636391415579,-1.8215010782933887,0.7295790270748161,-6.396004873604279,-16.17682492027148,2.5629426053032347,-1.1278530782225304,33.82232390748471,-7.286319309572457,23.538340007882972,-13.743996836302138,6.502070773956315,-1.5420736453501496,4.952899716440422,3.2256108615040127,7.606583815984211,5.89081635355151,-4.538047328635316,8.072371930413537,1.3233607772851594,0.6325107270631998,-4.026583306978041,-2.3740677872821863,-11.687449128297134,5.812964547742703,-3.2586600796033935,-0.805729956821751,-1.8437358447847723,-4.830834148217885,0.24569382277352048,-11.382092686537613,15.883729112704046,-9.952084019001768,0.03699867905429076,1.6213343623793914,-7.899815044677312,3.843133544903592,-11.058516015720498,9.930807967582506,-9.691703609436974,3.6097140119982094,-0.22406731111506856,0.6685190302458006,8.24867553521939,6.015455955553879,13.46833277285605,-6.6739396597305065,3.3827814447474536,0.14729113210397685,0.8211980573918866,1.971250872856098,2.3623168318476058,1.1862359344013491,0.23458419258045712,1.838310919745386,-0.14707926907667893,-1.809450053140566,-1.7653970124521947,2.71924009956607,1.9849580273176441,1.0148828494762085,29.30676550057259,-19.08934911306506,4.3620935318422625,-1.4989701433353462,0.7333838909685875,-3.392709373842377,2.4926802392525444,0.6145706101584523,-0.919110377832528,0.4433889598486215,-1.1890599065815224,1.9263809928204751,-0.46169027258759704,-1.8205908248810483,-22.482079940837526,4.701157049030192,3.548265435455621,-2.5000300171888945,0.6291881660609686,-0.26621721166914686,-0.15439945625792148,-2.4479068241540225,0.6866341641021961,2.557751901421812,-2.2348230639191473,4.730696693447403,-3.2379815098992224,0.8456865768892317,7.550313656843004,13.271906455658188,-5.448986772274627,6.013205177346421,-1.4461423346602735,1.0534975486807512,-1.1567687457619977,-1.5334506731701358,3.066101406510271,-0.868847325554377,0.4579004497532639,2.8077858171894037,-0.1053404868817796,0.2786767639840637,-1.0712340464589132,-16.53144698455039,-6.760674967282311,10.002005593087327,-4.443672746429354,1.8844645803535438,-1.4635312632203548,2.443716951741519,-0.8847395446678257,-1.9772048549881476,2.29445407419864,-2.7740604205409722,2.1503787839944684,-0.5522394019414085,0.42969951408987594,-5.203274463365073,19.56098565069509,-8.287701005198551,-0.7347300386695729,0.6751354022376859,-0.34061281223896456,-1.3279833998882964,-1.244043729674408,1.7619379162931756,-1.046765487577518,-1.094267762270977,1.9312205964867848,-2.7973917683634033,0.8833082188336918,2.508480590300434,-6.178536051511629,-3.899698945188169,5.818164148281839,-0.4115588767975752,1.5341660754101611,-1.191010440349064,0.6121845502082529,2.958967664542404,-2.4140053644016133,4.053902885296547,-0.2355543051394769,1.1115704986603645,-1.594838085457508,0.05249882425290616,-7.535769267683619,14.50027002919342,-3.44126319526605,-4.713591044354019,1.128504789099902,1.2767160970921474,-0.04537541653365717,-1.999763082629869,1.0009415175122327,4.407979640698118,4.96947291356284,-0.9123399892112857,-2.072975041070834,4.210214521322105,3.4699613588123333,-3.213411817057674,1.4480964278204338,-0.8406612196526427,-0.05614728312663966,-0.01381954721414146,-0.5596373321572629,-0.0994615697232266,1.0209642751389196,-0.5805401943223752,0.2622168272987955,-0.6870681265832911,-1.596858043594437,1.1143715906825387,0.5528781492217822,-0.7096652363238102,0.8586219853501185,0.7418733564629929,0.8712068797224466,-2.0283925848348052,1.2211262828779768,-0.09506761845337464,-0.09453496763692498,0.055041173697716696,-0.36850540482331223,-13.518549761493011,5.252948608571589,-8.266203695072244,2.610954547414688,-2.9782429285032612,-0.30278543243745953,2.0497937770802803,-1.938582001951382,0.5405937698306672,0.07290417391716136,-0.24096271365469518,-0.32320159221991923,-0.36256994644119317,-0.11325451651646569,-0.5088068908906166,1.7154975383560624,-1.971228234245147,3.319726639760401,-0.8881676556711936,-0.1973621696833091,-0.9516036985887673,0.22072830718939768,3.200084621209615,-0.8344526212772813,1.0447022486341873,-0.4956623277404224,0.14404436842713542,0.2725257305962102,-0.570993340382846,-9.200956702357344,5.271271686532155,-4.918876270946547,1.8216942504022315,4.404555414071812,-4.989859318826368,2.6232441137163485,-2.307077731303528,1.1428584599071625,-1.5161011700178675,0.3516636201540704,-0.4105124780092978,-0.8842182992999904,-0.07674831861609165,1.2387088866154383,1.7478448418786945,-2.2129282908553916,0.4125346447551831,1.4616893719301602,-0.28834861619163066,0.5849197018316797,0.09979914141630565,-0.631002666840406,-0.11030786809766328,-0.26023543679874983,-0.04737382479770074,0.03553176313467439,0.5347850701240456,1.7043214760821002,-5.251553889777586,-4.294830040193085,3.6067125816400334,-2.2520192218351003,1.6869036237474566,-2.2605953014589844,3.5693891947665843,-1.0542334562997497,0.35912587369573307,1.8410027036193983,-0.0851939646752191,1.1329045447297688,-0.3651031509146615,-0.2756883889968448,3.366573528107703,-1.2369650730736537,-0.09924066228616854,0.4816301389065861,-0.550608334477692,0.6152533469564715,0.3282273249106275,-0.8075355630590841,0.5681941489783617,0.48659874340508646,-0.462207679170936,-0.0035589800412426206,0.22288226661372318,-0.19552384474850928,1.510211306566181,17.707601027361164,-9.526261669121745,4.09122154333109,-3.029110190882018,3.1239913275082114,-0.9482952696874933,0.77321512727209,-0.8278684466269894,0.343807779153961,-0.009067600514521571,-0.32335239695007884,0.7139466823497802,-0.30280639449466584,-0.258007411051315,1.2499550078737391,-2.5918919889270655,1.7839206761463375,-0.7824983927349942,0.02050848334616878,0.11289463830436619,0.04080883022513253,0.33237721145468063,-2.2290228182370715,0.9706858815946556,-0.09917486842801895,0.12641512185199535,0.12197649214155144,-0.6074427188240233,2.027617109776404,18.48324772897137,-12.53886879317126,5.383984241581279,0.7369499835044665,-3.062966755904298,2.313686086658272,-0.9612817539261228,0.4928058429499682,-1.0575190107439778,0.11103304617974612,-0.3558521938396089,0.23283978023551202,-0.028831224470750563,0.7623630355755431,-0.6799179320676049,-0.28315249112594637,1.006496950966132,-1.7649461636317154,-0.1319253256362474,0.27373247615337976,0.6012013745436926,-0.3670578521929798,-0.5717908307363312,0.3330106043031229,0.11083750471631128,-0.13564602547812785,-0.02357590707293343,0.08987604677945579,0.2681850288457973,18.589168671037328,-5.424340019337778,6.29651977658324,-3.0972084914204157,-4.769835116269238,2.4817470841493785,-0.9903484124668567,-0.0423057513013056,-0.009658694255269993,0.10736333643923925,0.36409140250555677,-0.8044315758913771,0.47575654248903776,0.17290696583192752,-23.203463411152487,-43.98908312157732,-30.318801882188303,-31.890413293861688,-29.814203878561003,-41.363204634854796,-31.116493404112934,-9.814342698865815,3.332120755711092,-2.777869869703281,1.9372954803872122,-2.680222349468135,-0.6661728957701107,4.859360776328309,-3.4679423925558264,5.097072449069517,-4.904876904076761,7.726148723583995,0.6422038457248069,-2.9600946179955168,2.237583365725218,7.218668280073785,12.440834727922532,-13.331831201828798,-12.030390696210494,-0.8293732114441429,17.306484682739185,11.441609588116645,16.992219324008516,-9.148360187451152,1.597722143425199,-14.921538821104415,-8.085174948242004,-8.676308799285517,-1.3756354903283474,6.3577443054159914,-5.854190964543259,0.89506208873182,12.935756402739553,6.259048198472869,-3.9147038289601377,-46.90247826262718,-24.33274286953301,-16.87976042632161,-10.179599743548582,14.64367812595071,0.323182193980924,25.42674544433776,-19.29409922620726,7.540676301482972,-16.465802850378804,8.505541287588782,7.60941473807003,-4.0039684374347,10.210037852307114,-9.200841632685357,18.49279349246959,-11.008002745317414,10.757575069853091,-11.75927593851113,0.6012263327981504,-10.1847737312351,-5.994982680189411,13.49903209585833,-6.168927594082163,10.679354211461598,-8.33159051626414,8.010307463596549,-9.885608284456755,1.6918992450508896,-7.64588432150366,-3.3925073484288224,35.238441757483685,-20.47902968506218,39.193118726208006,-18.873010590077303,6.504337217221394,2.9953893245351155,-11.721218934088817,-1.0859535365214301,14.779140409132804,1.9732032554042866,-9.091174284817315,4.048755129499551,-5.190370249744509,-14.992763877506356,7.891178501460786,0.3649091479638225,-25.40415102263378,-3.1072537961020443,4.018311972934828,-11.644286511702289,10.67796728516645,6.334833790787484,-3.9155103728612843,-12.666513134418333,10.39993553719254,-8.116051026003896,7.547053390143975,20.803426216453428,-3.0979312247900124,-7.30978820686024,1.1133787678297484,15.233942392049531,-8.413457696979334,-0.6650925928523297,5.300921079081707,-8.715906037658609,-7.027214012125439,15.138524000396448,17.761143028100065,-12.127926083291921,2.018533914727333,-2.937052530661429,-18.26434402415956,0.6086767655101459,5.37279112308132,-6.358638889467894,-0.6832462718140317,4.623499435480993,0.47044407872415794,-5.554387021224023,1.0391618364692827,7.399096793677773,0.4425716146947844,6.080545754263999,26.961341431510732,-12.631680292291055,3.063889339341044,-1.9633142481985466,1.0421108215058341,0.33942690137388143,-1.0797595668021664,7.806595284092965,-9.84907675552674,5.897359568437573,-3.3144715684044477,-2.4466514956345318,5.076455720782554,-4.676329924125718,-21.632477790689457,12.47882430096248,-5.44601759725103,1.4855520471890125,2.822438567210742,0.06799018097282163,3.294737850019729,8.493537377644326,-6.748821026054971,2.1522885493017396,0.7373537463666285,0.4253211947528756,0.3129490885554156,-1.7479777493615143,13.030805546352836,14.022214225910103,-7.691138989321121,3.432114781309188,0.7630400353780847,0.448983975615442,-1.9910392471383822,-7.802624942279651,8.117141502236175,-11.908280350981338,8.767626026348523,-4.824147794879462,0.5559809958425257,2.8624237806770934,-1.2471377032770012,-12.120309997888654,3.308888482520462,0.5885304036991038,-1.6708826375770724,2.7019011570101092,-2.750412389181228,0.9326922134973997,-9.337952318151897,1.3995136606791292,5.474912824468724,-1.2136155483557056,0.08434950118923225,2.956016819142451,-3.0650576980742916,-1.4587097368766302,13.23076868468111,-9.277241532458376,1.5282172877150968,-0.2261812101932045,-1.9987006445203395,1.8901575269172484,1.1699510940552902,11.275045062829435,-18.87077356180099,5.606439367056497,-0.744894517243442,-2.7577762726743495,0.026486125135236627,2.575898958629733,-7.471744470920356,0.7132771548299403,0.4695719065736921,0.5279109390188191,0.14244993749711804,0.6218870852224792,2.0354940706546762,8.895009269312578,-2.4859675593129418,8.48921153194063,-5.1913136485924865,-0.293468413060235,5.687035236470396,-1.8940897755614214,-1.3575917798952715,5.6420261977155235,-9.641717985278582,-0.3113921385520707,-0.2144080510189746,-3.138399362536916,1.6193306323525676,1.02958736012866,1.4151254058569354,1.6929520925256247,3.27497184610183,-10.913768700356979,0.2094023939326013,2.908924582714517,5.058206009590301,-0.845793343033505,0.25849494867252537,0.08758628097016337,-0.0594837331438329,-1.1066844537113962,1.7125943382145254,-1.03967763645448,0.48996200658264566,-1.962241420584002,2.915385610305759,-5.080589445077614,1.1273121254049783,-4.008266281737242,2.2442919950080844,0.361146924608579,-0.9806939376694991,-0.8751472929802987,1.2457438344868392,-1.3894762491832655,2.407063678351654,-1.1389407321829175,-0.19089632778680962,0.1658617342439492,-0.36872931830849665,-20.460114569497946,-1.2077755286978995,-1.4341231564208594,1.998438847801406,-0.5450231420565544,-0.5496782545059401,1.0027785686154882,-0.8150860011028962,0.04110034227880956,-0.7429239884491083,0.7687733273258455,-0.7240665315446926,1.6488894157620066,-0.6993888349459,-1.7763983792484734,0.6418828774980869,1.0745232878857076,0.1279732371828895,-0.610890355204911,1.4620034820658583,0.10410882523372328,0.314700771254012,-0.3379243351996767,-0.2537264533727253,1.5018127347992092,-1.3613848125695105,-0.09899101565806465,0.6264094033434514,-0.20215805471289633,-21.302355731991067,1.2726127938562077,-0.4119809594541096,1.179924396622213,2.786332445570181,-1.9183775471220168,0.37840723019261174,-0.3850139779172824,1.0477384613547398,-3.0032298230758103,0.46673555115630555,-0.34203686429388713,-0.08914200294186098,-4.1646849514702,6.338067693379735,-3.8367824283830223,4.090212554666113,-1.3441952826442602,-1.1317984444574658,-0.5217164683160733,-0.36446684038276966,0.7722910472901535,0.6099103842042066,0.0998932013333202,-0.2856593101561327,-1.0032036496734402,-0.09146632177545169,0.3407820702833541,2.269224610610668,2.0670579595602843,0.1816229413539143,-1.191691441892178,-2.007109139689217,0.9646436871830593,-1.317267274924367,1.5660753270315415,0.4355352001913913,0.5612812076349603,0.6319132439731745,1.0070414093474365,-1.7482516519293767,0.929467957764905,2.4277315368866534,9.989851778229323,-2.8021968828998856,3.3268220635350136,1.0884706825615402,-1.7774280754465146,0.06339162688616151,-0.466448985301213,0.6928236954186653,0.27646677921727736,-0.487856489530478,2.364209011520327,-0.7333079368228506,0.4906126188839713,0.42591789095875354,-0.6908612098428059,9.30777721330835,-3.905484546562242,0.10412225158002897,-2.6845489301199947,3.220091910718847,-0.32030683792474507,-0.002380026451904646,0.1885254720728193,-0.5277151899948043,0.29502565420000937,0.5584666434001029,-0.3600654871494411,0.09273129579886073,1.5275260799024617,4.834002435525578,-0.7965043290404155,2.362810941453568,1.9839622765474283,-3.002670358765555,-0.005622120149804968,-0.47711167368114094,0.15514754696318406,-0.41694636139784197,0.7718761997956013,-1.672062864247839,0.1427015058344673,0.5967906262918728,-0.5752322651828692,-0.7493647080353648,12.940646483187432,-4.6461473239621505,1.7366322226804483,3.358803751736565,-2.7436691195703578,1.893477312308032,-0.9299153175468131,-0.01035932501412552,-0.7978310701359562,0.5021401269285297,-0.2954511872665749,0.48741644190380823,0.5270804513186103,1.6761524662349558,-1.7924981229645367,-1.974692778693814,0.025571060621219034,3.16026507395352,-4.936270898362087,0.3541099037936884,-0.2454080683472239,1.0616222070849473,0.17632496584823415,1.7026428759768293,-1.8698702514891163,0.8551350563183877,-0.46236251641736154,-0.11921680199412887,0.0697148856206039,6.797352551719335,-4.451059301054422,1.7597889236734656,0.8847706145687104,-4.367981752730261,2.0981713370058306,-0.4140554243066055,0.18461881548704562,-1.1328608145674635,-0.3579768570776273,0.24404730196025679,0.7478406507335092,-0.003882142769164725,0.5909077950108509,77.83612712350208,100.8361066806869,84.55677867916839,90.0612700758216,85.5954650963756,94.7983101960233,94.04798988388173,40.20011528903201,48.71955688249523,35.91749356468432,44.23028527683886,37.51577416503244,39.27404983685527,43.01936287092703,33.205262881119374,45.17595204570465,35.48059475411768,41.89385779541043,21.74035071607787,20.70164273412205,-2.3180550756864426,-3.7710376901108744,-11.931581722671183,21.139352965617483,6.648847250094292,7.783899248866212,-3.8918408962684983,-8.36575887973074,-8.920646905701608,-9.189407038623028,4.183608010697972,-3.388086723083364,10.751115456936832,2.840348682464705,7.69595890741987,0.4637344415840683,-0.47483485095763145,-10.861414083178389,-0.6048342262738919,-11.940700555769762,4.37054225780281,47.62025725329955,27.033666214016407,16.285221397485355,3.538472299500865,-10.633851009427799,-11.208047457341678,-11.87127012097583,16.71179603374835,4.660205102418941,9.087345280594944,-12.85753662725842,1.5852781132355327,-4.545443818555434,5.604365763215511,-1.892064637513055,-4.990155716190018,-0.13663689960634007,-12.361040588096314,12.145388748422606,1.0529548094642478,18.555568476997315,-5.586141336294588,-3.4291884711629392,-5.912585049355111,-5.58961905107597,4.914017805680058,-2.9067211665068804,3.6370383977506817,8.076415679893406,1.769839337546816,2.4612777303833098,-45.288617990620374,14.321694642824596,-43.22722569517735,6.5451050206229615,-4.894117403603284,0.2532707400364498,-1.6441665146815148,-2.8932036857216596,-6.535671464935619,-4.675005763775687,3.3751165769515814,1.2354919863027376,0.6106597282594286,-0.4622841792803358,3.3356564802378954,5.017403919020971,17.287782870048357,0.5369612892575455,7.312667507943123,7.720617433370514,-3.1716755079392094,6.100781948291209,1.6417835312676567,9.099953270580993,-0.26706048011581995,-1.3156732396427062,-6.796081079981755,-5.341129321793603,8.753209569492771,-4.763707806651549,2.8910069804794634,-11.444232575975155,-0.4571983304008431,-3.5513786556246885,1.800165497433009,-3.5991030619072935,-5.149192476725433,-9.83442389679122,-12.284030983510315,1.2065469210857858,-1.7576538427455317,-0.5297565899693911,-2.5325991016364706,-1.7566821019499679,-0.2436386208726951,3.0522575520766684,-0.07061385880517458,5.4381265561323175,-1.424729241706945,-4.328863879583667,0.6335381806457725,-5.347580747285834,-2.1197669144113744,-3.9674508887076065,-36.865090672470394,19.47915032257687,-7.545940488728829,1.1104414705554335,1.0313761713220182,-0.7967418908808536,1.6511858647843418,-7.221876073129753,2.299200637805582,-0.012314334688046859,-0.19626206802195703,-2.6078780651681486,2.5844450033081623,4.771090168774412,30.982688562217323,-12.883448299854946,6.038038093467404,-4.4804567434022164,2.728286435384217,-3.5795205753848878,-1.6289050950977269,-10.689143348847098,3.408105997900068,-0.6306790067082362,1.6000701997145697,-0.2534112974219407,2.2181822144784182,-2.140833718446947,-14.588135947678154,-12.533438820166046,10.984949514883914,-2.224307862458781,1.8754218701749832,0.7195178506620424,2.2915571343255103,8.500210248246319,-9.911339480912888,0.09732086526210015,-2.1749303236942814,-1.5317533478812582,0.17678338403310026,0.9976957695412988,2.6664164945079363,20.72706247914409,2.602474567466404,7.770592536380382,-5.930725554115148,3.190693077375572,-2.8187988342995456,0.5326087097756359,5.524943221561256,6.24294658568118,0.012349508487435133,1.155474124326833,-1.4008385797431429,2.600113786329462,0.3621613086424472,-0.7666058184619975,-23.566342535081116,5.190403030869399,-3.2373851645023715,1.1041320301760282,-2.898717226243914,1.3599116867410936,-0.49656790234464465,-7.392216594963552,1.28996413560054,1.5359446899253513,-0.35701222415017375,1.1384108534959292,-0.3302946212715764,-4.660663659688415,15.043130939582522,6.5414787396543925,-0.793452407762671,0.839231211967331,0.4716228754155849,-0.07033215963182113,-1.818308593472031,-9.041645923366815,1.5822693942115194,-5.261108886569993,-0.26302795970235654,-2.746137112485515,0.49434334014691006,0.5895168266412968,-0.5150985360892436,-14.198787262208505,1.5249154259890259,-4.630517163646946,1.278456987031466,-2.357937845222329,1.0518685759804431,0.5480698416546881,0.6972731488639877,3.403546754155315,-5.271735608178107,8.500698148303456,-0.60168418084052,-1.0498992410806964,4.576126362968832,-2.3046833023419837,0.554639787114963,1.2879198032736099,-0.16572334233696373,-0.640392446531534,-0.6155584459717194,0.880701890938475,-0.7581310860025923,2.0817444922568087,-3.918616584657096,2.7019347304003225,-1.119622048169036,1.1398318577645365,-1.7298730256152763,0.18235727201256052,-0.8509070287199717,-0.8923883255646455,0.5445812504099292,-1.3859559399726178,0.05163557927138186,0.1318480843752975,-0.17326410429333414,0.11557075723488126,-2.154082443342346,25.029263136615928,-4.087129451021557,5.873696124632384,-2.2774363702423717,-0.07125960591326394,-1.2592827616709779,1.421552961793793,-0.17654019759444362,0.2837853361698382,0.26047526603687593,-0.32916461830976246,0.8161675455188486,-1.4993186469405755,0.9658837491569447,1.9516241285440612,-0.874194310639145,-0.3933179892320631,-1.4431405663720154,0.5660895897790069,0.944887945481806,0.5405594310155785,-0.1461943692598764,-0.3542049188203997,0.19020177437356062,-0.29472234907302886,-0.33956813018777077,0.028949669546672694,0.5263794265510949,-0.9947393085493623,23.602972174388732,-3.839360130664841,6.915757436584821,-1.9359999497670393,-1.4912084472100378,-2.7554797580300834,1.456826616220276,-1.3010542395799216,1.2165321303723282,-1.808579861925286,0.9972503015151267,-0.03465595150874508,-0.020920571024851065,4.238394469341823,-6.92154601967094,4.210128956628974,1.1299213418222283,3.18499344206087,-0.19759066961803112,0.6336703104495289,-0.7852777185255038,0.5119533528036517,0.6961555746047353,0.4005028707174832,-0.6461819080718596,-0.3272513717088386,0.05375015190254377,0.5869746431100747,-2.408413170576124,4.94755257215834,0.8200086302665487,-1.6044975230207876,-0.8453849689472547,1.814097297629322,-2.431075900087928,0.3538735263049934,-0.9385683582331058,0.20525020998450444,0.672941588631657,0.2092013754279774,0.8381366457844778,-0.6188377153435296,-2.3296713035500245,-10.374917654568755,9.097621997378639,-1.323441691878071,3.480337371739094,-1.4389821797168614,-0.05217544368378048,-0.7511688582304944,0.9140118010154742,0.6751534498712196,0.860162096225951,-1.3798472039905756,0.45738494484149694,0.09586514202624524,0.10177153222269987,-0.49053266526021005,-21.280608560835656,6.795681712616879,-4.303909114828513,0.37841775283832607,5.906310174275651,-1.4633381761588817,0.6058074711695263,-0.5421969191755448,-0.1606552817206926,0.06356983486200225,0.13800650860039257,-0.06379143725320702,-0.03826837735891264,-1.2700810089852055,-5.156236498268961,7.114331106520674,-2.174824358971013,3.5020628787817594,0.4729272334941565,-0.3250402554685254,-0.32324014630498077,-0.4104581593916503,-1.299417915936244,0.6300981844200931,-0.4531458175012897,0.24440300475867355,0.32425599732089033,-0.7781467973734651,-0.1068778446562208,-25.629814361488243,11.489280561096187,-2.863571752569766,-1.2225725525920654,-1.7105920543302033,2.1793866315639074,-0.6894149918196044,0.748386960003594,-0.6740312911749946,0.12411902070835527,0.17650773739517459,-0.5638898390624788,-0.5527262840997812,-1.902377939788551,2.6520085000544156,-2.9468938486456513,-2.444159052349226,1.0989928079811595,2.291753302942365,-0.7278161056489434,-0.35140110934170005,0.9965093549121635,-0.24734939407004922,-0.42052276261942734,0.24848460008072756,-0.07690981173514135,-0.30859169365368844,0.12249670281921092,-1.5817989988552752,-19.947202504573216,6.829461379085873,-1.8657474020628686,0.5921180715062181,-4.9897122441308435,2.565904961202945,-0.6364509670793737,-0.4057916347603563,-0.8985259097487772,-0.04580257756847765,0.11359633970289737,0.32433859183958946,0.3685212905469706,0.8149433855871154
45,7.963494858809259,4.153291530931845,6.26151559672693,7.0734203289445245,6.690007601762804,3.551418192052169,10.132367066864893,0.05203348570590094,3.2372023253685143,-4.445588237379191,5.1443920633769995,-4.538403230086074,6.1019362815767515,-3.0554706828072886,1.2434209484626115,-1.356545534571095,-1.2617075372957123,-2.251786627161741,12.966817264141342,16.33529506810419,0.4725381438104066,2.673900370528641,2.7756745059364847,-3.054296243196829,-11.413241056847198,5.347083684051622,-5.483642035227276,8.149539273196744,5.198868110519409,0.7035284959022172,-2.23463581604306,-7.137810210270744,1.1512058600590107,-14.445987077633097,2.152542586836885,-1.2808584137101087,0.023450158541882357,2.422157486163872,12.334476937244231,-0.6480223044157729,-0.717706593416875,-10.086810581000886,-4.463614660502061,-3.741599108731741,-0.18864166986852438,-0.2244788282870566,-3.6180294468561374,9.028152323485996,-3.0847974997274643,3.9076086823186555,-11.321712581239405,-4.134289053192467,-3.2814019175088354,10.464178296096614,9.629832830400703,3.684828608788452,6.941012440118369,-9.193174848974714,1.7404569478211307,-3.2691929864329343,5.684835785568071,-3.465284179783857,-3.673802808641839,-2.2018410912168953,4.745533487044615,10.761364886176354,-1.251332952534727,-0.9221264367713952,-10.273136545296707,-4.607015185697088,7.05807080885577,-1.1119999158159413,4.038695989921111,-6.9070153144952755,7.829845576690704,-6.051708610017452,4.751315317128456,-5.893439898660513,9.313684833454293,-4.622116726745839,-16.63817681804927,4.689955826128862,-4.410562751632966,2.281921271453968,-2.7646028706492944,6.521831204201961,-14.887539501193402,-12.624734692554979,8.155906228887131,-5.758261466147028,2.798627197079726,-0.6849141447387632,1.4563167261513212,-6.366109252664034,15.231570657515698,4.509354290453793,-1.2087184243593598,-1.0976975311425705,1.5697955712477445,-3.0335642204709403,-2.440847870405821,15.250403635360298,0.7946859428082801,0.430082802964938,-0.45787777242772315,7.253807711132089,-7.94103691256708,6.762601270165643,-2.3136560920521627,-14.22741732317707,5.854444690528439,-3.4292295697393906,4.519173641365128,-3.7260632953794897,5.698913264408294,-14.604917497277423,-16.226794404588663,6.429407083864873,-4.173582113908254,0.7950450738417574,-0.4144150584043533,1.3272677767833552,-0.30515144500852476,0.9835939243260823,-0.6014404750068486,1.820134519551448,2.5818424037566414,0.613705413346529,-1.2698298397257783,0.6032845551020619,-0.6980341672665448,-1.3582485099358756,0.7634964162423422,1.5157880538170045,-0.8595393808695851,1.2296476656855344,-0.5465455998888225,-1.4180810625247535,-8.673905941675013,6.699952846225769,-3.5881004892932324,-0.10113769123508222,-0.7170393036292969,0.7310429136265,0.5433430510838807,3.5208781951405332,-0.7266384061663933,-2.0821397154276204,0.011454228135054312,1.9739680289925903,-2.826686390967579,1.9268885328853382,11.684653681821763,-1.216902945299955,3.1947586640591625,-1.1969419707447437,1.1872156203038164,-0.6012928697886657,0.24316069397225373,0.5449600768597883,-3.090751060600195,-0.40113147266392735,1.208412130305881,0.029491691341344328,-1.6772225810108488,0.9177290010140655,-0.021765460925924015,-5.982716158900963,5.65490816716371,-2.5629018798405614,-0.4029841024566709,-1.0723325893805045,1.8334827987100952,0.6884640682518977,1.1480162097624798,5.137429636449621,-0.614846608719563,1.1162643680662505,0.2269668538392543,-1.4680048437314996,2.217683787436063,7.239761172349964,-1.990771813780289,0.5702028034659401,0.2206380815219248,-0.02608195389663759,0.026726188903827927,1.6302038599200899,-0.7931925920468783,-1.7147455132800005,-1.350712665285402,2.5802870655236005,0.04031308287981748,-0.8092710782666297,-0.40654756215459753,-2.4715030271097493,-12.197379398614316,5.942049160483213,-3.1158854880963647,0.07892718009008318,-1.5012152204106544,0.9616424786064677,-1.095828946476101,2.124865936875034,2.514498521117055,-0.09884858232720828,0.7346533288556927,1.181174868135664,-2.8110264833404326,-5.406006137195268,-3.7929133747485615,3.4903618119412685,-2.1335711215073814,-0.6695400005578094,0.9178377916819249,-0.6419823393686601,-0.328595028235052,0.7028116133478295,-0.4860750591809733,-0.12537753556277081,0.5194360405170448,0.4457019677072569,0.467487127740035,-0.2955309197002923,-0.6349285131433198,0.017633209852928676,0.08831631083289423,0.512267653418781,-0.0957529202668154,0.4698744488408537,0.08346588862620818,-0.21097584495542848,1.7139473656428135,-1.4637226312248208,2.123580838949677,-3.1980276529415996,1.3728020286435139,-0.2652166289515357,0.08648443441430688,-0.34254705824549553,0.10648267829892359,-1.062293043402143,-0.06511396649163606,0.09673094367108301,-0.30380910794058313,-3.0218437525459216,-6.9403613819329895,3.382098347439499,1.66974490022381,-2.639910878782367,-2.241791929070503,0.49728648362571853,-0.05433454528706197,-0.3958086144305643,0.09996620518141087,0.07125613565375699,0.34771248861682785,-0.037725266990085146,-0.03818517387123828,0.6173915449849113,0.5303136381073991,0.4192694673075278,-1.2495599711150043,1.4078785680594876,-4.317197093917753,1.148915694786543,-0.678600514994497,0.3828402155590301,0.27763167617830703,-0.8016110996736568,-0.41121709250900557,0.4719780916971823,-0.3227473007283126,0.11264388149663593,-3.536726369875915,-10.897764889158195,-1.1753482817232375,0.0430322393915267,3.0137391279604415,-1.2138488870400155,-0.26645238969391577,0.4594596288524413,0.6025212392523885,-0.22701223036452328,-0.18212441590073838,0.16078536232049606,-0.17048752320836466,0.05452841057746746,0.6503099563182232,-1.390194791770278,1.6439633367519868,-0.27764836583443614,2.415376521533333,-0.9440093733260536,0.0890498429888159,-0.11140243206297473,-0.28386268036925466,-0.25202416597461486,0.7965028040460574,0.7463521823735872,0.7227797786894363,0.2079259519895251,-0.36702392036854126,-1.9916199994287989,-10.839768991650933,5.896199195724933,1.4316101200674667,-1.5416542202318717,-0.24146695161488632,-0.4061001001060522,-0.022779891660213658,-0.27869829773811794,-0.4521048587654172,-0.8131048536564115,0.3148619092210031,-0.011362637374379127,-1.162283024214426,1.755528716628034,-1.3107492528339437,0.13797807878891535,0.3881296033142805,-0.309429317112456,-0.1469071639218107,-0.3024219610387604,0.03699066793441762,1.501853207862809,-0.2619381865321537,2.387225391916764,-0.26437746883609786,0.3382594268223929,0.14829689125677847,0.18163441743664505,-3.874013355689005,-5.408895173702463,3.221956155767291,1.54201151240703,1.5221753493766956,-0.8095919331182386,0.7716677643646718,0.10180250146739991,0.5244460541474976,0.11558513263514857,-0.29435741888140443,-0.2178785803314334,0.24822502410561226,0.3063187652847443,-2.0387130424607625,1.9556789598530715,1.168919825036421,-0.5973154843613749,0.5852476673076104,-3.235163029022822,0.7290603728215853,-0.2364377606451082,-0.01810870530184947,0.7304584451909273,-0.6052320368186634,0.3256858516742006,-0.6323558604464512,0.5068575671491694,-0.13259612647899613,-4.718747736292612,-10.83844470762557,-2.2799515821855287,0.7590731930118574,1.8045896835033346,-0.40220809760274145,0.6440019816342678,0.15075644043430889,0.12258146142664778,0.1539312689206938,0.4747132329235545,0.0820526259785466,-0.4534471015410994,0.29075106578106674,0.7019502612635582,0.516616487629195,-0.3572263593931347,-0.3090732446919662,2.4809285767646574,-0.29853795437099867,0.7566077575151917,0.2207276709229526,-0.13454851513267185,0.4475227790739972,-0.033475420940619914,0.11653524454961219,0.09676491979142435,-0.17128340856357124,0.30262868296050927,11.042098251912675,-1.0582651905562095,-1.2338587517431499,-0.35517572887867277,1.3652375212943515,0.21103148722187967,0.303041618630965,-0.2637725072004036,1.1242742561663668,-0.9194984947747752,0.08120197236848255,0.00705890976892703,-0.049802056156776374,-0.807529679511978,0.43789608836872923,-0.26235879613011504,-0.00642660642241084,0.14601952238074545,-0.14704299175997945,0.8206736739146566,-7.406837900849999,-7.31175556152836,-7.9241415611349035,-6.760279216280002,-7.701567775585638,-7.160339165739195,-8.751670046473766,-2.228971006491613,-0.9435250968988304,0.8864284533035434,-2.177570173746698,5.007953959979393,-3.1644560556205343,4.6361108613232425,-1.0469665359424387,0.16491421601899148,-0.409513282768257,0.973162171688708,-4.584989406637652,-4.969690549546368,-0.0676287564134826,0.5975037054355916,-0.30357718632039254,1.0647512058757973,5.380714370747931,5.7693199651156,9.306657559013328,1.8556568677285041,3.469881319784337,-7.316440992648888,-3.355917286451426,-1.3036242610838444,-2.5658857460115283,4.6672138308334805,2.063390853097028,0.05382265692118106,-0.05420082074073731,-3.5459322652178575,-3.093070395314788,2.6821160049960415,-0.0034602543551039877,-0.14202032455363042,-0.027864989660772225,-1.5042566120835132,-1.7949108776062621,8.307310398144654,-12.639594477944359,-1.6051283970597745,2.466903817844008,13.053998605531747,15.93718509467641,-5.489151855364155,-4.699658327605498,-16.55012174791833,5.876144858070362,4.75949770309696,15.518486984236208,5.223188902140108,-0.47634180753000266,-3.373586049775518,-2.841330577684632,10.069368601863932,-4.704007464661055,2.704851377789223,-18.635779706299942,-2.0755706429529495,2.427656455151217,-1.9120374942586857,4.720093184527537,17.82226392339562,-4.986373927063529,-0.19622199051590639,-1.4250454889242796,-1.555567856554314,-1.8562134085790034,-2.6257063977090356,2.4198650878810932,-8.026766116205433,3.843133544903592,-11.058516015720498,9.930807967582506,-9.691703609436974,3.6097140119982094,-0.22406731111506856,0.6685190302458006,8.24867553521939,6.015455955553879,13.46833277285605,-6.6739396597305065,3.3827814447474536,0.14729113210397685,0.8211980573918866,1.971250872856098,2.3623168318476058,1.1873191875687947,0.28579582532277026,2.3849582754447196,-2.3340546143949514,-1.4569078681363405,-5.543916273411741,-1.4870148431554722,-13.040743030725734,8.532693891956562,-5.045031036870735,-3.0207663865905556,2.6199003426206082,-5.605637986947875,1.7270864901535978,-13.091954362186048,12.088867107416375,-10.327174336286731,4.475025318769728,0.6619758877565985,-1.7105723580388446,8.63207915086577,-1.864608493937604,11.848354959973424,-11.466925938136827,4.990027747830223,3.3459653906971534,-0.9596766597213747,-3.586274066648833,-1.1255752406645065,5.0581760722352085,-0.35937440258275577,0.1406123550489794,-1.115746137441348,0.3996480347922031,-0.7128901915978793,2.291889476548721,-0.8847395446678257,-1.9772048549881476,2.29445407419864,-2.7740604205409722,2.1503787839944684,-0.5522394019414085,0.42969951408987594,-5.203274463365073,19.56098565069509,-8.287701005198551,-0.7347300386695729,0.6751354022376859,-0.34061281223896456,-1.3279833998882964,-1.244043729674408,1.7619379162931756,-1.046765487577518,-1.094267762270977,1.9312205964867848,-2.7973917683634033,0.8833082188336918,2.508480590300434,-6.178536051511629,-3.899698945188169,5.818164148281839,-0.4115588767975752,1.5341660754101611,-1.191010440349064,0.6121845502082529,2.958967664542404,-2.4140053644016133,4.053902885296547,-0.2355543051394769,1.1115704986603645,-1.594838085457508,0.05249882425290616,-7.535769267683619,14.50027002919342,-3.44126319526605,-4.713591044354019,1.1592759369518368,1.9142987091541264,1.1357122851211734,-0.8935691816783667,-1.1940787678261096,1.4645593379668431,-2.9181506991030086,2.7942136066939316,-2.2711985257833587,0.8244892301263718,6.6155920701441415,10.252695926663739,-11.82073331955048,2.3854172453137257,2.4857353660868,1.0269458473367525,-1.0162214044970999,1.5926418726543057,4.3259605881197265,-1.9987539053644081,-0.39983315298712624,0.44003886146478605,1.990067871793252,-2.1059668596330443,-0.5105520578256816,-11.891363876224494,12.412773554592299,-2.5025201981266143,-2.5481389294432324,-0.5437003268560533,0.033700658384663594,-1.392097887600738,-2.0911353480367554,1.2773232554208582,1.3947989453327911,-1.19684739013431,4.7378422620393055,-3.770888612574619,0.9654702018999908,8.015167434375194,21.56320904722384,-11.969741320816452,8.655162960393234,1.9321761793394374,0.22510858709966766,-2.2173624446551994,0.23080686749637813,0.704265864219956,0.3235032575614325,-1.8631121927186596,1.6804699612672038,0.9758484229148998,0.19856580479243285,2.579037459535611,-0.393807312064363,0.20088890143581697,1.8410027036193983,-0.0851939646752191,1.1329045447297688,-0.3651031509146615,-0.2756883889968448,3.366573528107703,-1.2369650730736537,-0.09924066228616854,0.4816301389065861,-0.550608334477692,0.6152533469564715,0.3282273249106275,-0.8075355630590841,0.5681941489783617,0.48659874340508646,-0.462207679170936,-0.0035589800412426206,0.22288226661372318,-0.19552384474850928,1.510211306566181,17.707601027361164,-9.526261669121745,4.09122154333109,-3.029110190882018,3.1239913275082114,-0.9482952696874933,0.77321512727209,-0.8278684466269894,0.343807779153961,-0.009067600514521571,-0.32335239695007884,0.7139466823497802,-0.30280639449466584,-0.258007411051315,1.2499550078737391,-2.5918919889270655,1.7839206761463375,-0.7824983927349942,0.02050848334616878,0.11289463830436619,0.04080883022513253,0.33237721145468063,-2.2290228182370715,0.9706858815946556,-0.09917486842801895,0.12641512185199535,0.12197649214155144,-0.6074427188240233,2.027617109776404,18.48324772897137,-12.53886879317126,5.383984241581279,0.7369499835044665,-3.062966755904298,2.313686086658272,-0.9612817539261228,0.4928058429499682,-1.0575190107439778,0.11103304617974612,-0.3558521938396089,0.23283978023551202,-0.028831224470750563,0.7623630355755431,-0.6799179320676049,-0.28315249112594637,1.006496950966132,-1.7649461636317154,-0.1319253256362474,0.27373247615337976,0.6012013745436926,-0.3670578521929798,-0.5717908307363312,0.3330106043031229,0.11083750471631128,-0.13564602547812785,-0.02357590707293343,0.08987604677945579,0.2681850288457973,18.589168671037328,-5.424340019337778,6.29651977658324,-3.0972084914204157,-4.769835116269238,2.4817470841493785,-0.9903484124668567,-0.0423057513013056,-0.009658694255269993,0.10736333643923925,-0.48123718245347397,-0.17387216822571855,-0.982903385330834,0.9089548942215114,-0.024797984389756146,-1.0163552807838645,2.094981734946256,-0.567672265420546,-0.011958288212133291,0.47487082713869866,0.10123755904454333,0.02357184798517051,-1.3922152270885948,1.1655414310416374,-0.11794331556266271,-0.24894239377230015,0.15246361374862394,-0.4919095131909882,-7.882502789142601,7.123170796340457,-2.8314126917233438,4.516692641910703,0.4536500672150049,-2.428589663841866,2.550243918583125,-2.029075418228469,0.7651992160249785,-0.3520775710824886,0.18519620025756459,-0.46740375271230705,0.5547700194548717,-0.34182362178088327,0.6928231222496384,1.3253153263757278,-2.527502429318338,1.0109834953402206,-0.30730149035528664,-0.9760923147073022,-0.19003346854412828,-0.3840153870867428,-0.16301165167525866,0.25970398657393384,-0.15887780522561787,-0.023026350366905403,-0.22448763379742917,-0.0826530151380498,-0.3913562012128799,-0.9235998348305366,21.186141905888082,-10.819285595529118,2.8009722067233964,1.0489155342426648,-3.1810702636696373,-0.45930137386816305,-1.4185766723430593,0.6634524234331608,-0.5675304663092081,0.013217832023307011,0.2246905312787003,-1.4367633864428346,-0.10679877479770124,0.1933247784412813,0.8000299492756509,-2.9405589712090867,1.829886201904993,-0.2019520824174032,-0.5021641432468933,0.6031653812651899,0.03065021806739904,0.22098801223233475,-1.5565489581201712,0.19253428030876263,-0.07623083075188221,-0.17159723547076372,0.5330948872796166,0.5052228890478992,-11.66854691886498,-2.405390420027357,-2.052103471971194,1.087068847646975,5.556144613465369,-4.302596734456745,2.3025801542818995,-1.2032837068914581,-0.12552097032750548,0.027208327262322005,0.3970366978179917,0.045239192195804,-0.030784259774138078,-0.16004491836763216,1.0342584034005058,-1.6108329800049925,0.7414533873546936,0.6410590915819887,-0.9839842612817717,0.4763579981509503,2.0798839718179276,6.213444197554346,3.7818437911172667,4.488590244012982,4.115198163467094,5.875621361280052,2.138610651507418,0.29885210715967725,-0.28975851915745743,3.280162672696413,-4.47342031807226,8.368273723368898,-3.7409773362855425,-0.3846625165752251,-0.8904863775743413,1.188246646962168,-0.4586690290557429,-0.1665751569573677,10.705819356125408,14.784474677050992,-0.3900439454238341,-0.8199277635289282,-1.5461720861684012,8.86946235975966,19.394375922673326,0.7153295366225929,6.053021027835571,-15.12713485025237,-4.769249667539602,-14.068359366388867,0.009605734945228438,8.310346841723542,12.136881092152194,19.14980354790876,-6.4238742679819785,-9.33082177652223,11.019802645530348,2.399135388543666,-21.22120426211235,-11.205391557523688,0.6363639774362878,7.403725353719445,3.8851918242941257,3.7645986264007396,-6.582630139871163,-5.436743658106809,3.0338702202195384,-4.9432272866834435,14.478762409005904,-5.599203343930918,19.312297999309582,-13.04285233637103,2.8529105502916248,-7.128703256826038,6.751779004141734,12.172802057716488,-3.922069861654291,23.747897108354724,-16.626082221346984,9.99945249715942,-9.620038810868015,8.313046763954716,-10.99768818156896,-2.9201767225711492,-6.492298956197553,-7.888003828878891,22.634145437481564,-25.310555921864136,12.736541850044494,7.900832198640392,-1.9352650708984667,0.4243085943299019,-6.463015752089926,2.5176407618607684,-6.480317920232483,6.633624867520212,21.225955714538348,-3.175601804751881,-7.30978820686024,1.1133787678297484,15.233942392049531,-8.413457696979334,-0.6650925928523297,5.300921079081707,-8.715906037658609,-7.027214012125439,15.138524000396448,17.761143028100065,-12.127926083291921,2.018533914727333,-2.937052530661429,-18.26434402415956,0.6086767655101459,5.37279112308132,-6.3580315978274715,-0.8067529030409435,1.874402578014262,-18.792777174454734,-8.860462986849612,8.432726380811053,2.2111505293870546,-25.771670490388697,8.4896370321996,-4.924440626344957,5.768327875068894,8.96558726498692,6.47986774962967,-12.225965612548244,-8.501987196502986,14.759613650432135,-5.545332100125475,6.970195170912946,11.340154394621429,-5.710645425048766,-9.234763460750523,11.297536989994974,16.200748849988113,-10.216613017813126,1.7672831457422182,1.3690388751690248,-4.494349078315985,4.788817591750211,-0.3763210755144877,2.3462437079806397,0.09914130260715079,1.5614758763328627,-2.751398054086318,2.9163014363464326,-2.5582195052503764,0.8660701607011494,-9.337952318151897,1.3995136606791292,5.474912824468724,-1.2136155483557056,0.08434950118923225,2.956016819142451,-3.0650576980742916,-1.4587097368766302,13.23076868468111,-9.277241532458376,1.5282172877150968,-0.2261812101932045,-1.9987006445203395,1.8901575269172484,1.1699510940552902,11.275045062829435,-18.87077356180099,5.606439367056497,-0.744894517243442,-2.7577762726743495,0.026486125135236627,2.575898958629733,-7.471744470920356,0.7132771548299403,0.4695719065736921,0.5279109390188191,0.14244993749711804,0.6218870852224792,2.0354940706546762,8.895009269312578,-2.4859675593129418,8.48921153194063,-5.1913136485924865,-0.293468413060235,5.687035236470396,-1.8940897755614214,-1.3575917798952715,5.6420261977155235,-9.641717985278582,-0.3113921385520707,-0.2116015072420266,-2.9278093450441056,5.644475636028252,-5.001917965793808,-1.4425510936603203,-1.2173724317502947,2.484792076112002,-1.679653565194821,1.9694693761747717,-1.5869119744912767,12.3505232138884,12.096527449302219,-10.11514436031807,4.238848924854116,2.802417927261245,0.9851427120865169,-1.774493887772612,0.9897678320946026,-1.202485527410094,0.48957911154182293,7.57345889188305,-4.802251154580239,-1.0191588991879146,1.0552931449281833,-5.4300877092121045,-13.398383456912827,10.287273791380988,-7.254243265441425,1.8372882695647976,-0.004400632397637154,-3.288629917200481,-0.006745042288072687,-7.133922290462753,11.645281324703452,-10.919203179615394,1.384159347296623,1.0076342413841988,-1.8407943231422834,-0.32150198302036836,8.189266200890739,10.948578482597222,-6.527107071582797,4.218216352304451,1.0062396315821547,-0.44657992912672606,-0.08414866045640805,0.516485795656207,6.288292706615702,-2.833569622416469,-4.055272344788613,0.4470595429674849,-0.03937137480543386,-0.08829781529587143,1.2125092240219073,0.6692199462416824,0.497365774019606,0.6319132439731745,1.0070414093474365,-1.7482516519293767,0.929467957764905,2.4277315368866534,9.989851778229323,-2.8021968828998856,3.3268220635350136,1.0884706825615402,-1.7774280754465146,0.06339162688616151,-0.466448985301213,0.6928236954186653,0.27646677921727736,-0.487856489530478,2.364209011520327,-0.7333079368228506,0.4906126188839713,0.42591789095875354,-0.6908612098428059,9.30777721330835,-3.905484546562242,0.10412225158002897,-2.6845489301199947,3.220091910718847,-0.32030683792474507,-0.002380026451904646,0.1885254720728193,-0.5277151899948043,0.29502565420000937,0.5584666434001029,-0.3600654871494411,0.09273129579886073,1.5275260799024617,4.834002435525578,-0.7965043290404155,2.362810941453568,1.9839622765474283,-3.002670358765555,-0.005622120149804968,-0.47711167368114094,0.15514754696318406,-0.41694636139784197,0.7718761997956013,-1.672062864247839,0.1427015058344673,0.5967906262918728,-0.5752322651828692,-0.7493647080353648,12.940646483187432,-4.6461473239621505,1.7366322226804483,3.358803751736565,-2.7436691195703578,1.893477312308032,-0.9299153175468131,-0.01035932501412552,-0.7978310701359562,0.5021401269285297,-0.2954511872665749,0.48741644190380823,0.5270804513186103,1.6761524662349558,-1.7924981229645367,-1.974692778693814,0.025571060621219034,3.16026507395352,-4.936270898362087,0.3541099037936884,-0.2454080683472239,1.0616222070849473,0.17632496584823415,1.7026428759768293,-1.8698702514891163,0.8551350563183877,-0.46236251641736154,-0.11921680199412887,0.0697148856206039,6.797352551719335,-4.451059301054422,1.7597889236734656,0.8847706145687104,-4.367981752730261,2.0981713370058306,-0.4140554243066055,0.18461881548704562,-1.1328608145674635,-0.3579768570776273,0.10149837949078165,0.13995409626343405,-6.493529275744145,3.4358393780206447,-1.3049036549796806,0.05569869517156621,-2.465718507364499,2.77379470991409,-3.07541833293418,-0.43181051359170297,0.06591323600147157,-0.7968059026750959,0.26965032570872255,-0.20199753700045703,-2.0905496240024837,0.21953061741803975,-0.07645864388557885,-0.1419724721292434,-20.570923524066515,-0.1027859506718114,-3.294399806484754,3.6968588331994634,5.468390161071512,-2.411755812294712,0.9013280298226559,-2.87808613809477,0.7574154545929895,-0.28629043473202315,-1.0680356927811618,0.9543882433256949,-0.6056675985674328,0.02803410624495404,-0.22995388530460867,3.901677451571302,1.715764416572926,-0.5434118573673477,5.394912184247372,1.693711780889499,-0.505585040799558,0.4949750373009768,0.19142445429418267,-2.0380371509638824,1.377817433975154,-1.5544739954145355,-0.736821621825645,0.9936576029274997,-0.6278486642933384,-10.395029129341387,8.647757706591129,-1.6202012022386645,0.1487780911239887,2.2558075017683197,-2.2001780047699,-0.03213593173670892,-0.6949801131578544,1.1004941381652709,-0.7426620292978426,1.3829192693314252,-0.4256525772851312,-0.9553633317495916,0.7134973708169593,0.09674313204836929,3.441393239831532,-1.3855731277992849,0.022759814741756673,1.620832049263543,-2.8340223413099572,0.9250077131884759,-0.5310430861007058,-0.5022131698719368,-0.6970449105797709,0.5446297000918208,-1.067600656178331,-0.24551797325334837,1.1131716826960236,0.6599439038521479,-10.304945886672828,-0.193858488389463,-1.4735630613621458,2.6975276332446154,6.682864869793991,-3.3684246143934407,1.2201387719566508,-0.7785145212187529,-0.1796974715021326,-1.062273647629231,-0.5603000764543,0.040164783157075626,-0.07907386791161732,-0.48350685019646306,-1.1137848469556317,0.09476629769652926,0.19888550586687212,-1.0226657463884987,2.891329888716336,-0.6356726451494074,22.914620314051586,23.27285464217767,22.3039523736019,23.634440226502836,22.297755058466706,23.685245229170825,20.122287660119632,36.54237991434677,37.6209432094709,40.23987746820229,39.582896584739416,39.20970908270759,31.370980742896545,47.00069931504014,32.509042283515285,42.47516756259626,37.80714002034155,43.28947937401342,34.255754334322916,29.177929222208125,-0.050602995515072996,0.9630840185432389,-0.2509678828100166,-2.8248610049963236,-7.152210943731132,-14.225643949243517,-1.090511985487708,-9.044102583407415,10.707335363788077,5.412055732682851,14.328744975044739,0.09390824483623136,-0.7973964865045275,-0.11192970876809957,-13.970139755162002,2.5925862503493895,0.6096577528502756,11.326855725924931,0.8588219998954875,-2.1003854853565493,0.13128914710408945,0.38669988984267095,0.8834274360900378,0.2531787505869214,5.651594090243614,-0.3657237013666166,8.847066932347596,-0.3117833754391336,-6.758797440350782,-9.07813076282525,-12.710453926683977,12.4955400931804,-0.4828590937318619,10.59631413528718,-10.910900194562318,-5.101119129138875,-2.8829724912470813,-1.4337692475696757,4.4082323720259415,1.8360571661099736,2.21531857615271,-12.337017871151088,15.094031976294733,1.757331667722201,12.128668163662415,-1.6719414911090256,2.183637517132245,-3.15008196769834,2.6322665043745976,-15.798627313753537,-0.9717049023797778,-0.3132221240140878,-3.353247971587078,-1.9801587968310241,-1.2689614016339912,-6.818492560465587,-4.978597623354125,8.62986078685159,-4.763707806651549,2.8910069804794634,-11.444232575975155,-0.4571983304008431,-3.5513786556246885,1.800165497433009,-3.5991030619072935,-5.149192476725433,-9.83442389679122,-12.284030983510315,1.2065469210857858,-1.7576538427455317,-0.5297565899693911,-2.5325991016364706,-1.7566821019499679,-0.2436386208726951,3.050722276270371,-0.037300996731901806,6.398061487741118,11.25566731779119,-3.0195258518180284,2.931308448721226,4.368299635324944,20.454947035458492,8.23559018279532,0.4789981188826946,-3.0913620256942482,1.6553066379257357,2.82531753593407,-0.7466082564424797,7.087631684630932,-9.837439790962083,1.8758275406486318,-6.738446653297119,-1.3661516334747263,3.7930492518840824,-7.889995210585047,-7.854438345855744,-20.29565304337581,-2.3920835873767357,1.4060813016420648,-2.6137729249402026,0.09162796762546982,2.2638703753305593,-0.890014077157261,7.9775467969751075,-0.589733036640688,0.4328521699510386,-3.496865791359772,2.351359919224087,-2.3321427537494572,0.4089601048728747,5.524943221561256,6.24294658568118,0.012349508487435133,1.155474124326833,-1.4008385797431429,2.600113786329462,0.3621613086424472,-0.7666058184619975,-23.566342535081116,5.190403030869399,-3.2373851645023715,1.1041320301760282,-2.898717226243914,1.3599116867410936,-0.49656790234464465,-7.392216594963552,1.28996413560054,1.5359446899253513,-0.35701222415017375,1.1384108534959292,-0.3302946212715764,-4.660663659688415,15.043130939582522,6.5414787396543925,-0.793452407762671,0.839231211967331,0.4716228754155849,-0.07033215963182113,-1.818308593472031,-9.041645923366815,1.5822693942115194,-5.261108886569993,-0.26302795970235654,-2.746137112485515,0.49434334014691006,0.5895168266412968,-0.5150985360892436,-14.198787262208505,1.5249154259890259,-4.630517163646946,1.2540416709428512,-3.066412450432728,-2.8834420562330965,1.3692054650477155,6.444021907249264,-0.2601630146165127,1.6734863940790836,-4.648011474730609,4.692521815117626,-2.015132797520541,-14.674103305768947,-9.053455357526742,9.876924312234518,-1.4004450393007781,2.609844352696468,-1.1634807633657058,0.7390139012928653,-0.9596521900261032,-3.77313988540401,1.780865567054974,-0.12483027698482149,-0.617679948284465,-1.8796580251471744,0.43673370810759393,2.171405420595552,12.579253580668276,-16.891739659042273,5.817852147259126,-3.590103680395858,1.3920423783384401,-1.6170940514702579,2.0226107868645244,8.175337588450365,-1.5894669184626593,1.6444602421132344,-0.8096231565689938,-1.4397254850727919,1.5868250783586204,-1.6805601355499973,-16.19663874512986,-18.160176556978815,11.22536808427409,-1.914798479533463,2.3772293455869455,-0.11213046858744588,0.15920962941008457,0.39349652462022494,-0.2595434047811174,-0.44618879800058286,1.0032957126729052,-0.7883053707763347,-0.14006042258152102,-0.6514314269456166,-0.36719939611321445,-0.4443878006954167,0.08067729259482052,0.672941588631657,0.2092013754279774,0.8381366457844778,-0.6188377153435296,-2.3296713035500245,-10.374917654568755,9.097621997378639,-1.323441691878071,3.480337371739094,-1.4389821797168614,-0.05217544368378048,-0.7511688582304944,0.9140118010154742,0.6751534498712196,0.860162096225951,-1.3798472039905756,0.45738494484149694,0.09586514202624524,0.10177153222269987,-0.49053266526021005,-21.280608560835656,6.795681712616879,-4.303909114828513,0.37841775283832607,5.906310174275651,-1.4633381761588817,0.6058074711695263,-0.5421969191755448,-0.1606552817206926,0.06356983486200225,0.13800650860039257,-0.06379143725320702,-0.03826837735891264,-1.2700810089852055,-5.156236498268961,7.114331106520674,-2.174824358971013,3.5020628787817594,0.4729272334941565,-0.3250402554685254,-0.32324014630498077,-0.4104581593916503,-1.299417915936244,0.6300981844200931,-0.4531458175012897,0.24440300475867355,0.32425599732089033,-0.7781467973734651,-0.1068778446562208,-25.629814361488243,11.489280561096187,-2.863571752569766,-1.2225725525920654,-1.7105920543302033,2.1793866315639074,-0.6894149918196044,0.748386960003594,-0.6740312911749946,0.12411902070835527,0.17650773739517459,-0.5638898390624788,-0.5527262840997812,-1.902377939788551,2.6520085000544156,-2.9468938486456513,-2.444159052349226,1.0989928079811595,2.291753302942365,-0.7278161056489434,-0.35140110934170005,0.9965093549121635,-0.24734939407004922,-0.42052276261942734,0.24848460008072756,-0.07690981173514135,-0.30859169365368844,0.12249670281921092,-1.5817989988552752,-19.947202504573216,6.829461379085873,-1.8657474020628686,0.5921180715062181,-4.9897122441308435,2.565904961202945,-0.6364509670793737,-0.4057916347603563,-0.8985259097487772,-0.04580257756847765,0.7661333087361412,-0.3608847117814633,6.532140662704228,-3.5729262067958256,5.302942697067422,-2.731006093095434,-2.0854722805256545,-0.8496502214754109,1.6851015805583538,-0.5627840981278531,-0.15223980652305183,-2.3399590044293848,1.0621983948430678,0.6935360165552553,0.2911323996218059,-0.29753206764111434,-0.08483395322155465,-1.1076791539214637,22.78351543648725,-5.2207033011007855,3.3719110036659403,-3.3434973020734504,5.391258093699626,-3.254243183449313,1.186178121096545,-2.903279217813875,1.0179599051776551,-0.015456865268388194,0.465884215749937,-0.9805019238048046,0.7407389349646731,-0.0012813319629048706,0.09895195954439581,-3.017353842179787,3.860715452571209,-3.4017911899388773,-0.9067898264460958,1.3649254882454396,0.010201321577943682,0.11580729228991625,0.26423258303885516,-0.7716488130495968,-0.2713847109311848,-0.0159142285318085,0.521499303491931,-0.14735757060566254,-0.9964630887637388,9.581552703773976,-22.40407795042083,8.09594653197104,-2.9719268828604357,0.08495508340751805,-2.666101393037455,-0.5397481743378595,-1.1149720593060752,0.4639728952891672,-0.3561163906259629,0.435942147350416,0.04881582813047114,0.7663937573472015,-0.5796755536754994,-0.21878410996562778,-4.559182772874795,3.875659020337068,-3.84411456445565,0.5525387762334539,0.5079622762622891,-0.48346865158488095,-0.643200052460967,-0.05783491764867507,-1.0351680007965245,-0.2735818888863741,0.30704042737809767,-0.3353351437526626,0.8483522913871072,-1.877969946758396,18.72866256897193,2.133641291315807,3.270843147613153,-0.7994585204665174,1.3273292297037216,-2.981903767318841,2.1533181755643644,-1.027894926786193,0.8282631429057092,-0.8067232517594718,0.4752582530840242,0.16043266877377754,-0.06283177707365109,0.2634218633545987,0.14408368066493502,2.5885456479396667,-0.7504020894552016,-2.085684097635908,0.10061726313348549,-0.32633332416552874
46,3.0314726654532214,3.876098666120627,2.965612989487651,3.4772690022111896,3.2596219769806556,2.88749017774999,5.461482978331367,-3.882129306961427,3.8064234571231204,-5.075204051931653,1.841213413973711,-1.525942303308353,-0.978635335432287,3.3305855369783655,-3.384510183614393,5.5003516252734626,-7.578690055448195,5.5999610990611925,-16.290142033532113,-18.26647840872633,-0.188842020151732,-0.5456109009453594,-1.0582932542868708,3.028111383157696,1.5934558570881172,7.164812070194857,1.8157917830196173,-4.805233002395942,2.0981971475490004,-15.49984796313333,2.016640909518748,-8.46019840078975,8.695785949224026,3.067256240391299,10.580282101281641,3.48323018419097,-3.9934085417028378,-14.41144462201908,1.1256714250289972,-9.222213938826807,0.16511851244267986,2.7932255875614644,1.0113502504755347,-1.4636240995141976,-9.702846154651011,3.2986377695517053,6.000877193619869,-3.116068928809253,1.9959763042654406,-4.047163305743958,6.853317239843474,-1.2749479035877054,5.4279556676407985,-14.126081672101849,-0.495357181378437,-2.4008719684947475,9.257015687028536,10.204624040288063,0.5913453445764272,2.1272317895539956,-16.97354691704097,0.501759146201408,-6.378731367857379,9.853559135741175,5.692528203561677,-1.651821784814007,-2.5355675300486453,5.384953248222672,-4.289531434490746,-4.255520743696128,-8.945446330616573,0.2050227995132603,-1.7765013169072505,1.1314400304289942,-3.358449148097381,1.9633113914093567,-2.9624083643189945,-2.473078506055526,15.250403635360298,0.7946859428082801,0.430082802964938,-0.45787777242772315,7.253807711132089,-7.94103691256708,6.762601270165643,-2.3136560920521627,-14.22741732317707,5.854444690528439,-3.4292295697393906,4.519173641365128,-3.7260632953794897,5.698913264408294,-14.604917497277423,-16.226794404588663,6.431158722722553,-4.033502787655415,2.1164671668624253,-0.007871862982139231,0.6754298797566246,-15.438762473467719,-5.47032092524486,6.628940084567145,-3.986108725331953,0.0024801549940825438,-0.3983023828702609,-0.646562492839364,-7.9063311895946,12.435404645654089,1.9727531393557176,1.3867822201575621,-0.8531356263181556,4.4159547155686605,-2.0304412612589275,2.743760917044497,15.196515151617849,-3.7933749425854635,2.1784074480077797,-3.1205875310153335,3.3746689603083335,-5.5962800728152065,1.8550361026252873,3.687720044312329,-3.1839876746106475,3.0240367471011202,0.16326157880488873,0.7238589420087057,0.29091538882298845,1.2485135805553698,1.0945397036603794,5.122888363411218,-0.614846608719563,1.1162643680662505,0.2269668538392543,-1.4680048437314996,2.217683787436063,7.239761172349964,-1.990771813780289,0.5702028034659401,0.2206380815219248,-0.02608195389663759,0.026726188903827927,1.6302038599200899,-0.7931925920468783,-1.7147455132800005,-1.350712665285402,2.5802870655236005,0.04031308287981748,-0.8092710782666297,-0.40654756215459753,-2.4715030271097493,-12.197379398614316,5.942049160483213,-3.1158854880963647,0.07892718009008318,-1.5012152204106544,0.9616424786064677,-1.095828946476101,2.124865936875034,2.514498521117055,-0.09884858232720828,0.7346533288556927,1.181174868135664,-2.8110264833404326,-5.406006137195268,-3.7929133747485615,3.4903618119412685,-2.1335711215073814,-0.6695400005578094,0.9178377916819249,-0.6419823393686601,-0.2669529292103585,1.8546205072371638,-0.1767274191905776,-1.381091213682748,0.488698104570612,1.0805064883716602,-3.0222069732870405,1.52555052900334,9.5094105360198,-5.586062810848901,3.6381881692538993,-1.2054623470271921,1.0276110634373814,-0.47470237189653697,0.7269418913594504,-1.1651397238614016,-0.86736924340331,1.6101010784224854,0.9572352124710893,-1.5167358397623552,-1.4087215108766402,1.1361906621650215,-0.9556541808724681,-7.141385169965667,7.691553518406578,-1.9108968438091516,0.2793144515477542,-1.5471693447845942,0.26002195431223984,0.8483537293647025,1.0601461418792404,6.601083995184987,-0.3861109400388426,0.4683234287448241,0.11885443636116023,-1.6765622474511788,2.323787556894924,14.405167258098526,-1.0002935796467658,2.4327286921942166,-0.5844458842296939,1.3325583212637553,-1.0874765863224243,0.7948289273437468,1.2487012662731585,-3.6386871708879567,2.2231836492253283,1.9487926382929976,-0.7933732484815557,-1.1081603296229228,-2.083158501078872,3.3110550823082963,0.16719984149561046,0.14200087397603453,-1.18865264631072,1.7491888538456368,-1.3107492528339437,0.13797807878891535,0.3881296033142805,-0.309429317112456,-0.1469071639218107,-0.3024219610387604,0.03699066793441762,1.501853207862809,-0.2619381865321537,2.387225391916764,-0.26437746883609786,0.3382594268223929,0.14829689125677847,0.18163441743664505,-3.874013355689005,-5.408895173702463,3.221956155767291,1.54201151240703,1.5221753493766956,-0.8095919331182386,0.7716677643646718,0.10180250146739991,0.5244460541474976,0.11558513263514857,-0.29435741888140443,-0.2178785803314334,0.24822502410561226,0.3063187652847443,-2.0387130424607625,1.9556789598530715,1.168919825036421,-0.5973154843613749,0.5852476673076104,-3.235163029022822,0.7290603728215853,-0.2364377606451082,-0.01810870530184947,0.7304584451909273,-0.6052320368186634,0.3256858516742006,-0.6323558604464512,0.5068575671491694,-0.13259612647899613,-4.718747736292612,-10.83844470762557,-2.2799515821855287,0.7590731930118574,1.8045896835033346,-0.40220809760274145,0.6440019816342678,0.15075644043430889,0.12258146142664778,0.1539312689206938,0.4747132329235545,0.0820526259785466,-0.4534471015410994,0.29075106578106674,0.7019502612635582,0.516616487629195,-0.3572263593931347,-0.3090732446919662,2.4809285767646574,-0.29853795437099867,0.7566077575151917,0.2207276709229526,-0.13454851513267185,0.4475227790739972,-0.033475420940619914,0.11653524454961219,0.09676491979142435,-0.17128340856357124,0.30262868296050927,11.042098251912675,-1.0582651905562095,-1.2338587517431499,-0.35517572887867277,1.3652375212943515,0.21103148722187967,0.303041618630965,-0.2637725072004036,1.1242742561663668,-0.9194984947747752,0.08120197236848255,0.00705890976892703,-0.049802056156776374,-0.807529679511978,0.43789608836872923,-0.26235879613011504,-1.7680172084566261,0.7159020199982716,-1.7684627786375127,0.5320847827791487,-0.5614684381553582,0.30056538661957555,-0.49794690615681103,0.113666078825678,-0.9814948005786642,0.11842289042439191,0.05049880883011193,-0.5348128892217192,-2.2700921962561,-5.799777348128425,3.6073496634830398,0.9905417051734594,-1.6408596688722288,-1.061204082891481,0.8368547044925054,0.3892637744943082,0.2720388216828373,1.1838650290545236,-0.2892609746264585,0.27715764525992836,0.11985693670395466,-0.18044783734679545,-0.12567940874004194,0.7732985042247379,-0.15883400993661398,-2.3242062190408155,0.2733690864653584,-2.6333532270472224,1.2104746445084125,-0.5150588782650466,0.6296090332091626,0.23785755472334574,0.6251004608364018,-0.29228058892604303,0.37851047338250765,0.08365350388885363,-0.03882085445452575,-2.5965995662314123,-10.873443177711014,3.03432233419729,1.5236528504261697,-0.1969809220625184,0.10151066191777985,0.058564581862747475,-0.7201354542306563,-0.4201172330084726,-0.4926910624700212,0.05876199038825904,-0.08111059006662433,-0.11195658239956693,-0.04404061395297057,1.102959975567312,-1.099629118127267,-2.6256342678160647,-0.9275763319066321,-1.2465319277652638,1.5550057009060383,-0.4500758227300822,-0.035610467267953194,0.4150666232620813,-0.7392076870069798,0.5404147071799299,-0.08640821116181,0.2707648033597245,0.31390981161265064,0.17166357268488938,-3.049511643772753,-10.485901554111058,-0.980597361312635,2.176228208779784,-1.2886517032635663,-0.44877573229945755,-0.18279053691088917,-0.03129114703450433,-0.44591538123021046,-0.40618635139171166,-0.24259909140448424,0.5168968518861189,-0.15951078616932793,0.2345981906362112,0.062254825274970435,-0.7808676632189032,1.5346226999181403,-1.4279480318903581,2.8680080784565543,-3.7840434533831218,2.094504261399128,-0.8992750671861104,0.12842851896440746,0.147238362841338,-0.371450942281415,2.2121422475908363,-13.197535355629148,-12.93326930516736,-13.544610820653004,-12.990233876774369,-13.699954960051453,-12.040544954682185,-17.01150932338412,1.4368579518309592,-0.3375424606654338,1.0099075516163145,-1.390862589973198,0.43037699416605024,0.2673505514666673,-0.7814742054056105,1.8764434455247414,3.814571677149207,-1.9448743243394446,-2.044289684224335,-10.990785307744927,-11.96936049169013,-0.17720154397124774,-0.5997941390557661,-0.9744427400747967,-0.524187646180356,3.897801103717237,-3.8506807015751443,-6.002674532716759,-7.208327895544502,-4.239432254732464,4.738388007506825,3.2395349619906053,8.711888216282492,-2.674604988642653,0.37061494877530765,3.4915680119617467,1.470546039521997,-1.7611066145305718,-4.348678231938742,1.7604533305277328,0.10901414500433043,0.024492022192171947,1.6741582597585416,0.19645713860873898,-1.4365832428221461,-9.782630134557273,-15.306760718114736,1.5092900509393121,0.1984803189221429,6.7195137702342596,-7.520571308852117,-1.339914606640816,0.5739002338062601,6.663174109815034,15.460354426228365,-5.604641292701318,-3.922183309868732,-22.994223648659627,1.1546590666710923,2.6200548624199507,14.834114503055147,11.563725639141348,-5.69320158418396,-7.778805656088808,-23.650598638825844,9.016499467237368,-4.084667877570833,-3.0534270943784354,4.925267887004524,0.29065017074084676,-3.3074976767406374,23.998403121379553,0.18320272496117043,-0.2310028310021337,1.0028269939093792,-2.842866695507648,-1.2383951826519892,-5.452201170281195,-1.5345829105963225,-13.040743030725734,8.532693891956562,-5.045031036870735,-3.0207663865905556,2.6199003426206082,-5.605637986947875,1.7270864901535978,-13.091954362186048,12.088867107416375,-10.327174336286731,4.475025318769728,0.6619758877565985,-1.7105723580388446,8.63207915086577,-1.864608493937604,11.848354959973424,-11.468224359233977,4.911375268887621,2.784696426418236,2.1113216302990185,9.640065094230401,7.573047993076481,15.862995035857262,-6.160260310478503,3.5176757496813083,-2.0094321656283993,3.1879157735316337,4.052736954269869,2.889768900635892,0.5090020159003873,5.088641150919032,2.815664381786498,-0.4114646126990781,0.5556138116298295,-3.867053094266173,-2.929469921959843,-24.04153849920659,7.0054551610835585,-4.385487197090292,-0.16328462318899756,2.4895737630830723,-5.25279788916192,1.8067803022881868,2.873844444438366,-1.9056797569177728,1.489387103256969,0.31050626479333154,0.8387706381927734,1.4096421181295582,-0.9734231028925598,-1.0712327536103798,1.423252121013579,-2.9181506991030086,2.7942136066939316,-2.2711985257833587,0.8244892301263718,6.6155920701441415,10.252695926663739,-11.82073331955048,2.3854172453137257,2.4857353660868,1.0269458473367525,-1.0162214044970999,1.5926418726543057,4.3259605881197265,-1.9987539053644081,-0.39983315298712624,0.44003886146478605,1.990067871793252,-2.1059668596330443,-0.5105520578256816,-11.891363876224494,12.412773554592299,-2.5025201981266143,-2.5481389294432324,-0.5437003268560533,0.033700658384663594,-1.392097887600738,-2.0911353480367554,1.2773232554208582,1.3947989453327911,-1.19684739013431,4.7378422620393055,-3.770888612574619,0.9654702018999908,8.015167434375194,21.56320904722384,-11.969741320816452,8.655162960393234,1.9321761793394374,0.22510858709966766,-2.2173624446551994,0.20586352780954534,0.06142848466688856,0.12889005325220076,0.0887624186497468,0.584599295061923,-4.026325453598574,1.3646951052616842,2.2955959917484954,-12.897157658953688,-7.30512636610548,7.585284821412518,-2.6456912074945387,2.267950515966036,-0.6362707154175372,3.0769949840976367,-0.5597408762444308,-2.574027752755314,1.7265769566390312,-2.9693181782621663,1.0852152975161158,-0.29975894380819945,0.01382391280742186,-6.126388620449712,17.507702125267937,-3.6723164292762935,-9.11564974133473,3.2385980536247345,1.3440079294328455,1.4214331636667803,-1.5570593454585273,-1.6022003077831772,2.5880655473206873,-1.8084838335835176,2.021185450179137,-3.3281597612518716,1.4022319150111662,8.325266882851862,12.546041931034592,-9.785053833199788,10.525242084880421,-3.4741296939033135,2.9658843532223407,-2.0827175572585954,2.8742595359634677,2.287334328404772,-2.130186907379176,1.1172335557747846,-0.13644794836911095,-0.2374199832658096,0.8175324865660596,-1.6947063548107402,1.7818660615731796,0.30006640429130793,-0.42969488612966905,-0.8264919503030814,0.8681925828430471,-0.024797984389756146,-1.0163552807838645,2.094981734946256,-0.567672265420546,-0.011958288212133291,0.47487082713869866,0.10123755904454333,0.02357184798517051,-1.3922152270885948,1.1655414310416374,-0.11794331556266271,-0.24894239377230015,0.15246361374862394,-0.4919095131909882,-7.882502789142601,7.123170796340457,-2.8314126917233438,4.516692641910703,0.4536500672150049,-2.428589663841866,2.550243918583125,-2.029075418228469,0.7651992160249785,-0.3520775710824886,0.18519620025756459,-0.46740375271230705,0.5547700194548717,-0.34182362178088327,0.6928231222496384,1.3253153263757278,-2.527502429318338,1.0109834953402206,-0.30730149035528664,-0.9760923147073022,-0.19003346854412828,-0.3840153870867428,-0.16301165167525866,0.25970398657393384,-0.15887780522561787,-0.023026350366905403,-0.22448763379742917,-0.0826530151380498,-0.3913562012128799,-0.9235998348305366,21.186141905888082,-10.819285595529118,2.8009722067233964,1.0489155342426648,-3.1810702636696373,-0.45930137386816305,-1.4185766723430593,0.6634524234331608,-0.5675304663092081,0.013217832023307011,0.2246905312787003,-1.4367633864428346,-0.10679877479770124,0.1933247784412813,0.8000299492756509,-2.9405589712090867,1.829886201904993,-0.2019520824174032,-0.5021641432468933,0.6031653812651899,0.03065021806739904,0.22098801223233475,-1.5565489581201712,0.19253428030876263,-0.07623083075188221,-0.17159723547076372,0.5330948872796166,0.5052228890478992,-11.66854691886498,-2.405390420027357,-2.052103471971194,1.087068847646975,5.556144613465369,-4.302596734456745,2.3025801542818995,-1.2032837068914581,-0.12552097032750548,0.027208327262322005,0.3970366978179917,0.045239192195804,-0.030784259774138078,-0.16004491836763216,1.0342584034005058,-1.6108329800049925,1.315138823728304,-1.0041141554728543,0.30919133570350815,0.22184268294072162,-0.7218497121530596,0.05245340107989544,-2.338692633553574,1.391999801902763,-0.38222734661382074,-0.02964012311034872,-0.09271907276088683,-0.1450422450532835,3.3160701998693574,15.70958400240218,-9.357767677582611,3.6409036414787628,-3.0644686181018708,3.9736575560145795,-3.1930661466405703,2.4527511171793734,0.5114330129763873,0.3323735522822723,-0.14331115535445876,0.28268103360356256,0.7217633912191913,-0.3038916977308819,-1.8480567845610816,1.2548624918027602,-2.749373765137764,2.150137798802921,-2.800649139813291,0.26212076095710707,-0.3185758203097235,-1.5835349595796477,0.12881024855754647,-1.902105732815572,0.8784776028079635,0.4582362649088828,-0.07983944363646736,0.18545314738048913,-0.6742748719671883,3.274766325205946,22.94413318621205,-6.772966015638459,3.8780970390087566,2.3168299923574542,-1.7877008672770256,0.6252787767300572,-0.3628838824237814,0.33197665751272615,-0.5394011619255864,-0.1689649026508463,0.6109799671762131,-0.41178899320625134,0.44476010424500095,2.7936959483273647,0.22961304777482835,-0.6127192451748654,0.4108923059889122,-0.8393780595776147,0.16689201795919162,0.3869598884591858,-0.006107110924796141,0.7363102205627514,-1.254016415572664,0.808429679402548,-0.11083225786920242,0.06205019610528374,-0.0066210319052422625,3.755286190489271,8.835758163656399,13.928515190471643,-9.878494062595637,6.358963445688576,-3.5224481611971297,0.7262016737362866,-0.5730189950634555,0.8455403638813812,-0.7081990488810991,-0.23918784463403214,0.3056853039079235,-0.1055285057638409,0.5526580542560962,-0.1382209348775343,1.0401696176408979,0.14788802458790054,-1.9050387749140747,0.9984048049456982,-0.5413322816088303,0.12334950291931476,0.576428811409968,-0.05911380004923736,-0.25849316303828146,0.2685661087137327,-0.37424188149184334,-0.36361901086551196,-50.68006064217857,-44.65628358019051,-51.54070271272384,-47.825160536302675,-52.52045673708815,-43.80152856681211,-56.83164900444437,-7.817162985107052,-1.8809406163553453,3.9801879345589617,-3.5625550257074297,0.848246099626688,3.914609502036715,-1.2012366760432927,1.2319922209340093,3.00466837470955,2.1578378292058176,-12.51911579050843,16.582491379107996,19.213330053891116,-1.6122361581274727,-5.36889227122946,-9.4981732341845,-9.82247506243222,-21.796329982004178,-10.30852601058973,-5.8413745247427515,-2.5263913064953463,0.9578642430519998,16.4388501214076,8.962048896960507,10.0071996232843,-15.521390306722253,-17.915374249112755,-15.387187187063871,-3.4855868052093935,4.40363725971147,22.05471103115858,14.913751877848888,10.588323324076336,1.0312995095750153,20.706201750932735,6.427341948710611,0.5773724215184053,-0.5370786816542124,-16.623434966568748,-1.4805461983856254,7.182402933036829,-5.808303498485365,7.252969215568764,-8.645158418175901,20.19916185655346,-8.600292071417552,20.144735588445656,-5.743269127305305,2.0369401453959433,-12.544584941553628,-3.0516376763750763,13.535604345364195,-4.822756207584802,15.332299891916557,-20.09552767693609,2.724169648687639,-29.375918758081376,5.184848230603182,0.7003052745450626,-0.4342430797506331,-2.47716770094781,4.878703623698242,-6.328861666524216,34.33044742634426,2.074154132965657,-7.739061853972532,11.88817110037157,-28.006875595699285,-5.825502026355104,8.156724307275136,2.121166532283915,-25.771670490388697,8.4896370321996,-4.924440626344957,5.768327875068894,8.96558726498692,6.47986774962967,-12.225965612548244,-8.501987196502986,14.759613650432135,-5.545332100125475,6.970195170912946,11.340154394621429,-5.710645425048766,-9.234763460750523,11.297536989994974,16.200748849988113,-10.219273869660757,2.01519005651071,7.990802911978964,-5.580139103863289,-4.643663181386516,18.0285224666166,14.924795755644235,-12.550082796864817,0.09748658041261064,-13.554598492779931,-12.881529239231396,2.2260788884353278,7.159024376545343,-9.799782662092777,-0.20644560034708284,1.2528339890981453,-13.069604449142531,-11.077517077030494,7.866429121620049,0.9361460817092128,-32.24229363609942,-0.5859722488468074,-0.6557474916206157,3.6717685637544473,21.165101177928968,0.8448384137872309,-0.47204917647579775,-5.315066247338381,-19.390135145152513,0.6978477094051831,1.8596636002491267,1.8413307086208224,2.6960383396564445,-3.556623022374687,-1.6875095929075583,-1.2485608348980877,2.484792076112002,-1.679653565194821,1.9694693761747717,-1.5869119744912767,12.3505232138884,12.096527449302219,-10.11514436031807,4.238848924854116,2.802417927261245,0.9851427120865169,-1.774493887772612,0.9897678320946026,-1.202485527410094,0.48957911154182293,7.57345889188305,-4.802251154580239,-1.0191588991879146,1.0552931449281833,-5.4300877092121045,-13.398383456912827,10.287273791380988,-7.254243265441425,1.8372882695647976,-0.004400632397637154,-3.288629917200481,-0.006745042288072687,-7.133922290462753,11.645281324703452,-10.919203179615394,1.384159347296623,1.0076342413841988,-1.8407943231422834,-0.32150198302036836,8.189266200890739,10.948578482597222,-6.527107071582797,4.218216352304451,1.0062396315821547,-0.44657992912672606,-0.08414866045640805,0.451918807329264,4.834179161782747,-15.041478120333814,6.985128888412469,-2.2596244878073324,-3.5812784321239555,1.4941705269669585,1.5013447789451775,-13.992764946378749,-0.6878161429145128,-1.122244481110501,3.238955976105529,1.9178044532305227,-0.61532184406949,0.2706606362630216,-9.832002187431792,6.496037503410328,5.005873309130612,-3.718694345204272,-0.71002474597738,5.637142719045016,-2.509418190912346,-0.9588549007652271,8.181232067011171,-3.815619576466451,-1.9976228645889704,-1.2646138857492324,-4.128099837197914,1.5850116094190467,-8.076135597412277,0.48231277630528036,-0.16926492862353135,2.4920373306092523,-2.9078500975461576,-3.21070200558427,2.7536179326737007,11.176457904265748,22.525126547993313,-9.284799820621101,8.13631769631464,-1.8906159847987296,4.979816249245089,-0.19047603088645748,3.328415678156884,2.0891062741812934,-5.4747168592962066,6.933809509316781,-1.9947130740102563,0.4674628326828414,-0.6623851158862423,-1.7789645244070438,-1.0239808615312833,1.003457237825733,0.1282048837735007,-6.506206142025045,3.417925329221945,-1.3049036549796806,0.05569869517156621,-2.465718507364499,2.77379470991409,-3.07541833293418,-0.43181051359170297,0.06591323600147157,-0.7968059026750959,0.26965032570872255,-0.20199753700045703,-2.0905496240024837,0.21953061741803975,-0.07645864388557885,-0.1419724721292434,-20.570923524066515,-0.1027859506718114,-3.294399806484754,3.6968588331994634,5.468390161071512,-2.411755812294712,0.9013280298226559,-2.87808613809477,0.7574154545929895,-0.28629043473202315,-1.0680356927811618,0.9543882433256949,-0.6056675985674328,0.02803410624495404,-0.22995388530460867,3.901677451571302,1.715764416572926,-0.5434118573673477,5.394912184247372,1.693711780889499,-0.505585040799558,0.4949750373009768,0.19142445429418267,-2.0380371509638824,1.377817433975154,-1.5544739954145355,-0.736821621825645,0.9936576029274997,-0.6278486642933384,-10.395029129341387,8.647757706591129,-1.6202012022386645,0.1487780911239887,2.2558075017683197,-2.2001780047699,-0.03213593173670892,-0.6949801131578544,1.1004941381652709,-0.7426620292978426,1.3829192693314252,-0.4256525772851312,-0.9553633317495916,0.7134973708169593,0.09674313204836929,3.441393239831532,-1.3855731277992849,0.022759814741756673,1.620832049263543,-2.8340223413099572,0.9250077131884759,-0.5310430861007058,-0.5022131698719368,-0.6970449105797709,0.5446297000918208,-1.067600656178331,-0.24551797325334837,1.1131716826960236,0.6599439038521479,-10.304945886672828,-0.193858488389463,-1.4735630613621458,2.6975276332446154,6.682864869793991,-3.3684246143934407,1.2201387719566508,-0.7785145212187529,-0.1796974715021326,-1.062273647629231,-0.5603000764543,0.040164783157075626,-0.07907386791161732,-0.48350685019646306,-1.1137848469556317,0.09476629769652926,1.8321731946381226,-3.773797485566741,4.782071910446691,-2.3515828305763105,1.6436428283259228,0.16839863858888993,1.2467608837526767,-1.0098897769284096,0.5748394883680624,-0.3506183034015243,0.1409783380852729,-0.15583866422484835,3.9081943700135104,21.130267728027118,-6.459696905909828,2.5659128869866437,-0.9450535848648108,3.8903001498568193,-0.6471856213467534,1.4037822118725263,-0.03270991266300561,1.743115125060048,-0.6850504593874456,0.38265457043532897,-0.2629393291254728,0.16617212850228086,1.0376518125943397,3.1768100387327785,-0.00815052480968249,1.918723427769091,-4.035985296984035,0.6655476347130462,-1.2464953196060677,0.9477333358237741,-0.2338958195381715,-0.8338719067801782,0.6983216605224353,-1.337166703021298,0.42768606343955484,0.15482174296563733,-0.6332727985738046,1.051354276410379,7.855030948987471,0.07773846548727004,0.4927515014777074,1.0185894964774067,0.07371147320251929,0.2424727716928841,0.3479159901844198,0.9633211741485798,-0.40536385510996653,2.21804397422412,-0.7364682805167049,0.13692145114268828,1.6371689666834208,8.715641229105008,-1.9081205262331178,2.9048636430383747,-6.354759187436934,1.3424820861907025,0.35283599710544283,-0.9168394162055467,-0.32441167974725654,0.6922250636229549,0.8397033618625437,-1.0006355647562084,0.4259279503022557,-0.48359404572777215,0.897883250015115,5.7453550241815305,7.498258495050188,-7.475730442532584,2.7270847237858598,1.1420943687431984,-3.4344898271415083,-1.160934570357484,0.3907253823663181,-0.7157784680451152,0.1891873167430306,0.45863223160038574,0.6552556387905574,-1.3349069448663171,0.2862342521116488,1.4849876012528491,2.7459598814288637,2.813003802107261,-4.371200610084052,1.544484636949099,2.7358958342836064,-2.6903331868281617,-0.31386509527679207,-0.5162047939351675,0.2972197023851214,0.35972934527392514,0.6389425431515517,1.303410779426439,55.49130210349364,49.22756853457308,54.65660094455989,53.64051513711754,55.41935212312559,49.80172202738379,54.32207396962431,46.203624895023715,34.81978893986846,42.870675168334856,34.65310939947228,46.166387458285314,34.34482474625889,42.73201711234389,38.369162674990584,34.12015208865379,48.736923454881946,43.98707727312105,44.052804594370286,39.94106299036309,1.3093512639187435,5.73554472848635,7.919347378567026,2.7212716802171997,10.740363138741927,-8.087694060522255,16.894815174576774,3.4177173152997153,3.75345028180344,2.7751353610882386,-16.64239895496935,0.09493530452681474,-5.929529050409077,19.46911800679247,-10.163045429559702,2.1379189552968136,-0.6623609773204944,7.007927616008766,-20.181512359734707,9.438358466193382,-1.035982137749389,-19.684821574170346,-6.740016972260913,-2.673172628094822,4.09487896874531,7.0495285278474435,-9.39828979697252,3.6301940944811055,-6.795517341809931,8.141516117473836,-1.7076768078760245,-9.478698040009261,-5.02827575227025,-10.734572031947613,7.991824883101372,3.1760526321195997,17.49508656466995,-4.875551051064396,-1.7468077351995541,-5.900157699562432,-0.3683990449032962,9.28414098476662,2.361929528252744,27.84801290560539,-13.761506320045115,12.633699223448573,2.7286808083285714,-6.647998537784869,-6.676665838539588,9.247946361036387,-31.66197909427691,-2.0394873168088683,7.120401230929477,-12.224537659542545,20.168955831402464,-5.659104161884024,3.206664335653424,4.411941022477089,20.454947035458492,8.23559018279532,0.4789981188826946,-3.0913620256942482,1.6553066379257357,2.82531753593407,-0.7466082564424797,7.087631684630932,-9.837439790962083,1.8758275406486318,-6.738446653297119,-1.3661516334747263,3.7930492518840824,-7.889995210585047,-7.854438345855744,-20.29565304337581,-2.389033624076735,1.5112288261652902,-1.9397750566103564,-2.1286749763104655,-3.235649962287439,-10.520912489623841,-17.988711622105008,3.503677785988715,1.6905693860304092,4.7914715202841185,-4.728310852539077,2.33114239637006,0.416634642705981,5.51517159087363,5.729759378786223,5.253333207022465,4.007537080348473,-2.3258649486078564,4.168497665355078,2.702913563739146,29.96509707366948,5.524141121598326,1.2590841527780068,-3.9665604789548854,-6.643715072771401,7.369529762477094,-2.59733817712869,-2.6637434332501417,4.678218564362488,3.69481042035373,-1.9203535446846718,-2.098180968660366,-3.546994419241837,1.0092079357413657,6.54783072592239,-0.24356213906771754,1.6734863940790836,-4.648011474730609,4.692521815117626,-2.015132797520541,-14.674103305768947,-9.053455357526742,9.876924312234518,-1.4004450393007781,2.609844352696468,-1.1634807633657058,0.7390139012928653,-0.9596521900261032,-3.77313988540401,1.780865567054974,-0.12483027698482149,-0.617679948284465,-1.8796580251471744,0.43673370810759393,2.171405420595552,12.579253580668276,-16.891739659042273,5.817852147259126,-3.590103680395858,1.3920423783384401,-1.6170940514702579,2.0226107868645244,8.175337588450365,-1.5894669184626593,1.6444602421132344,-0.8096231565689938,-1.4397254850727919,1.5868250783586204,-1.6805601355499973,-16.19663874512986,-18.160176556978815,11.22536808427409,-1.914798479533463,2.3772293455869455,-0.11213046858744588,0.15920962941008457,0.3779037280419942,0.49626286519125457,0.12260651771984338,-1.7095699265993876,-0.1334393738585919,-1.7125068656426696,0.6359549248082947,-0.8305345133483418,22.392546859953047,4.412449942701948,0.3675299518026426,-0.17463731801655835,1.9228410550282344,-0.8996060358776061,-0.3310766942885256,5.542519875261817,2.26616265040422,-2.3718227385548216,0.661232962366483,-2.4302293535934387,1.0269107570794882,0.4057978387612715,-1.9218005401161418,-16.92476896284192,5.117860955973705,-8.808844310442014,2.3090317987569198,-3.211749299758778,0.0543215026457243,4.037568141939867,4.767138052338909,-2.332542776040117,2.850021701054663,-2.889550487294494,1.344350665451719,-0.49158258764170887,-12.013479753239297,-19.461344090628188,15.930683843924939,0.03649991897386633,-1.2460862727128954,2.045330516018204,-2.3395973159750443,-2.750024983888769,-6.668728007593931,3.5053842994639677,-2.2500537915908723,0.43011898838443696,0.05938599980305065,-0.8333566275905325,2.6057301107143354,-1.6662245182740851,-1.0987807308247146,0.17546380722251798,6.4110343497565365,-3.55081515940178,5.302942697067422,-2.731006093095434,-2.0854722805256545,-0.8496502214754109,1.6851015805583538,-0.5627840981278531,-0.15223980652305183,-2.3399590044293848,1.0621983948430678,0.6935360165552553,0.2911323996218059,-0.29753206764111434,-0.08483395322155465,-1.1076791539214637,22.78351543648725,-5.2207033011007855,3.3719110036659403,-3.3434973020734504,5.391258093699626,-3.254243183449313,1.186178121096545,-2.903279217813875,1.0179599051776551,-0.015456865268388194,0.465884215749937,-0.9805019238048046,0.7407389349646731,-0.0012813319629048706,0.09895195954439581,-3.017353842179787,3.860715452571209,-3.4017911899388773,-0.9067898264460958,1.3649254882454396,0.010201321577943682,0.11580729228991625,0.26423258303885516,-0.7716488130495968,-0.2713847109311848,-0.0159142285318085,0.521499303491931,-0.14735757060566254,-0.9964630887637388,9.581552703773976,-22.40407795042083,8.09594653197104,-2.9719268828604357,0.08495508340751805,-2.666101393037455,-0.5397481743378595,-1.1149720593060752,0.4639728952891672,-0.3561163906259629,0.435942147350416,0.04881582813047114,0.7663937573472015,-0.5796755536754994,-0.21878410996562778,-4.559182772874795,3.875659020337068,-3.84411456445565,0.5525387762334539,0.5079622762622891,-0.48346865158488095,-0.643200052460967,-0.05783491764867507,-1.0351680007965245,-0.2735818888863741,0.30704042737809767,-0.3353351437526626,0.8483522913871072,-1.877969946758396,18.72866256897193,2.133641291315807,3.270843147613153,-0.7994585204665174,1.3273292297037216,-2.981903767318841,2.1533181755643644,-1.027894926786193,0.8282631429057092,-0.8067232517594718,0.4752582530840242,0.16043266877377754,-0.06283177707365109,0.2634218633545987,0.14408368066493502,2.5885456479396667,0.57704031134734,6.735482286386873,-1.557482142591347,0.20356050046252214,0.9995039349446608,-0.5346995094828291,0.9864379343959142,1.008127320735825,-0.46056275621781206,-0.024370077233894134,0.010551135666278057,-0.029337769207077875,-4.553051758811645,-27.031583790502083,11.177765335858126,-2.518729183192455,0.09324998958459452,5.85157896825438,-3.0502367074292627,2.3082930337625727,-0.055040394072906666,1.7994249197404037,0.19046487107789214,-0.07712517175862656,-0.01501940663522223,-0.09058777891982435,-0.46033119302547076,-3.496289979864183,5.557441746789557,-0.780201649086111,7.068271517283966,-0.5719690374744646,-0.3967025588141252,1.0316777504295227,-0.28142448691469063,-1.8810959316317466,1.3417982148131071,0.35179933743223585,0.07795097813741023,0.007191278150730871,-0.8052783234644706,-2.075811223869489,-24.41925985707137,5.80257894935205,-1.9559254490988458,0.14272524122518576,-0.24260068487076836,1.126103510197123,-0.10127212016091722,-0.05123920311292883,-0.9252113911693015,0.3061098096737632,0.09860121975207206,0.015016646818996508,-1.7500496035932276,-9.133291473017715,8.37644513112327,-0.9866622488638789,-1.4821462013861584,0.7090221944089223,0.859483635583906,-0.8292750046094586,-0.34435064313459807,-0.11865669329199724,0.2609516753723019,1.367860265468028,0.1420654185673375,-0.04979996686589777,0.11673766841987605,-5.92582761824972,-9.554293052728353,-7.69442126135729,6.196162249448188,-3.6220723704066082,0.24569514177051147,1.202010742793783,-0.3130377275782376,-0.2540427556698681,-0.6397713059171529,0.29635159871680905,0.11677006778764364,0.857769717064533,-0.3583762669414278,-1.5309520909995162,-2.8980486500610207,-4.438756378806028,1.9301067743809022,-2.7231948204341383,0.36583532238295524,-1.354415718981033,-0.7997713366977082,-0.275959245900746,0.3192915736365845,0.0784683856136728,0.7265395437633176,1.7157510614533555
47,-7.415095245603073,-6.100072348075634,-6.06533415378348,-7.956715698059197,-6.629991927716098,-5.430966866590316,-8.914630627501037,-2.6879257498531,0.5083263529450484,1.9408749633803457,-3.3019510258368614,0.8509384640568438,-4.341064177530315,4.722535787043962,-4.858390618506425,4.232666322225713,-7.9060001163252975,2.6471327650022975,-11.765995406594094,-17.07478577351934,-0.09831798852723603,-1.9181678598728873,-0.8050542760867629,-0.5804717572890303,0.9627219605989321,-12.145969626891162,1.4351971482896018,-8.94297963322939,8.978703669519744,-1.0713762232548156,9.015754741889635,5.657876872898073,4.81530387873274,0.8088290387255549,-8.779323208511245,4.216950905051028,-1.636370800471547,5.0145283665681095,1.2232990870173477,-8.942508260520958,0.12672274605892572,3.2021727550977728,1.0806640525243978,3.0681332152463865,0.8552212681085333,-16.060051338131437,-1.6605898468810523,-5.653674820986635,12.134622187573587,8.050345684699765,0.019681591851747397,3.2862855766908794,-13.87785278449199,2.09084261950373,-5.834116588906753,6.565541429642125,-5.463564790477321,-2.5137899815635114,-1.0666773805012144,9.159071986161461,9.652966645631162,0.8220415067663434,8.266226064500941,-11.850798209722182,-5.400850429240117,-8.897454873896084,-2.5849537192706347,4.570351844486507,10.173544576461124,3.532924257154031,10.191726488585871,0.6458527716319551,1.3645482351845462,4.0128449322910305,-0.8152740361979963,1.0859024071112542,-15.40488794889814,-5.511726495740982,6.628940084567145,-3.986108725331953,0.0024801549940825438,-0.3983023828702609,-0.646562492839364,-7.9063311895946,12.435404645654089,1.9727531393557176,1.3867822201575621,-0.8531356263181556,4.4159547155686605,-2.0304412612589275,2.743760917044497,15.196515151617849,-3.7933749425854635,2.1784074480077797,-3.1206403254667396,3.3869256383226163,-5.320553686856112,7.959717969082001,-3.4594017599649165,-15.449071313047687,5.894966091847098,-4.202883338975187,1.3029888602673012,-2.116814344273372,4.2298246516363465,-14.846886666305787,-5.587975909363381,8.968635228292209,-1.6802783802878085,-0.06058571231161667,-2.1848843193835763,1.418402680691102,-5.3958641583136675,10.713325918266145,3.10501175822295,-1.0941633487624254,0.5068036785284609,1.896696033240028,-1.2934154437029741,0.19336700906453458,0.9413037917863804,-2.5713811319550732,4.318295044650818,-5.06523384597711,0.608223484565262,-1.4967302836247822,1.8610734578583932,-1.9038685670373263,0.6729402786733867,1.0369462998987709,-3.0222069732870405,1.52555052900334,9.5094105360198,-5.586062810848901,3.6381881692538993,-1.2054623470271921,1.0276110634373814,-0.47470237189653697,0.7269418913594504,-1.1651397238614016,-0.86736924340331,1.6101010784224854,0.9572352124710893,-1.5167358397623552,-1.4087215108766402,1.1361906621650215,-0.9556541808724681,-7.141385169965667,7.691553518406578,-1.9108968438091516,0.2793144515477542,-1.5471693447845942,0.26002195431223984,0.8483537293647025,1.0601461418792404,6.601083995184987,-0.3861109400388426,0.4683234287448241,0.11885443636116023,-1.6765622474511788,2.323787556894924,14.405167258098526,-1.0002935796467658,2.4327286921942166,-0.5844458842296939,1.3325583212637553,-1.0874765863224243,0.7948289273437468,1.2487012662731585,-3.6386871708879567,2.22484744534316,1.9498809038271534,-1.0466298738619138,0.22187687370745046,-0.5330436533576073,-3.4485173549298795,-10.974963838195832,7.270747815944823,-1.9801130240981686,0.5467329548948345,-1.4797346349043368,1.2330743363171273,-0.26060335297236503,1.562820995663541,2.2179883410338515,-1.1000356590461633,-0.33618476303549494,1.42909351328611,-3.253006795742912,1.9239021659240065,11.018237893939734,-4.732850311065265,3.327026210441513,-1.7587209099420842,2.1476346013668337,-1.6604192473005086,0.6554535506170504,-0.2935796839675099,-2.3822954359754176,-3.617953894897143,1.6972186558072677,-2.016364243575438,-1.1004918906982406,-0.9373311150506998,-2.3293857519693946,-1.7482181433349204,2.0469951997002087,-2.317431744157666,0.8611853851275282,-1.5229338595992088,1.188779566829517,-0.3360052922983949,-2.5696472158461914,2.068908157149905,1.986081585236629,-0.43320836133083607,1.549716204067315,-2.1866855563142127,1.254601540570216,0.7356738575125117,-2.1132758999474066,1.160748224787832,0.2434308993633759,-0.008817446929440476,-1.487656771292853,0.4777027885359665,-0.5614684381553582,0.30056538661957555,-0.49794690615681103,0.113666078825678,-0.9814948005786642,0.11842289042439191,0.05049880883011193,-0.5348128892217192,-2.2700921962561,-5.799777348128425,3.6073496634830398,0.9905417051734594,-1.6408596688722288,-1.061204082891481,0.8368547044925054,0.3892637744943082,0.2720388216828373,1.1838650290545236,-0.2892609746264585,0.27715764525992836,0.11985693670395466,-0.18044783734679545,-0.12567940874004194,0.7732985042247379,-0.15883400993661398,-2.3242062190408155,0.2733690864653584,-2.6333532270472224,1.2104746445084125,-0.5150588782650466,0.6296090332091626,0.23785755472334574,0.6251004608364018,-0.29228058892604303,0.37851047338250765,0.08365350388885363,-0.03882085445452575,-2.5965995662314123,-10.873443177711014,3.03432233419729,1.5236528504261697,-0.1969809220625184,0.10151066191777985,0.058564581862747475,-0.7201354542306563,-0.4201172330084726,-0.4926910624700212,0.05876199038825904,-0.08111059006662433,-0.11195658239956693,-0.04404061395297057,1.102959975567312,-1.099629118127267,-2.6256342678160647,-0.9275763319066321,-1.2465319277652638,1.5550057009060383,-0.4500758227300822,-0.035610467267953194,0.4150666232620813,-0.7392076870069798,0.5404147071799299,-0.08640821116181,0.2707648033597245,0.31390981161265064,0.17166357268488938,-3.049511643772753,-10.485901554111058,-0.980597361312635,2.176228208779784,-1.2886517032635663,-0.44877573229945755,-0.18279053691088917,-0.03129114703450433,-0.44591538123021046,-0.40618635139171166,-0.24259909140448424,0.5168968518861189,-0.15951078616932793,0.2345981906362112,0.062254825274970435,-0.7808676632189032,1.5346226999181403,-1.4279480318903581,2.8680080784565543,-3.7840434533831218,2.094504261399128,-0.8992750671861104,0.05322802198281677,-0.11851834705010807,-0.680271368671083,-0.3136103530181912,0.07928940809387619,0.00709951570395281,-0.028834214321193378,-5.59050962688655,-9.413202823230506,2.6843532836243913,2.4107645976827836,-2.4783136736834694,-0.5579764653098098,0.19133269857815702,-0.4940438574588554,-0.20264283974550742,-0.23858161827163993,0.3156124935668032,0.053705379402119315,0.05690874932615659,0.05575006654606385,0.08114908671652477,-0.3898821586305507,0.5381940098068736,-2.220398700913336,2.8156631267897296,-1.9506874222271113,0.4431968528362198,-0.2511685372520419,-0.12657991372593724,-0.3811259961196092,0.12947792253228171,-0.5812913056473118,0.6635415006510951,0.011945982254828758,-0.23177919375288245,-2.49875700729313,-8.232020938179508,1.6845124144141372,-3.461073589227057,2.3519380938869516,0.06489233975381714,-0.2704207937663627,-0.27291430266306826,-0.25656156967918303,-0.3281912102581458,-0.007252016936987287,-0.6565063495075939,-0.1057005853242281,-0.2408139228074346,0.11030301219911885,-0.9842935863865445,1.1758102325998383,-2.4191162636894643,1.1196145534825002,1.6121797800346025,0.00908203405198815,0.027782743088841436,0.6444641481140096,-0.20452246435076737,0.9363390332340602,-0.45977061726234025,-0.06865287539296064,0.4113352878700227,0.031191252420759923,-1.4381665306941391,5.424194297447734,-2.9887595512395055,3.2588531372573835,-1.7261771514708493,-1.1281841269355832,0.6287090257594813,0.5100607120253354,1.0004767697035934,-0.07131947264202336,-0.1337519027273769,0.1339570597800646,-0.09542491675888841,-0.13630440573210767,0.39492354264277174,-0.377995257005021,-0.2798279834378747,1.765483047586121,-1.7351072068931646,1.9033978889949623,-0.581826540618567,-0.15165707943542792,0.5880461178410182,-0.41381673139139313,0.49881941224499443,0.353057296931719,0.10948440753460678,-0.02199466343691798,0.040015915118063475,-0.6272937350798705,-0.5871358440545579,0.9244162637679103,0.11863671107036461,0.9310174386691243,-0.1786855917292826,0.4335401495629458,0.7483084400974802,0.5107849440411981,2.030916910515372,-0.6771084250802112,3.9137716391087602,1.2842805686393723,-5.371836703721702,0.4170943019947328,-2.029266860555051,2.306527180122317,-2.432043194827592,4.121472536779963,-6.245700411028082,21.177661072229704,25.390675498133522,0.12807305206332548,-0.2863732232230077,0.20584795942710685,-5.129725097809109,-6.7821027723865965,1.130737969731065,1.4886650026081354,14.343255487523606,7.655599370645938,3.2990001443513575,-1.7516782303141687,-3.394018821665162,-9.06046585761278,-6.217829290176784,-6.613033331392156,-4.497942662926433,4.129591435779052,11.28305434137278,3.1916239107847844,10.139917090874334,0.03275942296365728,-0.2793276911001363,0.05369193715986739,0.36733013963577754,15.26597427343031,14.632579279309786,-6.566555106035589,-3.928172040421245,-20.674664845014465,0.9311536955530809,4.90245928963432,19.116993704133048,7.771804071441813,-6.146749251392761,-0.638397054683076,-3.7856083209137976,11.811747552661677,-8.314713996439965,-4.002064977443812,-22.66709060728329,3.9134641652988305,4.618821310115745,16.574201517710886,9.560085384192481,-7.279612825976443,-4.461379070655663,-1.1204279670163564,0.28378749715593354,8.98106673059206,1.6283616969049683,-10.55646692952958,0.16209521486838135,1.3519978925296867,1.25818078855061,3.1757092110211604,9.296185713491218,7.595516169504924,15.872845187305186,-6.160260310478503,3.5176757496813083,-2.0094321656283993,3.1879157735316337,4.052736954269869,2.889768900635892,0.5090020159003873,5.088641150919032,2.815664381786498,-0.4114646126990781,0.5556138116298295,-3.867053094266173,-2.929469921959843,-24.04153849920659,7.0054551610835585,-4.385487197090292,-0.16407853338335104,2.3677782656408537,-7.203835227262141,1.3282459958998474,-13.733193970253074,11.199173168942703,-8.92453980832025,3.2650443656244654,-2.1046049562208915,1.8443283702711417,7.009505623229103,9.11779039451008,14.391019528619054,-2.483841496450282,3.7053512053636513,-0.9110998909879968,3.655549391064955,6.1802383135943995,4.149210018708657,4.199998917748582,2.8415968673509475,4.223467447579181,-2.704819481508901,2.7315321991320833,-3.2712211493837517,-1.1172662387273309,0.32844904574771616,0.4741297846051996,4.724098264255465,-4.593901081277208,0.06922731212734819,-1.577987302594532,-0.12360250049875134,0.09065211371014494,0.5776664245925731,-4.019591977172504,1.3646951052616842,2.2955959917484954,-12.897157658953688,-7.30512636610548,7.585284821412518,-2.6456912074945387,2.267950515966036,-0.6362707154175372,3.0769949840976367,-0.5597408762444308,-2.574027752755314,1.7265769566390312,-2.9693181782621663,1.0852152975161158,-0.29975894380819945,0.01382391280742186,-6.126388620449712,17.507702125267937,-3.6723164292762935,-9.11564974133473,3.2385980536247345,1.3440079294328455,1.4214331636667803,-1.5570593454585273,-1.6022003077831772,2.5880655473206873,-1.8084838335835176,2.021185450179137,-3.3281597612518716,1.4022319150111662,8.325266882851862,12.546041931034592,-9.785053833199788,10.525242084880421,-3.4741296939033135,2.9658843532223407,-2.0827175572585954,2.8742595359634677,2.287334328404772,-2.130186907379176,1.1132543739973828,-0.4149051942499303,2.0021855647987854,0.15655292743521326,-0.5537140852419075,-11.25823769587947,16.987826021619092,-6.953731723239154,1.121799095837146,-1.2694781331717129,0.1543562012839458,-1.0262464089456504,-1.2942536690046953,1.0471408922713075,-0.4897788022459161,-0.5272552879568141,1.2407264915570937,-1.9976734395679845,0.3784637132029753,4.971129841978187,-8.238479768415743,-7.758007271663203,7.206218334947251,-4.977374835868952,-0.39323948281213605,-4.164852899316622,3.5018187676977637,2.360157716884704,-2.6068106329195,-0.6897298625009292,-1.4737111223209456,-0.0628627737809679,-0.12289211343009163,-0.6195887739249389,-12.996774491243555,10.64531993737203,-2.6099650899115208,-4.292937804947302,2.279232689710963,0.1263369486251873,1.0693400346106088,-3.1724396667466928,-1.2685913257052932,0.813448479923964,-0.6564339351504352,3.7964084061501575,-2.26998542679671,0.7969793602413673,0.04185224164674553,-0.24664811453035468,0.3318445323077556,-2.131712021763831,-0.2673817894621754,-0.5314631005003527,0.19649467239101936,0.23706440048961233,-0.7218497121530596,0.05245340107989544,-2.338692633553574,1.391999801902763,-0.38222734661382074,-0.02964012311034872,-0.09271907276088683,-0.1450422450532835,3.3160701998693574,15.70958400240218,-9.357767677582611,3.6409036414787628,-3.0644686181018708,3.9736575560145795,-3.1930661466405703,2.4527511171793734,0.5114330129763873,0.3323735522822723,-0.14331115535445876,0.28268103360356256,0.7217633912191913,-0.3038916977308819,-1.8480567845610816,1.2548624918027602,-2.749373765137764,2.150137798802921,-2.800649139813291,0.26212076095710707,-0.3185758203097235,-1.5835349595796477,0.12881024855754647,-1.902105732815572,0.8784776028079635,0.4582362649088828,-0.07983944363646736,0.18545314738048913,-0.6742748719671883,3.274766325205946,22.94413318621205,-6.772966015638459,3.8780970390087566,2.3168299923574542,-1.7877008672770256,0.6252787767300572,-0.3628838824237814,0.33197665751272615,-0.5394011619255864,-0.1689649026508463,0.6109799671762131,-0.41178899320625134,0.44476010424500095,2.7936959483273647,0.22961304777482835,-0.6127192451748654,0.4108923059889122,-0.8393780595776147,0.16689201795919162,0.3869598884591858,-0.006107110924796141,0.7363102205627514,-1.254016415572664,0.808429679402548,-0.11083225786920242,0.06205019610528374,-0.0066210319052422625,3.755286190489271,8.835758163656399,13.928515190471643,-9.878494062595637,6.358963445688576,-3.5224481611971297,0.7262016737362866,-0.5730189950634555,0.8455403638813812,-0.7081990488810991,-0.23918784463403214,0.3056853039079235,-0.1055285057638409,0.5526580542560962,-0.1382209348775343,1.0401696176408979,0.14788802458790054,-1.9050387749140747,0.9984048049456982,-0.5413322816088303,0.12334950291931476,0.576428811409968,-0.05911380004923736,-0.30910673952838136,-1.4389032679501643,0.39370871913216243,-0.29308216790358005,0.28468532923884515,-0.16937820386150956,-0.7249525494439131,-2.1316257528286835,18.481878246979537,-8.31361387195071,5.790221355914298,-3.7922421793006653,5.118550218213391,-2.344362791635912,2.314841672094914,-0.7682574537845417,-0.621313951241582,0.10336427404010298,0.3925239454175216,0.7514962040924962,-0.3028585406821195,1.085518692275399,0.8259048408635348,0.35873451857935684,1.5501564953450917,-0.7631135626748733,-0.7836676517739949,-0.3240603831171275,0.3357561102270808,-0.8420487871524313,0.8104508221569868,0.6622631547726637,0.1014560005130385,0.0008262172645466265,-0.19447141723993386,0.41363332774264255,-0.6641582257318313,18.891033586242447,-9.959470340590869,1.2829319273516626,2.0538496078126456,5.077667590746434,-2.6405367002692532,1.236745881725156,0.09600605815026146,1.7475039770888134,-1.0011855523598605,1.7487128105067995,-0.14946902856693892,-0.04044906119015383,-1.922749157821387,1.6878894718650963,-3.0331061340914323,2.014792457769648,-0.4135521606583583,0.07340260125450934,0.01745196326291165,-0.1144156575336576,2.4001652947646397,-0.6661689916896073,1.3133201412206887,-0.26712929996549595,0.3590060753477601,0.07619137003525435,-0.8501877848763799,-5.536979971633537,9.027167651631498,-4.7942851503416755,5.997895532034706,-2.459518270434223,-1.8862213909126078,0.20022303457677976,-0.9991446679772581,1.189497373966028,-0.6416853596852317,-0.13112841011701543,-0.6827490225673316,0.8713692436671656,-1.915131486274787,-0.3930036999940601,0.45897608036034,-1.7451933059051865,0.48476971342492,0.08128712438729374,0.039147677952695026,-0.27579108210600406,0.6361483520414317,0.871077817909046,-1.5463577553954282,0.5383486813937307,-0.12934142466185303,-0.2005161186388246,0.08789495306282057,0.12445317278575062,0.026416094480526876,-0.09513338213721499,5.795936171797779,4.545360912120308,3.6088027161096483,8.163223760266083,4.854678421475339,3.704043185494792,6.393821478233562,4.419253213732286,-2.656254122384083,3.7836470602772123,3.5008043966580065,-8.97775549107427,1.2613122016515468,-3.5137131578378846,2.349748282287362,-1.9175293977450254,0.49178270101682564,-8.467479693854028,14.74067758923787,20.850989708178773,0.26627929460808786,5.324457586945524,2.2870716099344026,2.5320318305036302,2.8552261797383864,14.116000921703167,6.169500431348481,16.737452503808232,2.0315253791801418,-5.637110182436177,-16.485630187513408,-11.019420912346334,-12.73010159325916,-4.86502318907844,7.097236080737474,-3.5970775301772213,0.7810290187121143,-2.267687047624545,4.968793061784722,14.857388380888082,0.10880824467177284,-5.519285069708395,-0.05160734860622845,-4.961085689623865,-0.1744762643429448,19.517082402266485,-17.24114580804633,4.961318190030761,-12.854630797643471,3.6406300383886094,14.15179101276456,3.8382063358026945,27.287966960105102,-18.897572911517177,15.637808455424231,-13.771800771874727,13.236846872130158,-10.994183206525225,0.21657124722191493,-13.482726548862395,-0.15342530811110275,13.807606664208754,1.4176301100088038,30.33083962333584,-21.123256854225424,14.500186035066536,0.859751645857887,-3.8971325608553014,-9.735611916023695,16.432283518079835,-29.616744524911972,-1.7777169972221332,-8.802369999993333,-10.611700592922968,1.881053994626464,-7.1074826658032215,18.53458260942221,14.888651049155582,-12.550082796864817,0.09748658041261064,-13.554598492779931,-12.881529239231396,2.2260788884353278,7.159024376545343,-9.799782662092777,-0.20644560034708284,1.2528339890981453,-13.069604449142531,-11.077517077030494,7.866429121620049,0.9361460817092128,-32.24229363609942,-0.5859722488468074,-0.6557474916206157,3.6717683339746947,21.148371649242065,1.0980974099592071,-9.018072816638359,-9.389215099465323,19.286792737320642,-5.12452168706446,-0.8732399136183338,-3.5511284524865623,-8.523604599014526,-5.709975447574432,15.82150773279636,11.615120266758733,-9.874318937241688,2.783524549877181,-16.169844654522542,-5.698988906122951,-0.41142857095433,16.798817925067507,-3.329405344263936,-7.521716046246791,0.2641086364825732,-10.43673848188625,-6.752674310453178,7.090474804255531,5.100409018863817,-1.8992337931864658,-3.2946008050082956,-8.056995537503283,9.65486130120225,-2.882717888137315,-1.3096517981699005,-16.61326119918547,6.865600571349852,-2.009812080433215,-3.6280560857053215,1.4941705269669585,1.5013447789451775,-13.992764946378749,-0.6878161429145128,-1.122244481110501,3.238955976105529,1.9178044532305227,-0.61532184406949,0.2706606362630216,-9.832002187431792,6.496037503410328,5.005873309130612,-3.718694345204272,-0.71002474597738,5.637142719045016,-2.509418190912346,-0.9588549007652271,8.181232067011171,-3.815619576466451,-1.9976228645889704,-1.2646138857492324,-4.128099837197914,1.5850116094190467,-8.076135597412277,0.48231277630528036,-0.16926492862353135,2.4920373306092523,-2.9078500975461576,-3.21070200558427,2.7536179326737007,11.176457904265748,22.525126547993313,-9.284799820621101,8.13631769631464,-1.8906159847987296,4.979816249245089,-0.19047603088645748,3.328415678156884,2.0891062741812934,-5.4747168592962066,6.932974259062134,-2.0032736610005326,1.3245116010742817,3.3160710247952574,-5.760640766219261,-13.909992353915097,12.345694315612679,-5.820806478124267,2.7509363895313252,-2.1194369438420337,-2.0538035474273126,1.2520045860230127,3.472064950581475,4.244579476216662,-18.20435466864152,4.95359293175907,-1.7884378151623417,-4.008161780036122,2.715798035682622,2.813853919660836,-10.195710366441483,-3.0067855544808437,0.12270572797361969,0.5010143203893221,-2.7916986982894705,-0.71672431670831,1.782568861534256,-10.610824591935636,-8.345508240013057,9.186795665423615,-2.241022029623928,1.3325495384746586,4.011771099587806,-4.892775269663223,-20.66084213935392,20.52682848405449,-12.273717198980608,1.9495945857909223,1.7460698416538794,-1.0051580016512693,-0.4427615423031084,-8.60685722273432,8.031014529853172,1.0334088394661394,0.504808147527551,0.3991867084863343,-2.0223878323601046,-1.7127988324187706,0.19773629337183513,1.1965197262765372,4.34640366858096,-3.847448427102816,-3.5580182950767285,-2.161832370004758,4.580056082792658,-2.360450792162825,1.6436428283259228,0.16839863858888993,1.2467608837526767,-1.0098897769284096,0.5748394883680624,-0.3506183034015243,0.1409783380852729,-0.15583866422484835,3.9081943700135104,21.130267728027118,-6.459696905909828,2.5659128869866437,-0.9450535848648108,3.8903001498568193,-0.6471856213467534,1.4037822118725263,-0.03270991266300561,1.743115125060048,-0.6850504593874456,0.38265457043532897,-0.2629393291254728,0.16617212850228086,1.0376518125943397,3.1768100387327785,-0.00815052480968249,1.918723427769091,-4.035985296984035,0.6655476347130462,-1.2464953196060677,0.9477333358237741,-0.2338958195381715,-0.8338719067801782,0.6983216605224353,-1.337166703021298,0.42768606343955484,0.15482174296563733,-0.6332727985738046,1.051354276410379,7.855030948987471,0.07773846548727004,0.4927515014777074,1.0185894964774067,0.07371147320251929,0.2424727716928841,0.3479159901844198,0.9633211741485798,-0.40536385510996653,2.21804397422412,-0.7364682805167049,0.13692145114268828,1.6371689666834208,8.715641229105008,-1.9081205262331178,2.9048636430383747,-6.354759187436934,1.3424820861907025,0.35283599710544283,-0.9168394162055467,-0.32441167974725654,0.6922250636229549,0.8397033618625437,-1.0006355647562084,0.4259279503022557,-0.48359404572777215,0.897883250015115,5.7453550241815305,7.498258495050188,-7.475730442532584,2.7270847237858598,1.1420943687431984,-3.4344898271415083,-1.160934570357484,0.3907253823663181,-0.7157784680451152,0.1891873167430306,0.45863223160038574,0.6552556387905574,-1.3349069448663171,0.2862342521116488,1.4849876012528491,2.7459598814288637,2.813003802107261,-4.371200610084052,1.544484636949099,2.7358958342836064,-2.6903331868281617,-0.31386509527679207,-0.5162047939351675,0.3165170920684216,0.305523882759917,0.2853265551726189,1.1175229437098926,-0.6851650363762588,0.6777272700723976,-1.181186492030163,-12.706161131633452,3.133753221221617,-2.480395904556115,0.7458183802285542,-1.061042703830858,3.8397335863400364,-0.8771974466559779,1.2936096388627745,-0.3311619807151099,0.21435235733242866,0.605188070829475,0.2629621390408416,-0.431809939038637,0.2664357324932132,0.2553965854566616,-4.195729510696198,10.291784048256286,-1.230352931315391,7.921720727960953,-3.9227052671360325,1.950678935149117,-0.975229851079183,1.0405764934858925,0.35263152920169416,-0.3202647446940885,1.8465590240581486,-0.46857385494708653,0.3923136757206363,-0.14846859497040876,-1.3582293074355634,13.590084077956266,-4.851831415609533,2.2038776817676724,2.0755604426062697,1.4004481129606143,0.3562681450643594,0.5548728560912491,0.2554766167880907,0.5690438584704931,-0.6288042101543329,0.8227233262696101,0.1954746802845769,-0.5166830340048792,2.514817484965301,12.173217912631937,-3.262556877590815,-4.401261102256291,3.940593148766075,-1.6156415773987123,0.9379606640788839,-0.32504327424335167,-0.9245115855108174,-0.18982570931359904,-0.5168382497786407,-0.08345317389420712,0.061671618321145316,0.4782553997952142,-0.5879339607442519,-15.10495021670411,17.18576607837195,-7.598713369891384,2.265349674459849,-4.655662331751169,-3.065960365824591,1.2209641022882245,-0.5441055639583844,0.37992432819667654,-0.5845840198185517,0.8283691052911942,-0.6516531447585003,0.3019405518744029,-1.6969666707476594,-5.599857543067001,0.26766056146226247,-3.0721346386917023,4.101076133990623,-0.8223966417151585,1.445128064079071,-0.24580593599382683,-0.14570935673214738,-1.1079148860495132,-0.30095420766465636,1.0711979605472102,-1.8442497068002288,0.002640990190481217,0.033934291302356034,0.6577527154565282,0.30069267151781215,0.28539640897246676,35.63245553568323,35.06923544315919,35.07484794808688,35.347955162668725,34.98024754920938,35.78583261407336,32.897866728532,45.5128171913946,34.92404935362881,40.95082305084497,38.08112306419911,50.46490673445685,41.674703658360954,36.397204128035256,44.91828450504355,34.315415145239605,48.49243241086894,36.327737929313585,34.914720706452655,35.42140719251188,-0.06822077744717137,-0.37495038619078297,-0.4160020731740991,-0.11923033481732061,5.000777378264626,4.227029070442037,-7.54653628647054,-10.368418009377752,-25.776437265537453,9.897964288025436,-6.887890271418569,14.125192617966821,5.533784467344006,9.541669677918044,3.705466006660784,-1.512585146515492,0.5266895487626451,-3.530547656265983,-12.9169352498885,-2.954451350195322,-0.1350977757921363,-0.19022627735392175,-0.7371814006104791,-2.2873674026896027,-11.812764404617518,-12.095534919690555,11.906380015588887,-2.079618413160342,9.038786211529526,-10.432324286774652,-1.087130796326422,-16.159380371760975,-13.421858301484399,9.502250187136433,-8.557749340176814,6.514979434044422,-13.31683295711198,15.363431005589367,-2.1376361441051497,13.669414483775487,-8.026045090475675,-3.3464585767772035,-12.575907569168837,-10.512605421244691,13.633519490141556,-0.6081175775532106,0.6817050919530627,-0.680372923692166,-2.856630380610362,-7.527611415576887,9.283115509526969,0.11563052207154628,1.5273203764267427,0.13911849635542695,-1.9336097846790419,-3.4269780038999684,-10.471462772685175,-17.988290919534663,3.503677785988715,1.6905693860304092,4.7914715202841185,-4.728310852539077,2.33114239637006,0.416634642705981,5.51517159087363,5.729759378786223,5.253333207022465,4.007537080348473,-2.3258649486078564,4.168497665355078,2.702913563739146,29.96509707366948,5.524141121598326,1.2590841527780068,-3.9667625696125897,-6.613726292081334,8.230099859755367,-2.8628101575492377,8.851811990395323,-11.158811877211045,3.2402345376783255,-0.7224031148901388,6.670387019373564,-7.015638700485172,-3.3623846300039557,-9.903958295625014,-21.127997154447165,2.661414733711136,3.478325899721893,10.534866679136455,-5.864672475968494,-0.10580567130938909,-5.474796667380874,-1.7829127466262946,7.503412402760291,2.5354256550496923,5.132553207885109,-5.79580485931287,5.2870692891132745,0.30338459971959253,-0.18758632971007394,-0.8962978082117887,-4.498423574262301,6.42963954236355,-0.07664854893078706,-1.8230908035814133,1.3855629189039653,-2.108064770997499,-0.039271872480762304,-1.721510788547159,0.6359549248082947,-0.8305345133483418,22.392546859953047,4.412449942701948,0.3675299518026426,-0.17463731801655835,1.9228410550282344,-0.8996060358776061,-0.3310766942885256,5.542519875261817,2.26616265040422,-2.3718227385548216,0.661232962366483,-2.4302293535934387,1.0269107570794882,0.4057978387612715,-1.9218005401161418,-16.92476896284192,5.117860955973705,-8.808844310442014,2.3090317987569198,-3.211749299758778,0.0543215026457243,4.037568141939867,4.767138052338909,-2.332542776040117,2.850021701054663,-2.889550487294494,1.344350665451719,-0.49158258764170887,-12.013479753239297,-19.461344090628188,15.930683843924939,0.03649991897386633,-1.2460862727128954,2.045330516018204,-2.3395973159750443,-2.750024983888769,-6.668728007593931,3.5053842994639677,-2.2463777230749367,0.4069085912376065,-0.7439711116934113,1.764463029399006,2.557548934844119,13.172482966110229,-22.77909751957099,6.625075754216316,-2.9998541952222992,0.4433735104591509,-1.8817812971297458,0.8843416586259957,-2.962078121367368,-3.467302079918789,0.4135407554722196,1.884704065319814,-1.137827221144033,0.03818254989478243,-0.5328197501262083,-2.1235720617766303,16.23292900216868,6.639403605434394,-1.024272144068402,-1.2301338297900881,0.0436509899344395,-2.933995339179422,-0.979049861914768,2.643184599384099,3.474383043362429,1.0482288863065212,-0.5619331575843557,-0.7825328114789246,1.0732952785677872,4.277449966657369,19.249236118810835,-22.63080759232082,5.480436914745271,-5.769760084083818,3.276044062261341,-1.8282345856333122,1.2839345201284105,8.097014721143328,1.4823844880518873,-0.7532183066564121,0.380478409871941,-0.894686469693649,2.6410100653635933,-0.5974340469818673,-0.00542268770559174,-0.11083283865171192,-1.2264559129211965,-0.4586000736894389,1.0674135658566368,6.496863359661134,-1.4633042871557065,0.18876543184701644,0.9995039349446608,-0.5346995094828291,0.9864379343959142,1.008127320735825,-0.46056275621781206,-0.024370077233894134,0.010551135666278057,-0.029337769207077875,-4.553051758811645,-27.031583790502083,11.177765335858126,-2.518729183192455,0.09324998958459452,5.85157896825438,-3.0502367074292627,2.3082930337625727,-0.055040394072906666,1.7994249197404037,0.19046487107789214,-0.07712517175862656,-0.01501940663522223,-0.09058777891982435,-0.46033119302547076,-3.496289979864183,5.557441746789557,-0.780201649086111,7.068271517283966,-0.5719690374744646,-0.3967025588141252,1.0316777504295227,-0.28142448691469063,-1.8810959316317466,1.3417982148131071,0.35179933743223585,0.07795097813741023,0.007191278150730871,-0.8052783234644706,-2.075811223869489,-24.41925985707137,5.80257894935205,-1.9559254490988458,0.14272524122518576,-0.24260068487076836,1.126103510197123,-0.10127212016091722,-0.05123920311292883,-0.9252113911693015,0.3061098096737632,0.09860121975207206,0.015016646818996508,-1.7500496035932276,-9.133291473017715,8.37644513112327,-0.9866622488638789,-1.4821462013861584,0.7090221944089223,0.859483635583906,-0.8292750046094586,-0.34435064313459807,-0.11865669329199724,0.2609516753723019,1.367860265468028,0.1420654185673375,-0.04979996686589777,0.11673766841987605,-5.92582761824972,-9.554293052728353,-7.69442126135729,6.196162249448188,-3.6220723704066082,0.24569514177051147,1.202010742793783,-0.3130377275782376,-0.2540427556698681,-0.6397713059171529,0.29635159871680905,0.11677006778764364,0.857769717064533,-0.3583762669414278,-1.5309520909995162,-2.8980486500610207,-4.438756378806028,1.9301067743809022,-2.7231948204341383,0.36583532238295524,-1.354415718981033,-0.7997713366977082,-0.275959245900746,0.15127033005119134,-0.5277161414731314,1.0377652536564461,-0.8225874728848418,0.49425579894671046,-0.08381652324842499,-1.5511792504166724,12.807890654591105,-18.749017764928347,6.3653559050061075,-5.239076846832303,0.5255659249780751,4.856920919947614,-1.9262115058687461,2.0163522389541413,-0.10653709624921526,-0.23526147026584251,0.6133322842724872,-0.43070540635145826,0.268612374145731,-0.2572117039589155,-0.5220577097064116,3.499110990470693,-5.571030302437275,1.380040864268505,-0.2829860242115971,1.1697116310672515,0.14882411395945314,-0.5739274706172479,1.0593452171286377,0.9132984544141381,1.66343289421112,-0.702809867842736,0.5043973898355963,-0.33427710049328474,0.39895738691790916,-1.795688322485765,-23.12872549457884,8.497409274837217,0.38889665843407784,-0.9164241880097499,3.035735365340886,-1.2087917682576055,1.1266880935627395,-0.5545979823171175,-0.2764321380771378,-0.278145797856619,-0.0777316879735673,-0.47771774923504084,0.2926939535357354,-1.4432002613230033,-12.580039286376214,9.531598110990165,-6.211159555059126,0.12567096781985848,0.6656044207649349,-0.2789850169904932,-0.117563819789717,-0.6353885951974513,-0.19490728609498809,2.1179622323275153,-0.10548850128731113,0.2888123895440749,0.11133931253024612,-1.5061513623230858,17.909622209581833,-18.672397578992197,5.421541292021877,-5.661215505554023,-1.2574313506608834,-2.44188124010968,1.1425066628005676,0.027084920556120128,0.4207144916308799,0.10886889711307754,-0.5380699036507216,0.7369303979788698,-0.5279979219785893,1.9886228142143476,5.514179772201322,-1.5721467830136346,-2.3161538016446848,2.020639672309649,-2.31022313657001,0.31023596215162524,0.024775114841535363,-0.3654472414278681,-1.0281979553888152,-0.7747552519179861,-0.4882111964113931,0.3524386437048568,-0.4063797803552649,0.06194830713477216,0.31781731744581126,-0.18952862324750594,0.24144166665093542
48,-3.710803605631396,-7.839182318082256,-4.958489831228077,-5.617244587167972,-4.8981661885115315,-6.827301085308937,-7.0094672257437844,3.2692344259189,-3.8315412545577856,4.770423352712528,-8.493685244993662,2.1743668585950227,-3.8313422802566253,0.7364680832070999,-2.661015575308927,-1.293441009026611,1.7470904009465584,-2.1487609348034318,-9.053692644700265,-14.442473247162772,0.5765031318135787,2.0015373810251162,3.0542517022611806,-2.099612959098536,2.43353141548025,-3.932372796141298,9.4449935692983,-0.6854352053294348,4.154923803549798,2.8695120635736875,-10.517922691369568,1.893137514365155,-12.3676959383116,7.199615255958693,-1.6628663516865527,7.739532794084413,-8.110440087937766,0.7493286435379409,-4.522869325125644,11.839773146823273,-0.6367646671345438,-9.431349687340102,-3.9453160947179757,-3.679591318308716,-1.2793773314541081,7.293622065664172,-2.1931385018625105,1.6807909909510195,-16.091282590869177,-0.2506643646638608,-9.700832552936106,5.004166023919027,9.973691280684974,3.219858024909414,2.9739877763418563,-14.480728698045862,1.3558028977443233,-7.730637324750063,7.366929479130544,3.123334461939261,-0.07214287929679064,2.766418122442282,-0.12338734655843012,6.140982853707236,-1.5525264635104135,1.6664952130751374,-18.749670192392276,21.111835841514505,-3.6993224445503174,0.36931102662054516,-6.517322260812759,-0.8609741611252004,4.988784793998347,-5.165331722115164,9.764512741624353,-3.758438825242067,-15.536374116690325,5.925609021588315,-4.202883338975187,1.3029888602673012,-2.116814344273372,4.2298246516363465,-14.846886666305787,-5.587975909363381,8.968635228292209,-1.6802783802878085,-0.06058571231161667,-2.1848843193835763,1.418402680691102,-5.3958641583136675,10.713325918266145,3.10501175822295,-1.0941633487624254,0.5068036785284609,1.8959377716402614,-1.2181740190932602,1.3663253616227868,16.366385467391858,-0.7261035406805296,1.810423615188006,-2.735019306877005,1.6124749748759586,-2.521339370078195,5.856059736508258,7.258070465049925,-8.301195973306546,4.216285730811993,-2.7971434459955677,1.7699398744697348,-4.968850095872144,8.597916021038477,-9.99744514951901,-14.494432935739907,5.625397353187068,-4.103896847636615,2.982299246204792,-1.358854179917466,5.438507417282476,-14.227482886147152,-6.5560268757965865,4.740509748762333,2.9936044786609384,13.850647396395726,-5.999201572582352,-0.6714665411930267,-1.1549055702889504,0.8502606670141336,-0.4237005843066504,-0.46390054271164277,-3.436492486339925,-10.974963838195832,7.270747815944823,-1.9801130240981686,0.5467329548948345,-1.4797346349043368,1.2330743363171273,-0.26060335297236503,1.562820995663541,2.2179883410338515,-1.1000356590461633,-0.33618476303549494,1.42909351328611,-3.253006795742912,1.9239021659240065,11.018237893939734,-4.732850311065265,3.327026210441513,-1.7587209099420842,2.1476346013668337,-1.6604192473005086,0.6554535506170504,-0.2935796839675099,-2.3822954359754176,-3.617953894897143,1.6972186558072677,-2.016364243575438,-1.1004918906982406,-0.9373311150506998,-2.3293857519693946,-1.7482181433349204,2.0469951997002087,-2.317431744157666,0.8611853851275282,-1.5229338595992088,1.188779566829517,-0.3360052922983949,-2.5696472158461914,2.068908157149905,1.986081585236629,-0.43320836133083607,1.550438996192314,-2.406652538693021,-2.0917117839260793,0.265797706121078,2.308873783029883,-0.12901345655400567,-0.9435917848836891,0.0009878068127615602,0.6074810967687722,0.36004535438527413,2.4038301203717536,-2.7440749114735503,-1.9823487872133547,0.4234030779743051,0.6483478429204963,-2.502198959940307,2.7698632239626564,6.464420357820222,-6.768236278881587,5.285308134371546,-0.4515623062899915,0.4592962735803126,-1.4148711664752267,0.6110574201660955,-0.8397724534576164,-1.2688403749806727,-0.8164575494297609,2.1122611919402687,-0.20589404806403122,2.929279842238159,-0.9644348183559216,-3.9277333584470333,-3.2773659047903023,3.9835263147287745,-1.9987557183894384,0.03013544225646629,-1.2250411361357403,0.4082796789716036,-0.4901719392630508,2.2870733895301796,3.5664715011919124,-2.9058759900857405,0.9330954445218753,1.107441705898037,-3.032957889018594,2.0283604179172086,9.107967139925988,-4.945600415230439,1.701310189452657,3.3091939718243486,-13.400514729047424,4.8068660459802315,-0.10845724766804905,-0.21532602398674133,-0.6543481982761968,-0.3087725589842557,0.07928940809387619,0.00709951570395281,-0.028834214321193378,-5.59050962688655,-9.413202823230506,2.6843532836243913,2.4107645976827836,-2.4783136736834694,-0.5579764653098098,0.19133269857815702,-0.4940438574588554,-0.20264283974550742,-0.23858161827163993,0.3156124935668032,0.053705379402119315,0.05690874932615659,0.05575006654606385,0.08114908671652477,-0.3898821586305507,0.5381940098068736,-2.220398700913336,2.8156631267897296,-1.9506874222271113,0.4431968528362198,-0.2511685372520419,-0.12657991372593724,-0.3811259961196092,0.12947792253228171,-0.5812913056473118,0.6635415006510951,0.011945982254828758,-0.23177919375288245,-2.49875700729313,-8.232020938179508,1.6845124144141372,-3.461073589227057,2.3519380938869516,0.06489233975381714,-0.2704207937663627,-0.27291430266306826,-0.25656156967918303,-0.3281912102581458,-0.007252016936987287,-0.6565063495075939,-0.1057005853242281,-0.2408139228074346,0.11030301219911885,-0.9842935863865445,1.1758102325998383,-2.4191162636894643,1.1196145534825002,1.6121797800346025,0.00908203405198815,0.027782743088841436,0.6444641481140096,-0.20452246435076737,0.9363390332340602,-0.45977061726234025,-0.06865287539296064,0.4113352878700227,0.031191252420759923,-1.4381665306941391,5.424194297447734,-2.9887595512395055,3.2588531372573835,-1.7261771514708493,-1.1281841269355832,0.6287090257594813,0.5100607120253354,1.0004767697035934,-0.07131947264202336,-0.1337519027273769,0.1339570597800646,-0.09542491675888841,-0.13630440573210767,0.39492354264277174,-0.377995257005021,-0.2798279834378747,1.765483047586121,-1.7351072068931646,1.9033978889949623,-0.581826540618567,-0.15165707943542792,0.5880461178410182,-0.41381673139139313,0.49881941224499443,0.353057296931719,0.10948440753460678,-0.003376171026247719,0.44598588293540165,7.512832576149168,-0.6553064101610726,-1.6036755184144638,-0.4511262755120354,1.6058284363226036,-0.7454876757351317,0.6682231368406659,-0.15824464889253517,0.18261544171244176,-0.6434828663869555,0.6364419657966537,-0.41159567663863317,0.14476728230968933,0.3350449842130587,0.739383010897793,-0.8246432885162216,-2.6872557864480346,0.5290980579788124,-4.159200299849724,1.384647619785439,-0.3857400248854068,-0.030256355410039924,-0.11134523222276203,1.2257488855280236,-0.13228859159709716,-0.18365848819672742,0.32705827157881845,-0.4400497020229873,-0.6326792003137511,5.925272896761635,-0.2208933991014406,2.8826553690948273,-2.117465974613353,0.05244598946000996,-0.4618054452216563,0.404096279230857,0.14900267328213784,0.3730833651879025,-0.25961724540671255,0.3905915107923322,0.02731215392922344,-0.1421921038909379,0.17904174137756848,0.3641285437316711,0.3443972155628174,-0.9420805185425961,0.1544618858855622,-1.6807024552687428,0.6850322761711366,0.04301561510911616,-0.17617554722181375,0.10578447608711211,-1.1450646586661373,-0.6053713050717852,1.0272967594553217,0.15976071457760255,-0.17477145820006842,0.6183354714341746,9.392409538758256,0.6843846500877446,3.640782396265492,-2.991520619190567,-0.6569292151804095,0.19844850385352897,0.6175049213454814,-0.2625839145742871,-0.03555120397095164,-0.35899546969461266,0.2649431799318939,-0.10428061005734778,-0.13316702708288772,0.3501681824339278,1.6580183156676982,0.41194961452738416,0.898986766966819,-1.4456335264306888,-1.3976968866009605,0.8209650033623178,-0.3236740005140271,0.09767153602193962,-0.22369775982009257,0.21455724649112914,-0.5264621269103799,0.2746575828476224,-0.1500948610863485,0.020098309231081708,-3.7035718824958344,-8.540179951996834,2.5043044323616694,2.4668053384683204,-1.2690226048946254,-1.5430733679275404,0.34477544910616487,5.913823385979747,17.332886465905297,16.626955472942672,17.51569949222184,18.088555189845074,18.269370074086112,15.548886972546155,20.681710069905538,1.0345408203288526,1.130022675588001,-0.9167467193693908,2.056601948107071,-1.8663011683810369,1.7472620403223065,-2.6461707597968918,6.936747917020132,1.2880361199351158,-1.6530030459628446,1.5775743931635562,1.9081045331225543,4.993354680321503,0.18068251918197056,1.3580597621429196,1.984528038973307,7.01919270482514,10.187493688399394,8.617360665265535,0.9284245125571011,1.3644048071857446,-7.008179682948731,-7.7660535492546,-4.972175536014711,-1.0805428294254529,9.031953279184027,4.918893940101636,3.1105304110566183,-4.944641938878296,5.08802339473059,-4.795995858021994,-5.668934164779343,-6.878944103718743,-0.38230417036354436,-5.0944531692147725,-2.3582315208401847,2.1657494840797518,-5.9072597201006225,-1.8337989102445085,6.285815806095115,13.65948089640953,13.580178992345449,-9.797019010927844,-4.978845631761576,-21.920012429301895,4.875870176658561,4.305539020776973,17.186170225318598,6.081596908734426,-7.553066738730207,-5.004181486196368,-6.610345030240778,7.0082651313977165,-0.9315804824688829,4.275849818010706,-14.798502157583663,-2.765262080499425,3.073491036313634,12.70801627070226,18.837859275065497,-23.517487790819164,-11.159835631629644,1.5246769874642867,3.330865058868969,-0.5009055362611536,2.662054288942216,-3.0472460895077145,1.80763773909071,-13.889540664244592,11.01530730267736,-8.848239120101963,3.2650443656244654,-2.1046049562208915,1.8443283702711417,7.009505623229103,9.11779039451008,14.391019528619054,-2.483841496450282,3.7053512053636513,-0.9110998909879968,3.655549391064955,6.1802383135943995,4.149210018708657,4.199998917748582,2.8415968673509475,4.223467447579181,-2.704819481508901,2.732608345429213,-3.401182632999429,-0.47685848959084476,-12.300533331081834,4.441848076298816,-1.1988158645519245,-0.7432594665804426,1.8278325312961148,-8.166352679536816,-0.7464211030638483,-9.982769396427019,6.91412480933203,-6.357679935540297,1.6511271216641108,1.1706769866533488,-5.074450288385836,6.178733613227135,-3.683504356648508,14.927592983674247,-14.013838631114735,4.4368923831948655,0.9174529374013067,-1.4602077909356708,9.344361681360395,6.11650221853375,15.870110830584297,-6.997410077892935,-7.676257762461678,-12.643244778614104,-3.7210601629287527,0.005983464382455082,2.066654830044811,2.848415318026378,-0.10807123371309035,-0.6748134982020186,-11.19945005922706,16.987826021619092,-6.953731723239154,1.121799095837146,-1.2694781331717129,0.1543562012839458,-1.0262464089456504,-1.2942536690046953,1.0471408922713075,-0.4897788022459161,-0.5272552879568141,1.2407264915570937,-1.9976734395679845,0.3784637132029753,4.971129841978187,-8.238479768415743,-7.758007271663203,7.206218334947251,-4.977374835868952,-0.39323948281213605,-4.164852899316622,3.5018187676977637,2.360157716884704,-2.6068106329195,-0.6897298625009292,-1.4737111223209456,-0.0628627737809679,-0.12289211343009163,-0.6195887739249389,-12.996774491243555,10.64531993737203,-2.6099650899115208,-4.292937804947302,2.279232689710963,0.1263369486251873,1.0693400346106088,-3.1724396667466928,-1.2685913257052932,0.813448479923964,-0.6564339351504352,3.7964084061501575,-2.2788660046345264,1.029305962282683,7.536680455720709,23.99106719060587,-8.724439773776098,5.868648253175231,1.331240572135634,1.2079299165268762,-2.927637534598029,-0.10010427161468667,4.363226667684523,-1.062654070881176,0.2476527265628037,-0.8101975228030991,-2.3828054256228963,1.187541770684071,0.3575262611075626,-8.677350184877819,-1.8221120176998526,3.9056057154606965,-5.5167246435689865,3.4148393081207553,-0.5377783244255212,2.521722468177761,-1.142755874740955,-2.221012847918063,1.1484037523327482,-1.0754495486256217,2.8504010613832236,-2.284306935607122,0.8486057463222639,4.588692127101633,26.92665226452018,-12.389245948498386,-3.5905520296828994,0.1493917636850974,-0.2770483352911591,-1.6941479939514443,-3.35312638138689,0.5638551650465162,1.0428442017454427,-0.9858907867841284,2.502231721968214,-2.089004897102196,1.0229228184215484,3.698430504829612,-5.8212211212135125,-7.846806290942793,1.0080299119576983,6.708080033617387,9.603958916189221,-10.145119394024126,0.39424180781675383,-1.6912073002215529,0.31785924984465963,-0.24950469486531193,0.28468532923884515,-0.16937820386150956,-0.7249525494439131,-2.1316257528286835,18.481878246979537,-8.31361387195071,5.790221355914298,-3.7922421793006653,5.118550218213391,-2.344362791635912,2.314841672094914,-0.7682574537845417,-0.621313951241582,0.10336427404010298,0.3925239454175216,0.7514962040924962,-0.3028585406821195,1.085518692275399,0.8259048408635348,0.35873451857935684,1.5501564953450917,-0.7631135626748733,-0.7836676517739949,-0.3240603831171275,0.3357561102270808,-0.8420487871524313,0.8104508221569868,0.6622631547726637,0.1014560005130385,0.0008262172645466265,-0.19447141723993386,0.41363332774264255,-0.6641582257318313,18.891033586242447,-9.959470340590869,1.2829319273516626,2.0538496078126456,5.077667590746434,-2.6405367002692532,1.236745881725156,0.09600605815026146,1.7475039770888134,-1.0011855523598605,1.7487128105067995,-0.14946902856693892,-0.04044906119015383,-1.922749157821387,1.6878894718650963,-3.0331061340914323,2.014792457769648,-0.4135521606583583,0.07340260125450934,0.01745196326291165,-0.1144156575336576,2.4001652947646397,-0.6661689916896073,1.3133201412206887,-0.26712929996549595,0.3590060753477601,0.07619137003525435,-0.8501877848763799,-5.536979971633537,9.027167651631498,-4.7942851503416755,5.997895532034706,-2.459518270434223,-1.8862213909126078,0.20022303457677976,-0.9991446679772581,1.189497373966028,-0.6416853596852317,-0.13112841011701543,-0.6827490225673316,0.8713692436671656,-1.915131486274787,-0.3930036999940601,0.45897608036034,-1.7451933059051865,0.48476971342492,0.08128712438729374,0.039147677952695026,-0.27579108210600406,0.6361483520414317,0.871077817909046,-1.5463577553954282,0.5383486813937307,-0.12934142466185303,-0.2005161186388246,0.404346456668688,0.6794439834806566,-9.911041064471403,-4.846918503083746,-1.0760638686659232,0.474032753346878,3.162897508651738,-3.823761463867354,2.497771351213025,-2.0786602991443868,2.129614803534888,-0.32026171272611303,0.15536111998675686,0.10724281249187266,0.015972840023138632,-0.38444980513915095,0.891442041935974,-0.5672651725163818,2.6407849568936346,-0.5938657434044927,0.7464298281331054,-0.4694151197962461,-0.6786228396293454,-0.045268489946450524,0.8014515442180652,-0.6855181812900011,0.2931548408524632,0.015221466942144896,-0.13297317150692223,0.9461335446048776,2.1938225276284133,-4.890280434242781,-2.7518606601488895,2.6709800900618537,-2.655093418914718,2.8216729185284395,0.7867566453637193,2.106891849218256,-0.0943329934264625,-0.9208069692650306,0.37022957063969225,0.1759229066190843,1.2377237698013417,-0.22594779667344045,-0.20940197198873645,1.7838357093034285,1.1948806695702134,1.2015754534864123,-0.4531077676537735,-0.48381517669531315,-0.23766088816700828,0.06350848948050915,-0.5470617856209579,0.6389038872493634,-0.5580413158896953,0.15950448597798841,-0.2881601417655534,-0.048490894923352436,-0.05057714835222517,2.955094259005552,2.530949508869237,-7.976868253945257,4.210979099014204,-4.3467040082440604,-0.34551370235717654,0.3736486569531518,0.8561906542841986,-0.17429515281682365,0.18894058364216104,0.06144013555239168,0.12446081960685573,0.4446820981320401,-0.38246853906890416,-0.2684078295636536,2.9359447048612712,-2.6539485719912546,0.6052455065066438,-0.6014788909875823,-0.35852273372390236,0.3849184257601168,0.15779312530186224,-0.2748594223828663,-0.8478874083214879,1.2819688473724813,-0.0011674511227800742,-0.2960871625973079,0.36266714920290066,-0.3817092668493111,1.6754132784703955,18.22478474647829,-8.210055532873925,6.963037994346954,-1.7857466866047786,-2.959182559140008,0.9025751479168571,-13.999680750245417,2.67398389290161,7.837457538257493,4.0058287745606,6.112662006623335,4.321314053423115,6.848758722008876,5.123664821328195,-1.9442163452904129,0.6296891105860952,-1.113082914445093,1.7349794268602232,-8.97297025473604,5.705867329606065,-7.444794414368411,7.524529848593528,-2.4532682204967604,-0.613315599358184,1.0347429274479716,10.54791193079753,17.82332050801592,-0.6346149031294758,-0.870324082723581,-2.6682366906830604,6.076832679390697,6.902222339142019,6.821435910394016,-14.288074539990218,-16.31242000465035,-13.84556351376966,-4.308041097869427,5.376661316005909,8.04087932217127,21.94875743178928,0.8199715025394728,1.4162720382786083,-11.776934477769945,12.439002177132576,-1.7546450190197775,-6.1552142431302315,-19.588611260618777,0.7376002986788425,9.376149589369868,4.600617398298856,6.369080184231991,1.108263152555467,-8.49007036275772,15.85416383200868,-4.258376386157101,19.74455234632136,-19.534395999823165,4.561375960552258,-28.229721072791886,0.15341607233368396,8.648186298933803,-5.018195735965716,16.745368801379087,-14.744623276290502,16.841657924823686,-11.481747885899713,3.9138280391466376,-8.19070037220981,-1.0403678860053787,-2.0350759111308694,-11.329209521771975,14.207685392641688,-1.4956759165819122,28.709239701535363,-32.75927092910219,2.350863015818395,-9.128391057867946,9.748668778156611,0.4862514763744007,-8.182860541657032,2.8712178299671405,-11.8753052177628,-8.900880378779586,19.40807085300082,-5.168211420805903,-0.8732399136183338,-3.5511284524865623,-8.523604599014526,-5.709975447574432,15.82150773279636,11.615120266758733,-9.874318937241688,2.783524549877181,-16.169844654522542,-5.698988906122951,-0.41142857095433,16.798817925067507,-3.329405344263936,-7.521716046246791,0.2641086364825732,-10.43673848188625,-6.752069746704948,6.965207701479614,4.248128069736604,-18.664851013875758,0.9556674710976306,0.5137742379341863,0.5296947133113478,5.474992511758872,7.100388014545772,-2.6846091028263777,-10.064664908120715,8.131780523425302,-2.767080570974227,4.734327444187555,14.524942210095302,-1.4586907663330233,-9.292544334719624,3.3927012731145623,22.128284658311088,-11.020266527075812,4.108038167428856,6.109960972671783,-5.277486186709454,-7.46395844032035,14.268966267743485,13.764179150193648,-7.966672215954685,-6.354279289079511,-14.930627554518868,10.949728738993771,0.3790765731845395,3.981594631721264,-1.4032557492870126,4.068670448788148,-5.806808605900296,-13.932292541866024,12.345694315612679,-5.820806478124267,2.7509363895313252,-2.1194369438420337,-2.0538035474273126,1.2520045860230127,3.472064950581475,4.244579476216662,-18.20435466864152,4.95359293175907,-1.7884378151623417,-4.008161780036122,2.715798035682622,2.813853919660836,-10.195710366441483,-3.0067855544808437,0.12270572797361969,0.5010143203893221,-2.7916986982894705,-0.71672431670831,1.782568861534256,-10.610824591935636,-8.345508240013057,9.186795665423615,-2.241022029623928,1.3325495384746586,4.011771099587806,-4.892775269663223,-20.66084213935392,20.52682848405449,-12.273717198980608,1.9495945857909223,1.7460698416538794,-1.0051580016512693,-0.4427615423031084,-8.60685722273432,8.031014529853172,1.0334088394661394,0.504808147527551,0.3991867084863343,-2.018792293318924,-1.4950051518645322,5.843617676752889,10.893486669337928,-6.354163338247204,4.428729440970508,1.238560814783734,-1.0333937110861773,0.33139403912934706,3.096813062564621,11.115448771776656,-17.149150259450238,6.587168237928027,-1.57757279931556,-4.789597232898811,4.504376176525952,-1.5786979994393333,-7.4016962098867,4.051594613254702,-2.5169642417076217,-0.6515526578313983,3.822948287381788,-1.6528234465916996,1.5269171984667205,-7.679866319901341,8.60727890814833,3.8301490797787605,-1.8256358843857539,1.2087061098650607,-1.030555193099411,-1.3179330967943736,2.5646863451015514,21.44204259059795,-10.240888678856297,-0.053265020736330444,-0.058385238504476744,-1.5360599913236177,0.15023016089205313,-1.8833447179335232,10.203964904663744,-11.873075359513825,3.2844362026048644,-1.4313974386879786,-3.4077256038493875,-0.9337969216726216,4.439687715178277,-6.27697539361571,-2.5301956496745297,-0.501550612199066,2.390439507810802,10.882486778914913,-11.264299978579558,0.2972412437559711,0.48526356242170837,0.26268281251309844,1.1060498218221533,-0.6851650363762588,0.6777272700723976,-1.181186492030163,-12.706161131633452,3.133753221221617,-2.480395904556115,0.7458183802285542,-1.061042703830858,3.8397335863400364,-0.8771974466559779,1.2936096388627745,-0.3311619807151099,0.21435235733242866,0.605188070829475,0.2629621390408416,-0.431809939038637,0.2664357324932132,0.2553965854566616,-4.195729510696198,10.291784048256286,-1.230352931315391,7.921720727960953,-3.9227052671360325,1.950678935149117,-0.975229851079183,1.0405764934858925,0.35263152920169416,-0.3202647446940885,1.8465590240581486,-0.46857385494708653,0.3923136757206363,-0.14846859497040876,-1.3582293074355634,13.590084077956266,-4.851831415609533,2.2038776817676724,2.0755604426062697,1.4004481129606143,0.3562681450643594,0.5548728560912491,0.2554766167880907,0.5690438584704931,-0.6288042101543329,0.8227233262696101,0.1954746802845769,-0.5166830340048792,2.514817484965301,12.173217912631937,-3.262556877590815,-4.401261102256291,3.940593148766075,-1.6156415773987123,0.9379606640788839,-0.32504327424335167,-0.9245115855108174,-0.18982570931359904,-0.5168382497786407,-0.08345317389420712,0.061671618321145316,0.4782553997952142,-0.5879339607442519,-15.10495021670411,17.18576607837195,-7.598713369891384,2.265349674459849,-4.655662331751169,-3.065960365824591,1.2209641022882245,-0.5441055639583844,0.37992432819667654,-0.5845840198185517,0.8283691052911942,-0.6516531447585003,0.3019405518744029,-1.6969666707476594,-5.599857543067001,0.26766056146226247,-3.0721346386917023,4.101076133990623,-0.8223966417151585,1.445128064079071,-0.24580593599382683,-0.14570935673214738,-1.1079148860495132,-0.30095420766465636,1.0711979605472102,-1.8442497068002288,0.002640990190481217,0.03457571671486914,1.7421621025779326,-1.1839982430229998,-3.001885135090635,-0.12085831849035386,1.6820233707119787,4.8306209652658145,-3.159445798419562,0.9185266171981293,-1.4959863107818607,1.9014295813645326,-1.1245208995601683,-0.04342764658130615,0.029691623898854314,0.21709057727889233,1.0052083197810806,-0.8077649725420238,-1.1701647293786004,-1.5950111554970672,4.316799531208079,0.03446728697924234,0.07963180171903586,0.945710462660542,0.39365504498363874,-0.14865006117089793,-1.857198600809408,1.9709807243554602,-1.40040219546527,0.7130648073110963,0.027197874518899982,1.466148225235135,-4.7497771681196745,0.8853747418496334,0.17362302271912505,-1.4678748033248903,3.388228789630357,0.13454783031600787,0.46847737630829484,-0.279341774171263,-1.1083720831429338,-0.4500688484885579,1.0550847768913523,0.05490189445798439,-0.11199702907280398,1.7210556066161764,5.83007131556505,0.49626962111107376,-5.954274345870372,5.708141599451856,-3.0354421721654576,0.7658689365217008,0.45671553081120625,0.37374296318199063,-0.5199953993080848,1.039718097900353,-0.5859187907578425,-2.429782438609433,1.0077157373945123,-0.521568812879175,5.655850170412544,22.730552422884266,-8.169658777681112,1.807677874255997,-3.938894091625166,1.0267746127427508,0.2545066437075542,-0.09461567283086997,-0.9448061830643075,1.3268404947903576,-0.5380587577232858,-0.01813254263681674,0.14705856499643422,0.5032282706746909,1.2697076632087914,8.890742335636617,1.0744746503493614,-3.6979113656134484,2.4117041915360473,-3.2406126328137996,0.21388436177945722,-0.3960540992668729,0.7139911609912937,0.2610554714442408,-0.2137077587222032,-1.5456899026265474,0.08129016560272433,0.34038556711570994,-0.21762725432623545,-2.4317145820554815,11.883485264747973,-4.466699297377563,1.980902413526415,-0.3709686926625557,-0.3260636553194129,-0.541684260713518,-7.616697932072807,31.221384281719946,30.774564534855195,30.118973652383033,30.742734213741254,29.682193495778627,31.152395556440574,30.421320913641114,40.087865821562694,41.526168650286664,36.00707783238941,47.36724629515672,36.556692714152895,41.712286685958354,36.65690920170409,36.91110110171398,34.68472488790995,44.5567591527197,34.145027757301754,49.27348114360926,53.40774844834779,-0.022187554563084577,0.37744508418984535,-0.94236184048936,-8.639635634090698,-18.438569428425954,0.7982063063369041,-10.456879607620474,12.33445724517549,-0.9056463213072968,11.276113472202828,5.824684037450501,-3.8811788623438765,-5.994089913806809,-16.774323522717324,7.185758160757473,-1.2675177798915145,-1.4087096175243723,-0.19613425935010176,14.15726660590493,6.508101317232597,0.20987265555494095,1.4480015897833654,1.1287875586843819,-4.330680054415746,5.71179136432245,-1.378822399522199,-7.323353396579236,-3.685905100458126,-9.782170813642658,14.37276661638722,0.6896895029968299,20.583148525516012,-9.486521164226383,-3.130232911743771,-7.358835239107173,-4.421087902903501,6.49882573571367,-4.953415890264227,-0.5339412869739456,-3.8844505483949,11.593314950038302,-1.2944114630659591,12.188272978630636,-1.5643515655541624,-6.677142991338851,-8.241697534088308,-11.91401913644744,15.035140011786918,7.369465530492873,4.604864304206054,1.914402760884909,-0.09496108328696765,-3.066220811994688,-0.6616085547605829,-0.7112792510317922,8.324853939618517,-11.011416309466634,3.2109746932789,-0.7224031148901388,6.670387019373564,-7.015638700485172,-3.3623846300039557,-9.903958295625014,-21.127997154447165,2.661414733711136,3.478325899721893,10.534866679136455,-5.864672475968494,-0.10580567130938909,-5.474796667380874,-1.7829127466262946,7.503412402760291,2.5354256550496923,5.132553207885109,-5.798580564188718,5.552341980072928,3.2170992915984735,16.427456805819617,5.045692659774484,2.0090510436273363,-1.9879369704332113,-4.511826870233242,8.040291294649267,-2.2415093550297125,4.246781476735839,1.7238740196288274,-0.43444604225845296,-3.8815722875289356,-3.512175972706096,6.265235517045865,-5.138499107366846,-1.9050057989242892,-19.517133018590474,1.9234425680713918,-2.2376740229020253,1.5664250381269986,-0.979773935115245,-6.367023097433731,-9.975378162893472,-17.370978228759995,5.67699289642565,13.080034337858285,12.919029687031804,1.6769339462047312,-0.1759457754508833,1.399696167736673,-1.8931962950338308,1.968134868498278,2.6121423376597686,13.149136995258225,-22.77909751957099,6.625075754216316,-2.9998541952222992,0.4433735104591509,-1.8817812971297458,0.8843416586259957,-2.962078121367368,-3.467302079918789,0.4135407554722196,1.884704065319814,-1.137827221144033,0.03818254989478243,-0.5328197501262083,-2.1235720617766303,16.23292900216868,6.639403605434394,-1.024272144068402,-1.2301338297900881,0.0436509899344395,-2.933995339179422,-0.979049861914768,2.643184599384099,3.474383043362429,1.0482288863065212,-0.5619331575843557,-0.7825328114789246,1.0732952785677872,4.277449966657369,19.249236118810835,-22.63080759232082,5.480436914745271,-5.769760084083818,3.276044062261341,-1.8282345856333122,1.2839345201284105,8.097014721143328,1.4823844880518873,-0.7532183066564121,0.380478409871941,-0.894686469693649,2.6213141465601506,-1.629790038865744,-14.316050230390793,-18.420821145180604,10.025269332263392,-1.4986858273144876,2.904688492944639,-0.5590082159743599,0.8515081628082114,-2.5356326702470606,-10.14590043592129,4.668956358527654,-0.45798818180835066,0.0751665208009509,-0.3015351851005059,0.8407048013520472,3.149163396163705,13.998130143527574,-2.430231126994718,0.5610588376430506,-3.829906246283568,2.924869876206141,-2.837778604119203,-0.21374562479736925,6.22586522648936,0.07223472057379836,-1.9324401006954492,0.29089572140276204,-0.5480230103407076,2.9949311935250296,-1.2162795946386324,-11.375074336599448,-30.080354019216827,11.44916017343061,-9.041983840500603,2.890173578206114,-1.9641974490600096,1.5001515878092875,3.0040549623210597,-2.1740275289445794,1.7151730260333162,1.414066594644649,-1.836372319402354,1.554227999375943,-0.7227182086163123,-4.4454711558301385,14.504702698803326,7.373459276726689,-2.1777212148489697,-5.9696624895664705,-18.45540409683673,12.226731463593627,-0.24819604830098435,-0.3344404204409284,1.0438043321677304,-0.8375243474490948,0.49425579894671046,-0.08381652324842499,-1.5511792504166724,12.807890654591105,-18.749017764928347,6.3653559050061075,-5.239076846832303,0.5255659249780751,4.856920919947614,-1.9262115058687461,2.0163522389541413,-0.10653709624921526,-0.23526147026584251,0.6133322842724872,-0.43070540635145826,0.268612374145731,-0.2572117039589155,-0.5220577097064116,3.499110990470693,-5.571030302437275,1.380040864268505,-0.2829860242115971,1.1697116310672515,0.14882411395945314,-0.5739274706172479,1.0593452171286377,0.9132984544141381,1.66343289421112,-0.702809867842736,0.5043973898355963,-0.33427710049328474,0.39895738691790916,-1.795688322485765,-23.12872549457884,8.497409274837217,0.38889665843407784,-0.9164241880097499,3.035735365340886,-1.2087917682576055,1.1266880935627395,-0.5545979823171175,-0.2764321380771378,-0.278145797856619,-0.0777316879735673,-0.47771774923504084,0.2926939535357354,-1.4432002613230033,-12.580039286376214,9.531598110990165,-6.211159555059126,0.12567096781985848,0.6656044207649349,-0.2789850169904932,-0.117563819789717,-0.6353885951974513,-0.19490728609498809,2.1179622323275153,-0.10548850128731113,0.2888123895440749,0.11133931253024612,-1.5061513623230858,17.909622209581833,-18.672397578992197,5.421541292021877,-5.661215505554023,-1.2574313506608834,-2.44188124010968,1.1425066628005676,0.027084920556120128,0.4207144916308799,0.10886889711307754,-0.5380699036507216,0.7369303979788698,-0.5279979219785893,1.9886228142143476,5.514179772201322,-1.5721467830136346,-2.3161538016446848,2.020639672309649,-2.31022313657001,0.31023596215162524,0.024775114841535363,-0.3654472414278681,-1.0281979553888152,-0.7747552519179861,-0.4882111964113931,0.3524386437048568,-0.4063797803552649,0.3020791666012441,-3.1453933297566303,9.928649921610589,5.805636973079587,3.4554266078474445,-0.490576382275649,0.49217846696588974,-3.006253303007183,1.1891726281778794,-2.392262242749466,1.1345162223064016,-0.47653878985333037,0.5980680187366534,-0.17916164242045235,-0.11823359475042329,-0.7679779556532825,0.4598970149145479,2.524392050447879,-5.2969494611044095,0.8515349300430052,-0.9243616851200126,0.6278673652916051,0.6171348138618811,0.32455937879279606,0.9058964043456583,0.4346857432036925,-0.5170755702322328,0.1205973761188176,-0.11787646657114595,0.8491296972553368,0.8468407109868534,7.705523738051454,-0.008400636348946174,-0.17728485280401354,-0.8358878887376565,4.549932831852415,0.5877310199620841,1.9145603558276072,-0.7517388718988579,-0.03338030615463196,-0.3425849229327251,-0.13601495163398974,-0.5804861613814368,0.15925296260034363,-1.458377295099815,-5.974763994746975,-2.8395119011890326,-5.422989808982307,0.08778488491027346,0.2508617338670896,-0.07926251204923286,0.1373017527220205,0.5490054946101264,-0.3099221930536756,0.2904158548913176,-0.7143017627442725,0.006538379183629563,-0.08861157389649543,-0.2785625286481414,-6.809313720011282,-15.335901478453682,12.152738012702327,-4.159648885939971,-1.8269178967128061,1.9650518541526358,0.1415305858689703,0.21767760266915429,-0.42360355272870276,0.5447848057884704,-0.01984808250951632,0.1736229938412063,-0.3116747334039533,-0.47913816088592076,-0.9406137183450886,-8.389691095574268,4.481437192259917,-5.890045198259037,1.0384624713776314,-0.4847315910435361,-0.5380665799646411,-0.40484186877865924,0.5127718793224931,-0.028540826807250383,1.22428544485684,-0.1426433136814042,-0.15973774567240934,0.4069165599387697,-0.5721078598861561,2.3067975645217973,-23.68086083101507,7.153699452105277,-4.7401880400002945,0.7114184624481852,1.6084811811770483,2.6881877729657084,15.54034232046683
49,17.2567878517003,11.301688956734973,17.14282887431711,14.508953367191591,17.25085561648108,12.628342572383154,16.053501343108785,7.0565631572415635,-6.982740043869982,2.1860681571902862,-0.637276478087448,-2.174388048419309,2.5284186595964706,-4.357162847022966,4.478666223576993,-6.741559709750918,6.372579863857014,-4.492022743670439,8.352129231417136,13.101842327217089,1.2487521022344044,4.041627440466712,7.357101182319042,0.24470302487316714,10.62981644057628,0.6977885299287819,-6.158887630386526,3.2324091810771547,-13.818502390428025,4.013041925320975,-9.568142424651812,9.589959806249308,2.8114757195005047,7.843750386149521,3.6599796478311943,-6.1991874387221015,4.9454638663843165,-2.265926203273794,-11.44362651505461,0.14665055654556702,-1.114924830116166,-18.417526897419247,-6.915175118321345,0.6306934376527829,9.694263762882242,-1.0404728912707835,5.12881034330997,-10.072929466819453,2.126045444494038,-5.712498812814504,3.7620960669526933,-5.944061185593922,-2.260289326830453,-1.7094399536023086,6.5916805540390895,8.227083592577896,0.23510334275886,2.6145135077906403,-17.630378451325846,-1.697427990817968,-7.225305060171753,10.73352261385625,3.88140020178372,0.8273143010131435,0.9522083567930684,1.4204116293759326,9.175626350786052,-11.16198060832302,-0.6166272944800664,2.1884117634720637,-5.354568982215898,-1.7234540915206715,8.95037287814444,-9.757099612546117,22.03838774037055,-2.6411191992861225,2.0865152758356293,-2.714037397062209,1.6124749748759586,-2.521339370078195,5.856059736508258,7.258070465049925,-8.301195973306546,4.216285730811993,-2.7971434459955677,1.7699398744697348,-4.968850095872144,8.597916021038477,-9.99744514951901,-14.494432935739907,5.625397353187068,-4.103896847636615,2.982299246204792,-1.358854179917466,5.440132243552074,-14.167469317543521,-7.443974571071305,8.740074465953645,-5.421982876152952,0.975345986923209,-1.3919478787549,1.201057997683232,-9.073256052168448,10.103330619528014,7.557465612006645,-1.9258830889129346,-1.8621177324046494,-1.2638374321459325,-3.3111405642599436,1.4231440275500478,17.50113052587362,-6.645864675405612,3.3987193631715966,-1.7340978641959686,0.8405090542263105,-2.6327882142197083,7.197961697037352,-6.223095109731722,-14.096697308715049,6.6743335648549,-3.099482865504039,-0.06906677466035166,12.863246364714692,3.021194516871571,-1.5003956339012294,-3.180888024582475,-2.003992531265096,-0.10019598053329162,2.433958080639535,-0.12842636419123626,-0.9435917848836891,0.0009878068127615602,0.6074810967687722,0.36004535438527413,2.4038301203717536,-2.7440749114735503,-1.9823487872133547,0.4234030779743051,0.6483478429204963,-2.502198959940307,2.7698632239626564,6.464420357820222,-6.768236278881587,5.285308134371546,-0.4515623062899915,0.4592962735803126,-1.4148711664752267,0.6110574201660955,-0.8397724534576164,-1.2688403749806727,-0.8164575494297609,2.1122611919402687,-0.20589404806403122,2.929279842238159,-0.9644348183559216,-3.9277333584470333,-3.2773659047903023,3.9835263147287745,-1.9987557183894384,0.03013544225646629,-1.2250411361357403,0.4082796789716036,-0.4901719392630508,2.2870733895301796,3.5664715011919124,-2.9058759900857405,0.9330954445218753,1.107441705898037,-3.032957889018594,2.0283604179172086,9.158324245289256,-3.9465386727004597,3.4454291847631286,-1.740940481961085,1.3894249061268356,-0.5305617837896207,0.0022045455091697468,-1.8777880816886063,-2.1557883541282186,-0.2769357227104107,0.952208180667078,-0.47771583448601435,-0.3679250578851215,1.1611760319916042,1.081608065811725,-11.293037777656043,4.483263089451295,-1.9418715119315042,-0.03303619780982021,0.1541725002347787,0.019511793857224867,-0.19184787998555777,4.008406710239721,5.1280595814021614,-2.5923687095916574,0.8960138712460892,0.6976480407183046,-3.389635466073921,1.9194954830425792,10.40214102897593,-4.243573330484901,3.1716402975234033,-1.2509895293601647,1.0565547693748916,0.21147772321631833,-0.4365985256062043,-1.9001067074111953,-1.7687137514534688,-0.9495510889826614,0.3233649911453001,0.5743488421884297,1.3727543571550778,-1.449297412189416,-1.6017243238947683,-7.031727533125325,3.144746170863508,-0.5525194208838791,1.5738707924790973,-0.41173612955759104,-1.502170314289234,-0.3132352665906769,1.4782067671083379,-0.8408303923920871,0.6265153130478144,7.505094856416956,-0.6541846352597255,-1.6036755184144638,-0.4511262755120354,1.6058284363226036,-0.7454876757351317,0.6682231368406659,-0.15824464889253517,0.18261544171244176,-0.6434828663869555,0.6364419657966537,-0.41159567663863317,0.14476728230968933,0.3350449842130587,0.739383010897793,-0.8246432885162216,-2.6872557864480346,0.5290980579788124,-4.159200299849724,1.384647619785439,-0.3857400248854068,-0.030256355410039924,-0.11134523222276203,1.2257488855280236,-0.13228859159709716,-0.18365848819672742,0.32705827157881845,-0.4400497020229873,-0.6326792003137511,5.925272896761635,-0.2208933991014406,2.8826553690948273,-2.117465974613353,0.05244598946000996,-0.4618054452216563,0.404096279230857,0.14900267328213784,0.3730833651879025,-0.25961724540671255,0.3905915107923322,0.02731215392922344,-0.1421921038909379,0.17904174137756848,0.3641285437316711,0.3443972155628174,-0.9420805185425961,0.1544618858855622,-1.6807024552687428,0.6850322761711366,0.04301561510911616,-0.17617554722181375,0.10578447608711211,-1.1450646586661373,-0.6053713050717852,1.0272967594553217,0.15976071457760255,-0.17477145820006842,0.6183354714341746,9.392409538758256,0.6843846500877446,3.640782396265492,-2.991520619190567,-0.6569292151804095,0.19844850385352897,0.6175049213454814,-0.2625839145742871,-0.03555120397095164,-0.35899546969461266,0.2649431799318939,-0.10428061005734778,-0.13316702708288772,0.3501681824339278,1.6580183156676982,0.41194961452738416,0.898986766966819,-1.4456335264306888,-1.3976968866009605,0.8209650033623178,-0.3236740005140271,0.09767153602193962,-0.22369775982009257,0.21455724649112914,-0.5264621269103799,0.2746575828476224,-0.1500948610863485,0.020098309231081708,-3.7035718824958344,-8.540179951996834,2.5043044323616694,2.4668053384683204,-2.5999549118260514,0.02209366230611035,0.2014414705903642,-0.758104876986008,0.33057632066350384,-0.08521759190600045,-0.07323912526623538,0.275984895043691,-0.03615546514975114,-0.23669837569332822,0.31683789127968576,0.8319631838644906,1.4311115914775123,-1.9680615893481321,3.337547024175154,-0.9244342870988044,0.5278598814994266,-0.17180034604378172,0.21778747860151335,-0.37367736520879535,0.06259453136272408,-1.3039536362476538,0.4043575141096028,-0.08770875455493049,0.33005400142585767,-0.1845907802202434,-6.620852532187421,1.437311691175892,2.122429259506044,-2.093840958125564,-0.7880238566678033,-0.3040730629227333,0.44969942371533744,0.3813317629419364,0.4907246499076714,0.1339872409149537,0.8690886537030045,0.21136506159049992,-0.0028255477433601975,-0.7131469831724847,-1.2987605121155348,1.3926335376805525,1.8747128853236814,2.6935941919110746,-1.1061713915995335,0.8880909340914439,-0.33643019196452656,0.33649184494072754,0.9148083009962692,-0.3540467176305173,0.5502101257457819,1.0869832856949928,-0.3770237195762037,-0.46759324352006604,-5.232265297226724,-9.995815654335866,2.7057959434896746,2.4845445530784906,-1.6095262894815427,-0.38678383810892625,0.16542511178550043,-0.3772079414142639,0.5344439710607495,-0.5069608562699889,-0.6073002782068125,0.31903506475938936,0.13903934591566158,-0.34080377128753214,0.06367301308846085,-0.8959509497272923,1.3996214896217845,-1.4918242268556456,0.9221853923058729,0.9585558239121518,-1.4357223632777452,0.6968356453090714,0.23512099106141407,-0.21562973450010994,-1.09338524595725,-0.4004545540044151,1.3061723065834128,0.20059019164280592,-0.41526051219468213,-4.770289177328845,-9.744219561487592,4.1768275989262476,-2.096764898117838,-0.5173303789780896,-0.5511827990901292,-0.06963144408764345,-0.396679198509712,-0.7943512726889208,0.27880611501954133,0.3848866912160322,0.914070737522157,-0.2576074496093756,-31.9250409972898,-23.970516116184164,-33.16870425886816,-25.24778253937481,-32.38784307561175,-25.062402056254946,-33.50166376799582,-7.857231701009983,6.768099487663989,1.964362661727547,-1.106152046563917,0.7582671522356803,-0.5362613357474567,0.5117239690461282,-2.3444231360304095,1.932667222745483,-2.305524305850012,1.8308228388711392,-2.735234793264384,-4.7580014476033465,-0.9016975978184734,3.39814768916788,-5.120472053419909,-0.8887475046416948,-11.366235519427132,1.4632026167947711,-5.377278795525608,-4.300669143069955,3.813504118954001,4.683950830527268,8.996909723579815,1.630896021429087,0.6777285169541063,-5.8974723115942735,-2.5470609702982734,2.568516356384754,-1.9107991883504514,2.563991793055203,6.4937823186672885,-2.908322964877805,2.009576229671729,16.88301412277971,12.142847593685977,-4.857076550435692,0.9222482831757206,4.700536584449154,10.674604006269671,-4.364239927748012,-2.4779043999932915,-0.6455694441449554,1.6661730803587136,15.676584648833419,-5.466724963564254,-2.6680447674303576,-21.46928168991175,1.0215462836104316,5.798848354006327,18.119644776967114,13.11772468235218,-7.980654887436347,-3.3048099413776066,-16.43869990413618,6.509036918946205,-2.0309767093228728,8.183411641103287,-7.520472120081871,-7.11692415176998,9.531267521013882,5.105097502061956,-10.024864623502346,3.7775378396690757,-0.3893296927344821,-28.363533316184803,-3.7599039750970156,-19.299141173902548,6.272400101397745,-1.1153304930453174,-0.8632219244088196,1.8278325312961148,-8.166352679536816,-0.7464211030638483,-9.982769396427019,6.91412480933203,-6.357679935540297,1.6511271216641108,1.1706769866533488,-5.074450288385836,6.178733613227135,-3.683504356648508,14.927592983674247,-14.013838631114735,4.4368923831948655,0.9174529374013067,-1.4602077909356708,9.349507393505602,6.279131284493632,16.019766057891843,-6.968027287187329,4.5317575752406665,-0.9375309863160012,2.79043205080107,5.039093956437085,6.9078564758627135,6.953468278428205,-0.027158145778012836,2.369551133576642,-2.912507753134249,-1.0145111404589855,-6.915602076994125,-1.898643835951881,-21.281282604447053,11.029787896439462,-3.292706646734102,0.9994966920174055,2.433361205955976,-9.057981609983683,1.6698202756662825,-14.611317441708657,10.07406388348314,-9.394229653594577,3.4189757910424476,3.168245686710048,-4.410180533488685,13.48228065856671,-0.23880823694805825,20.5696922516851,-1.3046849051208442,26.86133072654577,-9.108076196422305,5.83268270220219,1.331240572135634,1.2079299165268762,-2.927637534598029,-0.10010427161468667,4.363226667684523,-1.062654070881176,0.2476527265628037,-0.8101975228030991,-2.3828054256228963,1.187541770684071,0.3575262611075626,-8.677350184877819,-1.8221120176998526,3.9056057154606965,-5.5167246435689865,3.4148393081207553,-0.5377783244255212,2.521722468177761,-1.142755874740955,-2.221012847918063,1.1484037523327482,-1.0754495486256217,2.8504010613832236,-2.284306935607122,0.8486057463222639,4.588692127101633,26.92665226452018,-12.389245948498386,-3.5905520296828994,0.1493917636850974,-0.2770483352911591,-1.6941479939514443,-3.35312638138689,0.5638551650465162,1.0428442017454427,-0.9858907867841284,2.502231721968214,-2.089004897102196,1.0229228184215484,3.698430504829612,-5.727230295873288,-5.348627157190378,6.0056521199477,-1.137736240009452,1.8802448035317822,-0.8250214012083917,2.6671821732447145,1.7571292699698988,-1.5908283701910493,0.7163692151907772,-1.279337700899668,1.2964683454119519,0.34647517681583323,-1.0128608809609343,-18.509652457335704,12.10608267343743,-10.943570762224825,1.2811130390902334,0.10618740546258527,0.06155334473368789,-1.1643511504925534,-2.7442612093027816,0.13430559871136655,1.8475466762040536,-1.6661079960419862,1.867160408081516,-1.2267427009321739,-0.5653302779442734,6.073034353198117,-2.325524093416748,-9.262957446333726,7.549433213965997,1.6439819171671235,1.4052567622829382,-2.1521477127811015,2.214080926342034,1.311860458338511,-1.5557532611149634,0.16795514709519302,-2.6722055829354856,3.4124073254751877,-0.6235423194105854,-1.3620569525906523,-13.035501427357936,18.70121372346056,-10.42620291011012,-0.7565430629038734,0.6461970543614985,-0.28670788546598114,0.49373628910757633,1.6929718004658445,5.545356527273788,1.9509006926508048,0.881391710664688,-10.027721333693147,-4.857537594640121,-1.0760638686659232,0.474032753346878,3.162897508651738,-3.823761463867354,2.497771351213025,-2.0786602991443868,2.129614803534888,-0.32026171272611303,0.15536111998675686,0.10724281249187266,0.015972840023138632,-0.38444980513915095,0.891442041935974,-0.5672651725163818,2.6407849568936346,-0.5938657434044927,0.7464298281331054,-0.4694151197962461,-0.6786228396293454,-0.045268489946450524,0.8014515442180652,-0.6855181812900011,0.2931548408524632,0.015221466942144896,-0.13297317150692223,0.9461335446048776,2.1938225276284133,-4.890280434242781,-2.7518606601488895,2.6709800900618537,-2.655093418914718,2.8216729185284395,0.7867566453637193,2.106891849218256,-0.0943329934264625,-0.9208069692650306,0.37022957063969225,0.1759229066190843,1.2377237698013417,-0.22594779667344045,-0.20940197198873645,1.7838357093034285,1.1948806695702134,1.2015754534864123,-0.4531077676537735,-0.48381517669531315,-0.23766088816700828,0.06350848948050915,-0.5470617856209579,0.6389038872493634,-0.5580413158896953,0.15950448597798841,-0.2881601417655534,-0.048490894923352436,-0.05057714835222517,2.955094259005552,2.530949508869237,-7.976868253945257,4.210979099014204,-4.3467040082440604,-0.34551370235717654,0.3736486569531518,0.8561906542841986,-0.17429515281682365,0.18894058364216104,0.06144013555239168,0.12446081960685573,0.4446820981320401,-0.38246853906890416,-0.2684078295636536,2.9359447048612712,-2.6539485719912546,0.6052455065066438,-0.6014788909875823,-0.35852273372390236,0.3849184257601168,0.15779312530186224,-0.2748594223828663,-0.8478874083214879,1.2819688473724813,-0.0011674511227800742,-0.2960871625973079,0.36266714920290066,-0.3817092668493111,1.6754132784703955,18.22478474647829,-8.210055532873925,6.963037994346954,-3.9053303137917545,3.668766788664259,-3.4596492212928696,0.9097861716907175,-0.035596393764869026,-0.8711276074177268,0.5248099008509127,-0.5241006918685268,0.5509403115735974,-0.5099743956191911,-1.3746102263334237,1.068910384042873,-3.501044184385407,1.3596956672054223,-0.4587898425205216,-0.08376326547035211,0.27421848867188137,1.1615653886530952,0.26168942198340267,-1.0059029202251373,1.0024860863306657,-0.44703962602526787,-0.1329704990215108,0.16881146820988013,-1.1503199638388935,-8.646342513094769,13.914843129203215,-6.49386623364424,4.098849533894386,-4.984064421260088,1.4914211429808135,-0.44366782640875363,0.3713095256996889,-0.8513458403951819,0.4775212450494064,0.20196919496017,0.2779963776490137,0.1861982379863336,-1.042597285463857,-0.10564729950582007,-1.8070142493012198,-0.35521400234955597,1.4225424971078542,-0.6964521901727814,-0.2892007019066934,0.010314181187272745,-0.21244240921987215,1.2722158224682727,0.5257921846891783,-0.5282119324436989,-0.248133729339571,-0.2627376244593807,-0.15200410833852213,1.190130052637385,-0.33662196169250763,18.370533166973587,-7.6446309005598705,7.638055766156492,-3.47267241244224,-1.1903529078298731,0.4594038060869983,-0.09315229989334561,0.7708223063109801,-0.5550659784919844,-0.36527974263882707,0.7994931959019727,0.19561460282884943,0.30406617115453577,0.683773837115,-0.507464675151642,-4.507740033929746,2.4891393801406823,0.03601884873252346,0.2556667295263625,-0.9405750913415787,0.9490259001706136,0.08265763483663378,-2.513590514249543,0.8195966800513137,-0.6102040126658569,0.06462096543584597,0.48283919849970974,0.35810611965546857,-3.346737253710599,17.61592707460882,-7.754962447740055,2.42082568890184,-3.004237030338066,1.1118414386683537,-0.5924020116439181,0.8788864822412945,-0.25497005664511374,-0.09278852084146705,0.19901965119306514,-0.6555136010079682,0.8950351937840036,-30.673264914833005,-23.649316275428475,-32.069013178124514,-25.591117281533162,-31.78808205935387,-25.32902213135742,-29.604904135609694,-11.883930369795378,8.397898496153589,-3.395848936706833,0.4589898262693408,0.5150580903182684,0.35957546880327973,2.1965156305049716,-3.1975623738544936,4.352834899174891,-2.2321227351360933,-4.123079953179005,9.577709821037462,8.550443378184307,-1.229207846554194,-0.20970429456497777,-7.283725795753991,-5.215987436221627,-25.99068557744781,2.8978114832575366,-0.29700821683952466,4.971955975126523,17.307439652528817,5.114489585312044,10.42934183069562,-8.666422825434589,-7.386871268663492,-18.296680091326717,-8.596635341716373,3.211367183140501,-2.8865785068110585,13.15709372776398,17.724647902095732,4.551959574561368,1.6240071999478187,18.783633858331783,9.744167352840165,-4.416294965011292,-0.715807294270538,1.4187023682733915,-6.654902636249616,8.720803388149275,-5.907178019147175,17.252566538446366,-12.592598388975853,18.67988655515455,-8.565648443119365,-0.8188089100748017,-13.087763773476388,-2.869999432616665,14.042082067386167,-2.0329461813705416,22.35393781881322,-22.94960787363246,4.576213154944415,-19.574435569962617,1.1138107502031116,-5.0623328854248,-2.5995216777605,3.4252917191778094,-12.045673096798001,11.828074602733354,-0.5332170329018654,-2.4175643261826134,11.360778478928928,0.5536415687629621,-20.64389153347603,2.5106231474710867,-23.79672389697247,2.7332700042751563,0.3856215631857559,0.4604522155505101,5.474992511758872,7.100388014545772,-2.6846091028263777,-10.064664908120715,8.131780523425302,-2.767080570974227,4.734327444187555,14.524942210095302,-1.4586907663330233,-9.292544334719624,3.3927012731145623,22.128284658311088,-11.020266527075812,4.108038167428856,6.109960972671783,-5.277486186709454,-7.461881033646153,14.421182513602298,15.685450997373616,-11.283142189929997,-0.6393100903722714,-10.923274119790692,-12.043387444574204,2.368169524317755,16.893777204669725,0.3833392618441748,-9.605361496763056,5.160732158268996,-13.820649830503353,-1.4969834646815223,9.643978825927359,-0.27269198257062066,-23.238532792540443,8.164621921621816,-3.511457791287106,7.042185707018354,14.669088312595315,0.3306473403021581,-14.070115590495835,-10.217082368574523,16.003769451441524,-10.089207678190268,3.7853335188825934,2.6545564157609536,-12.150830160991369,14.922710643439672,0.8097423660526629,14.64877708827763,-0.24567193370542623,12.853349529642385,-6.673619271626954,4.417611440731156,1.238560814783734,-1.0333937110861773,0.33139403912934706,3.096813062564621,11.115448771776656,-17.149150259450238,6.587168237928027,-1.57757279931556,-4.789597232898811,4.504376176525952,-1.5786979994393333,-7.4016962098867,4.051594613254702,-2.5169642417076217,-0.6515526578313983,3.822948287381788,-1.6528234465916996,1.5269171984667205,-7.679866319901341,8.60727890814833,3.8301490797787605,-1.8256358843857539,1.2087061098650607,-1.030555193099411,-1.3179330967943736,2.5646863451015514,21.44204259059795,-10.240888678856297,-0.053265020736330444,-0.058385238504476744,-1.5360599913236177,0.15023016089205313,-1.8833447179335232,10.203964904663744,-11.873075359513825,3.2844362026048644,-1.4313974386879786,-3.4077256038493875,-0.9337969216726216,4.439687715178277,-6.218544153539956,-1.3133701906848096,-0.09609653370617083,1.9885039011605365,1.3531409171702196,0.5563493255108789,1.3079944553740595,-5.578315834718912,1.1129818752576108,7.980033119735408,-2.5078426314898277,-0.28659212660548666,6.130694503694838,-6.094101692540928,-23.086139403910355,9.754859996031838,-10.980904420470413,1.361082779634506,-0.11931218044653233,-1.6405636808857733,-0.9609420730177295,-10.87569465486289,8.817740306853187,-7.325845390707591,2.1356480044123827,-3.3689568801700656,-2.4282764116294335,0.5614537656605941,7.026715891924434,0.20063966515928092,-3.0030348718695206,0.21667585879134596,1.924979969163258,0.4370232397928283,-0.3345692104901921,0.5394306730185233,-9.88183931980687,-1.2092137235858453,8.549522692711832,-2.5303396107256417,-0.9890978368321236,2.5180033962915083,-5.931354239114636,-19.19206870638766,11.546096994336333,-7.583720822865357,-0.16501166361314218,-1.1102264641717612,-0.12895708331442426,2.061955092687095,1.3862513154547675,2.1385303313796125,1.808155796151839,1.7178554239220136,-1.2712120198813275,-3.000137193876476,-0.12085831849035386,1.6820233707119787,4.8306209652658145,-3.159445798419562,0.9185266171981293,-1.4959863107818607,1.9014295813645326,-1.1245208995601683,-0.04342764658130615,0.029691623898854314,0.21709057727889233,1.0052083197810806,-0.8077649725420238,-1.1701647293786004,-1.5950111554970672,4.316799531208079,0.03446728697924234,0.07963180171903586,0.945710462660542,0.39365504498363874,-0.14865006117089793,-1.857198600809408,1.9709807243554602,-1.40040219546527,0.7130648073110963,0.027197874518899982,1.466148225235135,-4.7497771681196745,0.8853747418496334,0.17362302271912505,-1.4678748033248903,3.388228789630357,0.13454783031600787,0.46847737630829484,-0.279341774171263,-1.1083720831429338,-0.4500688484885579,1.0550847768913523,0.05490189445798439,-0.11199702907280398,1.7210556066161764,5.83007131556505,0.49626962111107376,-5.954274345870372,5.708141599451856,-3.0354421721654576,0.7658689365217008,0.45671553081120625,0.37374296318199063,-0.5199953993080848,1.039718097900353,-0.5859187907578425,-2.429782438609433,1.0077157373945123,-0.521568812879175,5.655850170412544,22.730552422884266,-8.169658777681112,1.807677874255997,-3.938894091625166,1.0267746127427508,0.2545066437075542,-0.09461567283086997,-0.9448061830643075,1.3268404947903576,-0.5380587577232858,-0.01813254263681674,0.14705856499643422,0.5032282706746909,1.2697076632087914,8.890742335636617,1.0744746503493614,-3.6979113656134484,2.4117041915360473,-3.2406126328137996,0.21388436177945722,-0.3960540992668729,0.7139911609912937,0.2610554714442408,-0.2137077587222032,-1.5456899026265474,0.08129016560272433,0.34038556711570994,-0.21762725432623545,-2.4317145820554815,11.883485264747973,-4.466699297377563,1.980902413526415,-1.9256988699491828,1.3843307795855548,-1.0490358454579007,1.8837470949130184,-0.6339249178374331,-0.4556867326466883,0.6434678961424098,-0.2713502225647281,-0.00287662913957893,0.06205185221999353,0.6650226038419054,4.894657644586157,-2.059535715481739,1.9187402815024601,2.761204254526148,-3.893459783502987,0.4913907687700646,-0.5329009407645444,0.2370606906027083,0.5144948838597722,0.9006241874359547,-0.17641139098170966,-0.11564943503311198,0.24684276794828947,-0.23482548268318806,-20.38373182010282,-0.06673142909421131,-2.1648751532608355,0.12525712320005886,-5.283932459064734,-0.4665757931070674,0.6404554295590666,0.3170112482833668,-0.5435681124853594,0.3881718004260541,-1.0227942563317982,-0.15351848352183656,0.5429268778476175,-0.44451887165779647,-7.837101667625412,-0.05445616041522948,-1.8281654621452725,-1.4006227442691979,3.5006566565746216,-3.330428396610021,2.552832812843078,-0.6666960955898925,-0.32545585436830965,0.13176219152637392,0.4281177048652218,-0.9479609031135848,0.23934460178420536,0.49060923326740874,0.4469072523437962,-7.923940173605263,5.613185838798257,-2.852651070469788,-0.5304222029252232,-0.2578741244408622,-0.45366922716556096,-0.04814432439056411,0.7471735278692535,0.9802041410163551,-0.8587901419658364,0.29312168777872,-0.06336315523154593,0.029266108406375495,0.4386729121856694,-0.6237957057448339,-5.6138442569389175,2.392293899725511,-4.395250533514636,8.128952064233639,-4.226220201913883,1.936554944393161,-1.0147953840632822,0.4841328917341797,-0.4490914468582445,1.9132615032633302,-2.0631830872373187,-1.5611740962276237,1.2977086833868252,-0.007196402886297516,-16.17718614732714,2.896036152923529,-2.3685661934810693,1.471248298704209,-3.086405186143044,0.9530193051308692,0.1854115199643785,0.4471036018819824,0.4810898209103158,-0.4343722017234315,0.11546198263158795,-0.9541334040424442,0.32872670641911156,73.74211926189145,65.04718413785825,74.29852421688184,67.44150000227216,74.11111727819684,65.07922927718086,78.14550599782173,39.58960320918196,39.814881074290994,29.92541574764171,47.742913448819806,34.613275543147,40.18942066049664,39.0206050736421,41.26163602660608,42.394422662024944,34.36661210377041,47.94898326866679,29.947848826882968,30.93617284290569,1.194763134996427,-0.7718420034080672,6.760952173032979,2.2620897937795545,7.8403937515805735,1.1593297083977065,4.443725579666632,2.6430277464669447,1.7712082793524,-14.923382976913238,-0.5976072113190759,-14.806550657417626,11.499255295275288,-3.9393052706125897,16.2374991572065,1.104879510537352,-2.632969234305136,-17.939533337402455,6.4994712635078,-9.326598232821732,-1.7969047238957754,-19.13571459400883,-11.227263462790878,0.8347954870854789,-4.1361151002262355,3.4245018759515844,-0.8454922480471521,5.117117911353412,-4.695449048040479,-7.106909394828396,-0.20283657233333288,-15.50135802734749,13.70482685947044,2.475144526688358,14.308383233490265,-4.675811953538539,-3.6991426482510485,-12.182509165784415,-9.459162978822786,13.419672463700982,-4.779379719927476,13.546342239604042,-9.97202734546416,15.113914135555971,-5.31204577132441,3.2878646715671387,2.726596767332674,-1.1624205153299116,-7.089660456504498,6.233264666790214,-13.395298954352429,-0.3763884708491481,23.47742097486209,-0.7935138752138328,23.629865163022206,2.905747445958592,2.2181363449873723,-1.936757443442068,-4.511826870233242,8.040291294649267,-2.2415093550297125,4.246781476735839,1.7238740196288274,-0.43444604225845296,-3.8815722875289356,-3.512175972706096,6.265235517045865,-5.138499107366846,-1.9050057989242892,-19.517133018590474,1.9234425680713918,-2.2376740229020253,1.5664250381269986,-0.979773935115245,-6.365673972400043,-9.92494936606356,-16.96239786119342,2.6050317320460894,0.3055581611669813,3.602567757039645,-5.892288443456646,-0.07317185631755527,-6.857197451205743,-5.225667834207217,5.696220669852844,3.9748554029777927,5.375131670235589,-3.472991314690603,7.533040756552999,4.835220686691286,21.979170525154647,5.1277505075784955,2.8948809675368192,-4.884795714424676,-3.1605730214206793,5.9704572490433865,-3.8932754865508117,12.766213315407802,-14.283528824423382,-0.003517585462991288,-0.3322720115019018,4.407635310223373,8.650224683872855,-12.459889287620516,-1.3925764637468696,-22.743178569034878,-7.99062038281532,-20.661619480821958,10.474262163303745,-1.5114063681821939,2.904688492944639,-0.5590082159743599,0.8515081628082114,-2.5356326702470606,-10.14590043592129,4.668956358527654,-0.45798818180835066,0.0751665208009509,-0.3015351851005059,0.8407048013520472,3.149163396163705,13.998130143527574,-2.430231126994718,0.5610588376430506,-3.829906246283568,2.924869876206141,-2.837778604119203,-0.21374562479736925,6.22586522648936,0.07223472057379836,-1.9324401006954492,0.29089572140276204,-0.5480230103407076,2.9949311935250296,-1.2162795946386324,-11.375074336599448,-30.080354019216827,11.44916017343061,-9.041983840500603,2.890173578206114,-1.9641974490600096,1.5001515878092875,3.0040549623210597,-2.1740275289445794,1.7151730260333162,1.414066594644649,-1.836372319402354,1.554227999375943,-0.7227182086163123,-4.4454711558301385,14.515669759715001,7.889404903214616,-0.7021417880253902,0.5242460230410704,0.959870288091373,-0.5334680016582819,-2.0148082445218307,0.7377719859744124,3.370509744468857,-1.9093390576899145,0.5733533897561965,-2.3203098261132045,1.6005882028611316,5.046840334214349,24.619473284136983,-19.561688326713913,4.994590268357054,-3.8641054884293107,2.322686614131907,-1.49631099277593,3.037511819600329,11.553310477115508,4.271829289060965,-1.5420201582836908,0.910632353558762,-2.1277896605212394,1.5476819632603733,-0.9568846538558419,-6.5827411572751195,9.023787845463792,9.053525553868841,-0.09157312456246902,1.1849907447008259,0.5399338216510394,-0.710669758027442,-0.7777142740063606,3.182695572809321,-0.8877233373142746,-2.466979455226436,1.662528151411231,-2.72841856548791,2.184252434131797,3.2146266107435664,16.541132761092815,-19.404263477188245,6.458515092242694,-6.220188000817111,2.8644240606233105,-0.9360998579328287,-0.2780467144158872,2.5291314450045315,0.39056552104537784,-4.1496985307769165,-2.3624181824015573,9.930810703176183,5.797609426092249,3.4554266078474445,-0.490576382275649,0.49217846696588974,-3.006253303007183,1.1891726281778794,-2.392262242749466,1.1345162223064016,-0.47653878985333037,0.5980680187366534,-0.17916164242045235,-0.11823359475042329,-0.7679779556532825,0.4598970149145479,2.524392050447879,-5.2969494611044095,0.8515349300430052,-0.9243616851200126,0.6278673652916051,0.6171348138618811,0.32455937879279606,0.9058964043456583,0.4346857432036925,-0.5170755702322328,0.1205973761188176,-0.11787646657114595,0.8491296972553368,0.8468407109868534,7.705523738051454,-0.008400636348946174,-0.17728485280401354,-0.8358878887376565,4.549932831852415,0.5877310199620841,1.9145603558276072,-0.7517388718988579,-0.03338030615463196,-0.3425849229327251,-0.13601495163398974,-0.5804861613814368,0.15925296260034363,-1.458377295099815,-5.974763994746975,-2.8395119011890326,-5.422989808982307,0.08778488491027346,0.2508617338670896,-0.07926251204923286,0.1373017527220205,0.5490054946101264,-0.3099221930536756,0.2904158548913176,-0.7143017627442725,0.006538379183629563,-0.08861157389649543,-0.2785625286481414,-6.809313720011282,-15.335901478453682,12.152738012702327,-4.159648885939971,-1.8269178967128061,1.9650518541526358,0.1415305858689703,0.21767760266915429,-0.42360355272870276,0.5447848057884704,-0.01984808250951632,0.1736229938412063,-0.3116747334039533,-0.47913816088592076,-0.9406137183450886,-8.389691095574268,4.481437192259917,-5.890045198259037,1.0384624713776314,-0.4847315910435361,-0.5380665799646411,-0.40484186877865924,0.5127718793224931,-0.028540826807250383,1.22428544485684,-0.1426433136814042,-0.15973774567240934,0.4069165599387697,-0.5721078598861561,2.3067975645217973,-23.68086083101507,7.153699452105277,-4.7401880400002945,0.5615851128343521,3.3729359967340136,-2.812527188313196,1.489953426843188,-0.13282117713998254,-0.4910926188248009,0.42848147256862834,-0.051446341605434306,-0.07514739473892203,-0.029967727572064826,-0.07504990317634185,-5.532370814409216,5.600853732794789,-2.5492444116398283,1.9778482856153676,0.647694385862739,-0.8279333966718553,-0.8311046058577619,0.11956301073517026,-0.3342979885696618,0.5059113374999246,-0.12659001560114283,-0.04871068467217687,0.0762986893033125,-2.0385583455159684,22.800486739514948,-11.735300774428715,4.9153055322946715,-4.464436286638889,0.5326713635311023,2.416500922223265,-0.3614872751767457,0.8501302680107934,-0.009592774261361056,0.7401767750999075,0.2507789807267062,0.8845964546105249,-0.6871241235791916,0.5552672278755268,7.478936884642235,-1.4683251270833861,-0.4232411736438552,-3.305908615493195,0.8851044040800697,0.6740726503905216,-0.27108131707103267,0.21976653658275216,-0.9013126883069387,-0.5024125182830523,-0.15617945259825639,-0.21943118636718825,-0.20624187908068006,0.13022394897599415,0.9463639686183832,8.406431675469548,-20.71420834244974,5.176779922761261,-6.4634242647442885,0.4225171246432731,-0.8728907054993759,0.9139185669249759,0.010028372032683062,-0.024978991087484796,-0.21668352890674253,-0.8405604461312547,0.4450005105493382,-0.11696575670629615,-0.6620370403143501,0.2947477571515095,5.1378568359493,4.194411121465009,-6.571388195169421,-3.8165982724281813,1.5052384942994423,0.6939127131829342,-1.213450699285131,-0.023600319707186825,-1.5235088833592891,0.2586974899579469,-0.2569252914163763,0.1204630372590362,0.5421886240231059,0.022369495649382783,17.0469059701197,-18.48525159949282,7.66155016447359,-0.8260826707705915,-1.6271290423797424,2.5050247098719094,-0.45058944518204097,0.2740364220515361,-0.08978158912426554,-0.011967527013832718,-0.08564238036463538,-0.034783784356608054,0.47405925536632726
50,-3.5638064301307053,-8.111131688487582,-5.8139451363893855,-5.09978763237163,-5.663626735997398,-7.922870416980724,-4.190823375870466,-0.7167763206050273,1.092864359942013,-4.209602305542169,4.483450458387024,-3.853351815573337,5.271645728030329,-5.137060600159423,6.129244526222096,-4.746663671215153,3.047606345611557,-4.874944028154084,9.85181699347213,14.455946627010693,0.4285440599790055,2.129683677180134,2.3411306122585325,-5.622941462211784,-12.826601021203473,2.2518967856275793,-11.258482185230253,7.330783470150128,-4.039551170150509,7.079741279287564,7.938887032651593,3.494165000403523,5.074214563247998,-7.793615158320497,1.2024304408652686,-5.200909502018446,4.339373193872466,2.694993030182059,3.194605056823326,-3.132392738741035,-0.7390717903600751,-9.569916095720695,-4.753035519095111,-5.487097498851805,-3.957572893970142,-4.713351314954647,11.843541929154098,9.673847278778787,1.7698647214140493,2.910473272402832,-13.062363954326798,1.9708540252403077,-5.781947474310069,5.506830565139777,-8.504032504545048,-1.2913724118875003,-2.6668574205108633,11.777133282221971,9.429481631799767,0.5978053566692807,-0.03230535679552413,-15.94614690794715,3.496558051436345,-7.043181418328299,1.4549044750815736,-11.971097755119793,1.2652610150156531,0.13511657668425753,12.028137793771771,-1.7899747739502034,6.766970603696797,-0.8883610255545695,5.421344402060445,-5.485327515325072,6.641507151657151,-4.697714730294945,0.8771133675217215,-1.397586026983851,1.201057997683232,-9.073256052168448,10.103330619528014,7.557465612006645,-1.9258830889129346,-1.8621177324046494,-1.2638374321459325,-3.3111405642599436,1.4231440275500478,17.50113052587362,-6.645864675405612,3.3987193631715966,-1.7340978641959686,0.8405090542263105,-2.6327882142197083,7.197961697037352,-6.223842516744614,-14.138192221850987,6.627610959121405,-4.374895724415095,3.1879141103142823,-3.7362562295952504,2.7146953325459915,-13.223347552932898,-1.8773069008246446,5.353603176661019,-0.48575669482407047,-1.6663454724101108,2.215541658343063,-3.7314992909052873,3.897990239979773,18.19018484057891,1.5611968562271286,1.4516729556924344,-0.964295962175941,2.1857087248599965,-2.293046014003249,7.234655629310883,-8.428300244563882,-13.31628904187522,6.01609599758107,-2.546302723398486,0.6288713621710522,-0.28479965583611117,0.04579785336822331,11.344094386328809,-0.2968558048288263,1.2084751362986204,3.335150741381119,-1.4611440613343274,1.2973136331837034,-0.5249655109338089,0.0022045455091697468,-1.8777880816886063,-2.1557883541282186,-0.2769357227104107,0.952208180667078,-0.47771583448601435,-0.3679250578851215,1.1611760319916042,1.081608065811725,-11.293037777656043,4.483263089451295,-1.9418715119315042,-0.03303619780982021,0.1541725002347787,0.019511793857224867,-0.19184787998555777,4.008406710239721,5.1280595814021614,-2.5923687095916574,0.8960138712460892,0.6976480407183046,-3.389635466073921,1.9194954830425792,10.40214102897593,-4.243573330484901,3.1716402975234033,-1.2509895293601647,1.0565547693748916,0.21147772321631833,-0.4365985256062043,-1.9001067074111953,-1.7687137514534688,-0.9495510889826614,0.3233649911453001,0.5743488421884297,1.3727543571550778,-1.449297412189416,-1.6017243238947683,-7.031727533125325,3.144746170863508,-0.5710316138487319,1.1616023634414239,-0.6266124582875736,1.0864147722203934,-0.839645670331411,1.5500526611987018,2.835527515040211,-2.200158912663307,0.10469812601478927,0.26390014945026713,-0.4039367648348083,1.9155455478700287,8.793222639682659,-9.856751487276993,6.112802487982967,-2.3532438369613757,-0.41676067982573106,-1.6361831362895243,0.31543549929523507,-0.8333216715290621,1.199315416055421,3.7144235865801813,-1.1229367085569717,0.053563873958696065,1.56054303474739,-3.2350511556039088,-4.002368723549581,-2.8113337751282867,3.921717917325721,-1.14655707761746,0.21915747071022862,0.07771038666856965,-0.45187105199494204,0.19914711867823914,-3.2224543112166693,-1.9437708729944585,-1.1278414499799205,0.9360253786562318,-1.0474869161374896,0.8129449762387608,-0.23755110240189986,-2.857894900259561,0.7436305548984146,1.6309277865822114,-2.0680862087577805,-0.59819363966743,2.237236733353115,-0.42654050121947473,0.1922735363979046,-0.10464854821176511,-2.1065308085709264,1.0449771782146584,0.4699971596678521,-0.9318280521646416,0.37655917851301135,-0.7718914519378531,0.33057632066350384,-0.08521759190600045,-0.07323912526623538,0.275984895043691,-0.03615546514975114,-0.23669837569332822,0.31683789127968576,0.8319631838644906,1.4311115914775123,-1.9680615893481321,3.337547024175154,-0.9244342870988044,0.5278598814994266,-0.17180034604378172,0.21778747860151335,-0.37367736520879535,0.06259453136272408,-1.3039536362476538,0.4043575141096028,-0.08770875455493049,0.33005400142585767,-0.1845907802202434,-6.620852532187421,1.437311691175892,2.122429259506044,-2.093840958125564,-0.7880238566678033,-0.3040730629227333,0.44969942371533744,0.3813317629419364,0.4907246499076714,0.1339872409149537,0.8690886537030045,0.21136506159049992,-0.0028255477433601975,-0.7131469831724847,-1.2987605121155348,1.3926335376805525,1.8747128853236814,2.6935941919110746,-1.1061713915995335,0.8880909340914439,-0.33643019196452656,0.33649184494072754,0.9148083009962692,-0.3540467176305173,0.5502101257457819,1.0869832856949928,-0.3770237195762037,-0.46759324352006604,-5.232265297226724,-9.995815654335866,2.7057959434896746,2.4845445530784906,-1.6095262894815427,-0.38678383810892625,0.16542511178550043,-0.3772079414142639,0.5344439710607495,-0.5069608562699889,-0.6073002782068125,0.31903506475938936,0.13903934591566158,-0.34080377128753214,0.06367301308846085,-0.8959509497272923,1.3996214896217845,-1.4918242268556456,0.9221853923058729,0.9585558239121518,-1.4357223632777452,0.6968356453090714,0.23512099106141407,-0.21562973450010994,-1.09338524595725,-0.4004545540044151,1.3061723065834128,0.20059019164280592,-0.41526051219468213,-4.770289177328845,-9.744219561487592,4.1768275989262476,-2.096764898117838,-0.5173303789780896,-0.5511827990901292,-0.06963144408764345,-0.396679198509712,-0.7943512726889208,0.7108222046675905,-0.7726296116647781,0.21605222564849874,0.0626393794080754,0.3511872943126764,-0.3912808277119526,0.437027399944108,1.0567208387898324,0.812153009319059,0.5697376062636608,-3.741511123714772,1.3844734891231971,-0.4029005767499547,0.26327822020501246,0.6679094538411955,-0.5295309049563491,-0.2576225051486804,-0.39752366552308394,0.5561187007393564,-0.12145704051242519,-1.4633438301375146,-3.0479475212129303,-0.40945631027301543,3.0639791737928266,-2.3403364306790344,-2.219990870953637,1.3386380989671052,-0.663345392303038,0.2773535627345417,-0.4631426263232693,0.3267607937008769,0.15933126526945263,0.027957340118605067,0.0602303379195438,0.4532463785623185,0.9608665572707011,-1.3353923178200937,1.0909104041412105,0.478246395190607,0.4759974827786544,-0.36527231738612553,0.33440666424257887,-0.308784422639297,0.2212653392192039,-0.58551834095081,-0.43641338545368197,-0.646530245192586,0.8639466930694952,-0.5458982511964692,0.12173305910274819,11.285725859149457,-0.46941445780591273,-0.9951185869011938,-0.4681439593711821,2.298967485300334,0.2209105872313482,-0.04306128506670852,0.4435622326335567,-0.6961418317062635,0.14455163992391218,-0.38391978049849657,0.24836242259464014,0.3005536611711072,-0.15591644842312835,0.6619868554618298,0.4267945239952277,-0.26301430596759423,-0.5983062591418864,1.4858783717232356,-0.8238636856701496,0.045640377997424444,0.017810934950461484,0.3186248432106708,-0.8135168057687133,-0.9545448527708991,-0.8419846031256663,0.05642128191468406,0.26802701596811673,-0.1878242085027619,0.6051364701255114,7.892095523845003,-2.8121235101032385,-0.11832193308387155,-1.0598562729802816,-1.9535917760294905,1.0963384087248662,-0.25253149151529014,-0.027390536869356403,-0.5669645123764824,-0.16324666593503384,0.24901685228987847,0.002481415692442336,-0.03845307365151017,-0.03937295033883119,0.06238595141111198,-0.2946020017804683,11.362171187907904,11.14383758901807,12.304533407982223,10.535767313599933,12.166821893720357,10.885227129600027,13.376005140534337,1.3246023955827126,-1.2706521083687865,0.58972523693038,-1.0479493596518754,0.788548040027504,0.00046846012294732287,0.3009215445943921,-2.8279019397033895,2.3976960430690077,-1.3911659850020393,2.422296034740032,4.229485636966875,2.4868747288455357,0.03650030516553571,-1.4132817110239293,0.16253520461797583,1.7664268957282947,3.592436691177088,3.1792554154551533,9.795710615036764,3.655092926859723,5.9016639644103375,-2.695793181683116,-4.909473150868949,-4.959308920432433,-4.677912121816946,-5.592685305809585,-3.682203829169007,3.0993599946742365,-2.7122838224432324,4.351885130121464,6.811444050100196,3.215016824723544,-0.22421174298934654,-0.5966941849431756,-1.1692117808177744,1.314192804287313,-3.6087729158251873,-8.610097779083514,-24.096975255031307,3.519667262393621,2.8981672823536,12.927656262471672,4.840601262513891,-4.461971406477755,-0.3783931965715458,-5.643357924427232,10.629616456793396,-5.440143317687529,-5.632841303570437,-26.124359460201685,0.5714885768183953,5.7158609195173975,14.587459650413486,5.130849914113055,-3.4414609623626866,1.2244274253007779,2.9525982252656138,13.860721622028466,-2.766531148373308,0.2664999806181237,-12.65498603234953,-3.7521559799238298,2.8005247341712796,0.5173080015159438,5.368813862626499,2.8836468615241913,1.415468558624703,2.247844911705846,-0.7050190857013479,2.820350251074614,5.039093956437085,6.9078564758627135,6.953468278428205,-0.027158145778012836,2.369551133576642,-2.912507753134249,-1.0145111404589855,-6.915602076994125,-1.898643835951881,-21.281282604447053,11.029787896439462,-3.292706646734102,0.9994966920174055,2.433361205955976,-9.057981609983683,1.6698202756662825,-14.611837279135464,9.991659188437024,-10.607263397414412,3.3994298729799888,-0.5094203048291789,0.5284931058771235,6.711904521798272,8.499342733378349,12.459137332840434,-3.6500115190238986,4.653598935478848,-2.0622599643034607,0.4626956692082696,-5.602261906597048,-0.5860968014492413,-11.36223502410254,6.078097533627347,-2.0237220793689183,0.9204058809800618,2.4114093470215043,-5.227958845639219,4.2360537501147295,-1.2972317288219368,10.414840569416706,-10.034736736247073,4.308882558006185,-0.8158800211071289,-0.9867509162598118,4.258061779075323,-5.539285506453216,1.090259096251438,0.6754021698878452,8.471749376921824,-2.4224671401656077,2.193740430879049,-0.8374764761463631,2.6671821732447145,1.7571292699698988,-1.5908283701910493,0.7163692151907772,-1.279337700899668,1.2964683454119519,0.34647517681583323,-1.0128608809609343,-18.509652457335704,12.10608267343743,-10.943570762224825,1.2811130390902334,0.10618740546258527,0.06155334473368789,-1.1643511504925534,-2.7442612093027816,0.13430559871136655,1.8475466762040536,-1.6661079960419862,1.867160408081516,-1.2267427009321739,-0.5653302779442734,6.073034353198117,-2.325524093416748,-9.262957446333726,7.549433213965997,1.6439819171671235,1.4052567622829382,-2.1521477127811015,2.214080926342034,1.311860458338511,-1.5557532611149634,0.16795514709519302,-2.6722055829354856,3.4124073254751877,-0.6235423194105854,-1.3620569525906523,-13.035501427357936,18.70121372346056,-10.42620291011012,-0.7652454371823656,0.40188360374307397,0.9607397139078739,-0.9397305256878994,-2.2945938120291998,2.2971921398351727,0.20390999101939,-0.47826811020197635,-0.4840707445681512,-1.3013686719163846,-0.5397322509573217,0.5116764241878129,-15.891309536211676,2.2264374287959177,5.724554561160599,-5.578808826288109,2.3976991071458618,0.4765109791224296,-0.42095068088421694,-4.182045739197253,-3.2076912627862635,0.34852406859900437,0.2568743289958394,1.6679369885080417,-3.3959409000895304,1.0046110834786328,7.374225445560949,19.113594611877932,-7.22909812092942,9.870495048873606,-1.6920140937415553,0.4130778180003577,-0.3941340592981006,1.7821687245570015,-1.282415820316311,-1.3450388462664256,0.6277199033293478,-2.6381241021105097,2.556373617425873,-1.6783337467967228,0.46412697871479947,2.022617603531236,13.87910509938461,-11.811792631154956,7.2343252630501995,0.36581660299913393,-0.9816308566773632,0.04550093432462873,0.17437345939169968,-0.28013257286676424,0.9575975351413515,-0.7671199983897025,1.8744738650348962,1.8566548927952173,-2.9887649655840502,0.8558177227246513,-0.035596393764869026,-0.8711276074177268,0.5248099008509127,-0.5241006918685268,0.5509403115735974,-0.5099743956191911,-1.3746102263334237,1.068910384042873,-3.501044184385407,1.3596956672054223,-0.4587898425205216,-0.08376326547035211,0.27421848867188137,1.1615653886530952,0.26168942198340267,-1.0059029202251373,1.0024860863306657,-0.44703962602526787,-0.1329704990215108,0.16881146820988013,-1.1503199638388935,-8.646342513094769,13.914843129203215,-6.49386623364424,4.098849533894386,-4.984064421260088,1.4914211429808135,-0.44366782640875363,0.3713095256996889,-0.8513458403951819,0.4775212450494064,0.20196919496017,0.2779963776490137,0.1861982379863336,-1.042597285463857,-0.10564729950582007,-1.8070142493012198,-0.35521400234955597,1.4225424971078542,-0.6964521901727814,-0.2892007019066934,0.010314181187272745,-0.21244240921987215,1.2722158224682727,0.5257921846891783,-0.5282119324436989,-0.248133729339571,-0.2627376244593807,-0.15200410833852213,1.190130052637385,-0.33662196169250763,18.370533166973587,-7.6446309005598705,7.638055766156492,-3.47267241244224,-1.1903529078298731,0.4594038060869983,-0.09315229989334561,0.7708223063109801,-0.5550659784919844,-0.36527974263882707,0.7994931959019727,0.19561460282884943,0.30406617115453577,0.683773837115,-0.507464675151642,-4.507740033929746,2.4891393801406823,0.03601884873252346,0.2556667295263625,-0.9405750913415787,0.9490259001706136,0.08265763483663378,-2.513590514249543,0.8195966800513137,-0.6102040126658569,0.06462096543584597,0.48283919849970974,0.35810611965546857,-3.346737253710599,17.61592707460882,-7.754962447740055,2.42082568890184,-3.004237030338066,1.1118414386683537,-0.5924020116439181,0.8788864822412945,-0.25497005664511374,0.08631341007363692,-0.5889527422172413,-0.3803486655995602,-0.009539933686726012,-0.08245693699628939,0.017801351695478928,0.9783376435525232,-2.039141256537202,1.2442250505883514,0.09807116380056943,-0.19564246996371465,0.7677949922912478,-0.8565256619251042,-0.5403407447301434,1.5600845501595078,-0.9408673745949324,-1.243649666100592,0.7091853703798687,-0.2936343413556849,-0.5599419860005913,4.0264340614654035,19.06981636836257,0.059219266050047376,0.5842365108602343,-3.0924593635718725,4.9706104189752125,-2.9514058112426262,2.844461579027818,-1.545042760354903,0.04787343715869959,0.5567688627000363,-0.1494529424251355,-0.05284582673686879,0.7137963164512228,0.13283356429911236,0.8788864889284651,-0.3752043965050638,1.2142703374589878,-0.27621061660766,0.3694489498657922,-0.33463514169742953,0.03857058433870322,-0.0876896291536438,-0.019597566439787977,-0.44367072600734514,0.8750456751704059,0.15310088168742697,0.0082304504007754,0.22503649741319426,-2.3025018336757768,-16.79333118163646,-1.8340860019106713,-3.121207374540981,1.2600541395295877,2.7850958388063294,-4.11219642785982,2.0552298618859437,-0.9448378231127179,0.5903993498059925,-0.18296135780013204,0.4309868175938528,-0.26312621005222714,1.0667465797844295,-0.04527924554942289,0.19387614638490852,-0.807463617295505,-3.8583017015462184,2.4769049119826727,-2.2413503470756266,-0.25600015122894515,-0.266474497451566,-0.47684730002610454,1.5712247654481482,-0.04281122679248451,0.44397051847891744,-0.8321135828405509,0.07712991948971622,0.04029615172202114,0.13527055646208713,-0.8102874242430687,-4.344776837409419,-0.23914281026403653,-0.9746318670517901,-2.362544691462125,5.422579419438943,-1.6316179342300479,2.182889527410591,-0.8201359182776836,-0.057488813762853044,-0.06927266841565634,0.3361653091351825,-0.5950560098517084,0.21118342222987907,0.3709060709087453,-0.43536215033027686,0.3853115821664531,17.277414471837588,19.59068002895206,18.978983579607252,18.265903194137437,19.401635559795913,18.673335042792228,20.292741588086226,1.7172131133631243,-0.12238328398248699,1.063250581890923,-0.04596939801638822,-1.1171403250718743,-4.326604499424925,3.1754842379307706,-6.304859892791447,7.992880031311595,-3.8603934870307457,3.688420251283886,-0.8777758564579671,-3.891793796304314,-0.15082660384739693,-1.0404775515652775,-0.4287200383439075,10.046343360740993,20.747910135988956,10.50417982051266,13.127080880795136,-5.4955680935795135,-1.7939249558847903,-17.191696163202593,-12.624456012497303,-13.116775676326808,-1.3892295935908159,2.541452680036631,-0.3614498951784617,5.151037279200877,-5.112711776426359,-1.4968025017559372,1.1261095963558745,0.2675215363469053,0.20834415575148818,3.301882007369117,1.490406029644324,2.748679010946825,-10.74494266198769,1.1645200687146546,-18.757953740301804,3.0007541175930266,13.506660071274897,1.0427025433910395,17.979755512558818,-8.929843923509054,16.462353014108004,-13.322665884331562,15.248927641988008,-7.430035245071355,0.9435136361172952,-17.225494554943207,1.1170325075383754,9.380939451322101,-3.6226247157058045,14.230147043480569,-11.817841583590019,13.366607394963603,-6.795385667208743,9.321207344595388,-7.714170534383056,7.5277797779312685,-8.931702437979464,4.213779455032894,-10.204927828081985,0.41523675396548126,-0.8887866667584835,2.4502785683183235,-2.9208665053924685,-3.257179712327237,-10.539663656827484,-12.032252520277359,2.368169524317755,16.893777204669725,0.3833392618441748,-9.605361496763056,5.160732158268996,-13.820649830503353,-1.4969834646815223,9.643978825927359,-0.27269198257062066,-23.238532792540443,8.164621921621816,-3.511457791287106,7.042185707018354,14.669088312595315,0.3306473403021581,-14.070115590495835,-10.217119821314395,16.05961537393989,-9.055323569282473,5.410467839627891,7.597720504083782,-4.7788543621229245,-5.156965386960416,17.889490961857366,12.699422530559033,-11.009815009210973,3.867181374913277,-13.504909626004327,-9.711260257482639,11.709111912495993,0.393895426825933,-16.13916783010481,0.30455595937429625,2.355102263969856,7.329276014230326,20.118297206001582,0.07914603188549683,-6.4274549082708825,5.0809540855978925,20.87224095807727,-9.909567694196525,-0.8617018157240206,1.2901603867431948,1.6611059951625768,3.7884430948735046,-19.514564913657377,0.41188679835248443,0.3889504911408717,1.4041336383336958,0.8888801856814766,1.7025478792133908,0.5288222625670387,1.3079944553740595,-5.578315834718912,1.1129818752576108,7.980033119735408,-2.5078426314898277,-0.28659212660548666,6.130694503694838,-6.094101692540928,-23.086139403910355,9.754859996031838,-10.980904420470413,1.361082779634506,-0.11931218044653233,-1.6405636808857733,-0.9609420730177295,-10.87569465486289,8.817740306853187,-7.325845390707591,2.1356480044123827,-3.3689568801700656,-2.4282764116294335,0.5614537656605941,7.026715891924434,0.20063966515928092,-3.0030348718695206,0.21667585879134596,1.924979969163258,0.4370232397928283,-0.3345692104901921,0.5394306730185233,-9.88183931980687,-1.2092137235858453,8.549522692711832,-2.5303396107256417,-0.9890978368321236,2.5180033962915083,-5.931354239114636,-19.19206870638766,11.546096994336333,-7.583720822865357,-0.17285159265603162,-1.2011600954159734,-2.1770129257914768,1.136663983930078,-1.6470861032594402,13.830462486175106,-7.3345549935941525,3.8100871225725257,-1.8693513871166203,-1.248272885886114,4.518173892053199,-0.5727580667649292,-16.2279128176897,5.6042247917257875,-3.5839636849863665,2.3955972533361174,0.5445219559949916,-3.7923469839629704,0.8653320463036464,-7.711739616008468,8.343290596143985,-4.951058953889788,0.6377207711847368,0.8301630751168533,-5.5305198930438255,-1.8247124121342921,3.652909836195992,4.98142961498631,-2.064732530756561,2.906924751399764,-1.2153610123221958,-0.48813081582170886,0.3056772236563318,-0.34389170456703544,-11.370026046277077,6.076792835941351,7.5214881085344105,-1.8577688929990421,1.1687224817309436,5.522927883961295,-3.299882392812679,2.026440542639635,5.4444992611732586,-3.9757034523036374,4.8328152682392185,0.04091794018057182,4.75359949005115,-0.6103077660911457,0.28063924485023767,0.006549014512305551,-6.064045954574414,1.2985636682671564,0.4095153937843915,0.6309424829853667,-0.7675220396003211,1.8391456165234106,-0.6339249178374331,-0.4556867326466883,0.6434678961424098,-0.2713502225647281,-0.00287662913957893,0.06205185221999353,0.6650226038419054,4.894657644586157,-2.059535715481739,1.9187402815024601,2.761204254526148,-3.893459783502987,0.4913907687700646,-0.5329009407645444,0.2370606906027083,0.5144948838597722,0.9006241874359547,-0.17641139098170966,-0.11564943503311198,0.24684276794828947,-0.23482548268318806,-20.38373182010282,-0.06673142909421131,-2.1648751532608355,0.12525712320005886,-5.283932459064734,-0.4665757931070674,0.6404554295590666,0.3170112482833668,-0.5435681124853594,0.3881718004260541,-1.0227942563317982,-0.15351848352183656,0.5429268778476175,-0.44451887165779647,-7.837101667625412,-0.05445616041522948,-1.8281654621452725,-1.4006227442691979,3.5006566565746216,-3.330428396610021,2.552832812843078,-0.6666960955898925,-0.32545585436830965,0.13176219152637392,0.4281177048652218,-0.9479609031135848,0.23934460178420536,0.49060923326740874,0.4469072523437962,-7.923940173605263,5.613185838798257,-2.852651070469788,-0.5304222029252232,-0.2578741244408622,-0.45366922716556096,-0.04814432439056411,0.7471735278692535,0.9802041410163551,-0.8587901419658364,0.29312168777872,-0.06336315523154593,0.029266108406375495,0.4386729121856694,-0.6237957057448339,-5.6138442569389175,2.392293899725511,-4.395250533514636,8.128952064233639,-4.226220201913883,1.936554944393161,-1.0147953840632822,0.4841328917341797,-0.4490914468582445,1.9132615032633302,-2.0631830872373187,-1.5611740962276237,1.2977086833868252,-0.007196402886297516,-16.17718614732714,2.896036152923529,-2.3685661934810693,1.471248298704209,-3.086405186143044,0.9530193051308692,0.1854115199643785,0.4471036018819824,0.4810898209103158,-0.14728529503287163,0.6838837937035185,-0.343977011027242,0.22220506810670737,0.4909544541062016,-0.25237287768208855,5.097287760615151,-0.9496224472472071,-2.5355900435459056,0.5795253609767914,-1.0294024516618578,-1.2721490694328195,0.728870964804729,0.16604858735278255,-0.6187298827649913,0.7822514747405779,3.9778181424876737,-1.828016462746676,0.7702401388659632,-0.3812429399727178,5.843482840419806,23.614792489061433,-4.728349091226734,0.6153360670901522,0.2910120086705921,7.427233137108298,-1.7275527884653856,1.2004157456274052,-0.7571907723581144,1.4751530578087084,-1.4843871569976186,0.7713655583402068,-0.18193560775933879,-0.057875994063173807,1.2399863796640322,-2.010559056284446,-0.7967809429780989,-1.9135262181655786,-5.799915936341346,4.313820174945147,-4.0073229326700925,1.1069791922208894,-0.2578816983130777,0.3553688083173962,0.10032624043788854,1.0413546659850408,-3.875158139613647,1.0107107783807554,0.14712862163264723,-1.2321017999385562,-8.394478505596581,1.088927757486147,-1.6950423672350727,2.271270977526665,-0.5117104186280267,-2.47513941273105,1.0072812677098852,-1.162349421057924,1.923102469884189,-1.3692413878909941,-0.041989978018720606,0.1978484582248309,-0.09542624610167404,-0.06474471228226779,1.2544019378479576,0.4464882673161246,-3.10334115106102,1.0232109396101128,1.5881635313331273,-3.3384388650646066,1.7577487899889772,-0.2830727853866934,0.14090946192907272,1.7281624570725058,0.11748558710306621,0.2097840890433016,0.001907643326983493,0.5807483512125762,-0.3202738163105815,0.5165580707669978,4.014709312754044,-0.17836919031062973,-0.8673972907473941,0.25555094503891485,5.672163372379318,-1.9851064305292883,0.989458481814731,-0.08094307026877288,-0.49139873914833565,-0.8780541755411527,1.5264445343540007,-0.017246181947991636,-0.186557246179016,-0.16691578140327545,-0.43820953519659783,-0.5744297604627622,29.08484989313665,31.67087812519272,30.13852737381097,29.60032610168416,29.84777092716764,31.454688005365433,29.355770864497405,30.877285658137147,46.97310045081657,37.23298023482938,39.044809248835364,44.05036147969952,34.26292922129289,43.909037377986984,36.08447088724751,42.36894704446159,32.30149014700708,43.694364537875686,20.90738388695083,18.862409636456093,-0.34922903352121615,-1.9686767113196606,-2.1070776989470694,0.20168990092409472,-3.5698919990374867,-13.736352062631033,-4.801675111920723,-18.58515067610719,8.970646546937463,-7.637523412899591,17.83385349183706,1.3402929979996927,10.033014742910666,7.493404228094785,3.2130257178921964,0.025613601656470433,1.300115483000129,-8.593981648193887,-4.753566471261752,-11.2570823406947,0.4202996786084297,6.695765106085504,2.7638813714126242,3.672154969625667,6.377819016879151,3.781100834509682,19.080119867538816,-11.143304913820806,1.9172740470049967,-7.206092605397786,-2.5739222521265637,0.011019015762651782,-8.718669633803547,7.39754490625912,-10.479762181057906,12.92613877610327,3.542244681937642,19.11266629288249,-6.487670582899904,0.2100720584501633,-3.973971601983856,-0.2693582335632855,0.34342099919573266,-9.191613090659178,-1.0204432425384347,-13.476442114749842,7.211272661700641,-4.316620336316637,11.008535242281715,3.508815319257896,5.555296201508751,0.8323447246397958,-1.8465887360761402,4.7469511259256185,-5.9746676742085425,2.765443293613571,3.3317164123114367,-5.925019981400509,-0.07317185631755527,-6.857197451205743,-5.225667834207217,5.696220669852844,3.9748554029777927,5.375131670235589,-3.472991314690603,7.533040756552999,4.835220686691286,21.979170525154647,5.1277505075784955,2.8948809675368192,-4.884795714424676,-3.1605730214206793,5.9704572490433865,-3.8932754865508117,12.765763620474377,-14.309806833536541,-0.17769167179897605,-2.9293900772984016,1.1333133859326388,1.0328231222950706,-5.506794226940994,-11.174796977561018,-15.773964174989993,6.285555192784537,3.6814065053687117,4.344103486441832,0.7333926680205959,8.952884978068454,0.9015888024400813,15.374272782032397,2.475721936760089,2.297800054436302,-4.985941721425487,-2.0800854363272556,4.459218458706675,-4.6526438462842705,-5.127880031821752,-12.182479697630777,-3.6354436866318665,0.9440777761065267,-0.7172379964191492,0.0010898184976408584,8.153522776191892,7.626137349508887,0.6502078638129686,-0.2322716841998825,1.9692465322964288,0.3946063238089288,0.9276145008669844,-0.5504042956894929,-2.0148082445218307,0.7377719859744124,3.370509744468857,-1.9093390576899145,0.5733533897561965,-2.3203098261132045,1.6005882028611316,5.046840334214349,24.619473284136983,-19.561688326713913,4.994590268357054,-3.8641054884293107,2.322686614131907,-1.49631099277593,3.037511819600329,11.553310477115508,4.271829289060965,-1.5420201582836908,0.910632353558762,-2.1277896605212394,1.5476819632603733,-0.9568846538558419,-6.5827411572751195,9.023787845463792,9.053525553868841,-0.09157312456246902,1.1849907447008259,0.5399338216510394,-0.710669758027442,-0.7777142740063606,3.182695572809321,-0.8877233373142746,-2.466979455226436,1.662528151411231,-2.72841856548791,2.184252434131797,3.2146266107435664,16.541132761092815,-19.404263477188245,6.458515092242694,-6.231639517503004,2.6131886821362658,-1.1054936437792813,0.5823357378826078,2.963667297812093,-3.0546292265117803,1.6324627380383578,-0.34890533225709014,-0.7214671447928859,-1.274356013331143,-0.16688538754961088,0.04852057215556992,23.08739823079851,-2.5606542581571032,2.1075561006687185,-3.473136565766421,1.7470135993332,-2.7369947976418194,1.4298067258669083,7.175559934508061,3.8964490890999124,-1.354971276943061,2.9003946624415797,-0.9810065947041696,0.952592310516408,-1.30347728368076,-14.388218529075317,-12.244604065573508,10.451953276655095,1.8521437460780954,-0.026963243262504405,-0.24002648359140283,-0.06889085741770673,-0.038731771673679714,7.889902273697201,3.821393557870678,-2.4705076373796078,1.7287410039391162,-2.076873367873978,1.1092818120013204,-0.5731178029452958,-8.852853852955782,-11.720585229157175,9.82721979602424,1.066310777853436,2.003930141875003,3.7730116299587437,-0.033696767676810783,0.17267829341142876,-0.8333580952241703,-4.654721377999331,0.3410047986260141,0.8638117100557106,3.014015291193053,-2.684486780648354,1.4669542684585968,-0.13282117713998254,-0.4910926188248009,0.42848147256862834,-0.051446341605434306,-0.07514739473892203,-0.029967727572064826,-0.07504990317634185,-5.532370814409216,5.600853732794789,-2.5492444116398283,1.9778482856153676,0.647694385862739,-0.8279333966718553,-0.8311046058577619,0.11956301073517026,-0.3342979885696618,0.5059113374999246,-0.12659001560114283,-0.04871068467217687,0.0762986893033125,-2.0385583455159684,22.800486739514948,-11.735300774428715,4.9153055322946715,-4.464436286638889,0.5326713635311023,2.416500922223265,-0.3614872751767457,0.8501302680107934,-0.009592774261361056,0.7401767750999075,0.2507789807267062,0.8845964546105249,-0.6871241235791916,0.5552672278755268,7.478936884642235,-1.4683251270833861,-0.4232411736438552,-3.305908615493195,0.8851044040800697,0.6740726503905216,-0.27108131707103267,0.21976653658275216,-0.9013126883069387,-0.5024125182830523,-0.15617945259825639,-0.21943118636718825,-0.20624187908068006,0.13022394897599415,0.9463639686183832,8.406431675469548,-20.71420834244974,5.176779922761261,-6.4634242647442885,0.4225171246432731,-0.8728907054993759,0.9139185669249759,0.010028372032683062,-0.024978991087484796,-0.21668352890674253,-0.8405604461312547,0.4450005105493382,-0.11696575670629615,-0.6620370403143501,0.2947477571515095,5.1378568359493,4.194411121465009,-6.571388195169421,-3.8165982724281813,1.5052384942994423,0.6939127131829342,-1.213450699285131,-0.023600319707186825,-1.5235088833592891,0.2586974899579469,-0.2569252914163763,0.1204630372590362,0.5421886240231059,0.022369495649382783,17.0469059701197,-18.48525159949282,7.66155016447359,-0.8260826707705915,-1.6271290423797424,2.5050247098719094,-0.45058944518204097,0.2740364220515361,-0.08978158912426554,0.2860359256756475,-0.4889351585006881,0.3319357230196525,-0.2744018473694994,-0.3961387673878218,0.3409059320328394,-5.729300623905266,6.424477780930041,-2.169736153315485,1.4206028397387198,-0.5478736321489819,-0.7002194865987048,0.5369221938630953,0.21307025255864634,-0.1908784713066313,-0.6031115197406433,-2.9664482850227105,0.7694594224627738,-0.17640018494627974,-0.5821695407335215,-9.219367816569395,-27.809817465844734,3.5209586215406867,0.9056764220635554,-0.29911840503557524,7.945982961381981,-3.3914146865172095,2.52859409344096,-0.3985646678948421,0.1271753136837783,-0.5741732048807204,0.8328123065474342,-0.19077131201130684,-0.15294243856182155,-1.1954434486702485,1.6004563694476448,0.985670591485307,-1.8438576775023918,-1.8228407394721027,-1.2812557864737035,1.6945394292321878,-0.7830024894673253,0.23505716005932817,0.12875059953136625,-0.06509119620586493,-0.012428073193422998,-0.2660923980448992,0.07422002155212121,0.3935410413027743,-0.4234638508922558,21.97130658447206,0.5817556069521772,3.856378830991473,-0.2694162375799156,-3.454019976835502,-2.886343862700407,1.8950409038653404,-1.120718179803934,0.6890226742995905,-0.1224299850661426,0.020885907072050736,-0.2333284814733588,-0.014635181279225274,0.005941056669020759,-1.0570228698977184,-0.627120885101184,5.550305218977496,-2.958552656609202,4.94660317741976,1.5464526887547483,0.12641270104649865,0.16101337309564714,-0.50709724470244,1.5390273210258385,1.100575961012745,-0.6161864612913425,0.29302757107681443,0.0037505415206376402,0.055370819203066114,-0.49180017542571713,2.2643879688951323,-0.14787776696853833,3.3432668728438357,-1.9576387757264524,4.876578890526352,-1.4168944941918578,2.0220059525540317,-0.6003325540012122,-0.7698819642820077,-0.8688985649389068,1.4018318585315315,-0.5684182144055194,0.07734536783804555,0.09840651191306173,-0.36209763490215396,-0.2878630787194035
51,12.255730434864928,14.123044373333082,13.158393302439707,12.971875921758063,13.31229171507601,12.72037546612787,17.2945437864636,-3.934513482308386,6.405420640304993,-5.311477148518565,4.205576408191441,-5.020007924351681,3.5737341930220596,-0.20818762368573318,3.565949760586166,-0.9914834274774875,-0.9026755143357625,3.0873856253182246,-8.100278305602892,-7.5773416794641,-0.1622170133911486,-0.6978846415061472,-0.9202508330300065,2.2437501730196043,-3.4324644704536054,6.3399773308319585,4.582432232666528,7.007741089202408,6.601139218610256,0.805224568290257,4.280226007248188,-3.7569067690311155,4.0674798458396735,-4.97088990194169,9.374131463298209,0.47507854475773864,-1.4462621172176573,-9.301551757828042,5.564513746448877,-2.8293833015552234,0.3172538856682579,3.808266994991461,2.0457910912345567,1.6639423643266484,0.8357534695827027,0.5503330000253502,-17.848649233028667,-0.3309661142088383,-5.667556663904388,14.54135202684184,4.194076413921522,-0.2066716769108429,4.693280372115245,4.199763035119352,10.47936071284364,0.32686368226158713,1.7906282132424058,-17.096124502141784,3.312810185303059,0.4673222746957875,2.982770438298676,-13.033673529623925,-3.986499314024951,2.9027508464812164,6.286637745775735,-8.175869856477723,-2.764406422427986,6.021803870481873,3.196596555694955,-5.37781110238005,-1.2512160724596435,0.3249468066231918,-2.508673023843164,2.0359646326785463,-2.275487588132839,2.5325561217384176,-3.6773379700019473,2.7322741228573895,-13.223347552932898,-1.8773069008246446,5.353603176661019,-0.48575669482407047,-1.6663454724101108,2.215541658343063,-3.7314992909052873,3.897990239979773,18.19018484057891,1.5611968562271286,1.4516729556924344,-0.964295962175941,2.1857087248599965,-2.293046014003249,7.234655629310883,-8.428300244563882,-13.315877867764218,6.058005534314338,-2.4921947968249794,-2.428148561934557,3.6952238226611387,-3.5662150801493007,-4.7631226565443425,18.1258101977423,2.6187605397981257,0.257809640117781,-1.6472494228706358,-0.15019169263794754,-4.6214464741387875,5.758871651762911,-8.969856797308577,-6.790835368105354,10.694520311761677,-6.721110481521999,1.0578917513253443,-1.1091928023300677,1.3573980012127784,0.8275142523011163,4.734198471632482,-1.8787779636573583,-2.6159650826006366,-3.9244403328360744,1.8094036817194636,2.0298640638066483,4.36442265447202,-0.7666718977695045,0.20259230848188678,0.521114270667644,-0.8710230144437578,1.099078256145917,-0.8576313845886904,1.5626214820238413,2.835527515040211,-2.200158912663307,0.10469812601478927,0.26390014945026713,-0.4039367648348083,1.9155455478700287,8.793222639682659,-9.856751487276993,6.112802487982967,-2.3532438369613757,-0.41676067982573106,-1.6361831362895243,0.31543549929523507,-0.8333216715290621,1.199315416055421,3.7144235865801813,-1.1229367085569717,0.053563873958696065,1.56054303474739,-3.2350511556039088,-4.002368723549581,-2.8113337751282867,3.921717917325721,-1.14655707761746,0.21915747071022862,0.07771038666856965,-0.45187105199494204,0.19914711867823914,-3.2224543112166693,-1.9437708729944585,-1.1278414499799205,0.9360253786562318,-1.0474869161374896,0.8129449762387608,-0.23755110240189986,-2.857894900259561,0.7436305548984146,1.6309277865822114,-2.0680862087577805,-0.59819363966743,2.250709257612752,-0.16630619286856269,-0.42650343450013417,-4.3914918763237205,-2.791090956530104,1.6161537422447112,-0.7572386811421427,-0.29922975604567986,-1.0132380606365043,-0.27527500146095585,-2.939774638399175,-2.8738823767417205,5.957141084966802,-2.7588741025030545,0.72787191494044,1.5492908993492205,-0.05900241120568604,0.126590146217478,1.8293331231253507,-2.018014946396141,3.7611222826460504,0.3243668603748942,0.3670585335646499,-0.6297211468003053,-1.744077350916231,2.8154300818114506,9.554582364759199,-3.93231524142579,4.222662820209712,-3.157013807119007,1.9130005993197146,-0.16661061910757494,0.11095359042730583,-0.1746339709466117,-0.4317296112769442,0.5016170474770042,-1.6162589406852936,-1.0099963241556105,1.3501804002784887,-0.4098077030782093,-1.3683062475319059,3.9968717508766223,-3.500645513431965,5.030808187877931,-4.928633125019229,1.303269479086569,-1.8731650045269328,4.446830491805734,-0.6188035367309377,-3.420400476338753,0.2978907675392493,1.5068998879362558,-0.14808745185702502,-0.5238326076088683,0.1379334076948616,0.07804500512123975,0.3511872943126764,-0.3912808277119526,0.437027399944108,1.0567208387898324,0.812153009319059,0.5697376062636608,-3.741511123714772,1.3844734891231971,-0.4029005767499547,0.26327822020501246,0.6679094538411955,-0.5295309049563491,-0.2576225051486804,-0.39752366552308394,0.5561187007393564,-0.12145704051242519,-1.4633438301375146,-3.0479475212129303,-0.40945631027301543,3.0639791737928266,-2.3403364306790344,-2.219990870953637,1.3386380989671052,-0.663345392303038,0.2773535627345417,-0.4631426263232693,0.3267607937008769,0.15933126526945263,0.027957340118605067,0.0602303379195438,0.4532463785623185,0.9608665572707011,-1.3353923178200937,1.0909104041412105,0.478246395190607,0.4759974827786544,-0.36527231738612553,0.33440666424257887,-0.308784422639297,0.2212653392192039,-0.58551834095081,-0.43641338545368197,-0.646530245192586,0.8639466930694952,-0.5458982511964692,0.12173305910274819,11.285725859149457,-0.46941445780591273,-0.9951185869011938,-0.4681439593711821,2.298967485300334,0.2209105872313482,-0.04306128506670852,0.4435622326335567,-0.6961418317062635,0.14455163992391218,-0.38391978049849657,0.24836242259464014,0.3005536611711072,-0.15591644842312835,0.6619868554618298,0.4267945239952277,-0.26301430596759423,-0.5983062591418864,1.4858783717232356,-0.8238636856701496,0.045640377997424444,0.017810934950461484,0.3186248432106708,-0.8135168057687133,-0.9545448527708991,-0.8419846031256663,0.05642128191468406,0.26802701596811673,-0.1878242085027619,0.6051364701255114,7.892095523845003,-2.8121235101032385,-0.11832193308387155,-1.0598562729802816,-1.9535917760294905,1.0963384087248662,-0.25253149151529014,-0.027390536869356403,-0.5669645123764824,-0.16324666593503384,0.24901685228987847,0.002481415692442336,-0.4017629432664144,0.305839424951634,0.25263984542705126,0.5282532990668137,-1.4630641352395461,1.0688647946354648,0.38036095493951266,0.3795717662334088,0.5530961940718022,-0.16726041093107055,-0.2311948395899424,0.7497559309537173,0.5242306944553126,-0.2817698444721498,0.2692910356983161,-0.18912246999347956,-0.3794491364431933,-0.31769587694254126,0.9943698055687469,-4.073665646382474,2.004230169057566,-1.535335768210392,-0.7101142062878115,0.7222011541320753,-0.8818603145573,-0.34428433800341324,0.613981269205543,-0.39065861017534703,0.4318205492052643,-0.3682035403932206,-0.02560018442776081,0.0864777663092119,0.23432567875833324,-0.4261541896135583,-0.011827184929134255,-0.4114104073889958,0.5083527151417886,-0.5854700749547617,0.41659005377551783,-0.29580681955390387,-0.4738431450772766,0.386198237023587,-0.10673157005409738,-0.9927586259857863,-0.1599133832651363,0.1631215721504437,-0.07831819529984857,-0.18456660261312666,-5.03893427957028,-8.232665373883448,2.5113480496233094,0.16971500528755243,-1.3416578535484482,0.9026674265757573,-0.3906311673183859,0.30485487222164936,-0.5383052727428355,-0.22668590693304183,-0.11539627379542029,-0.006601582526818975,-0.19957959110637097,0.057882179705214844,-0.23283624432260447,0.022479145059496674,0.37379516489067593,-0.5311593762174337,0.3725691009021904,-0.11361356142279266,0.5038473898612476,1.4823868927344168,-0.2970547930470346,0.20678931500716335,0.20898410060035408,-0.09173953020097651,0.669340527183005,0.30720539918169903,0.7788280809995157,-1.4598245425750749,-0.12118256926637785,-3.560147857086415,-0.07738535828539708,0.04982759982282267,2.644344722514491,0.9574297240425214,0.2859985811699885,-0.41181639486872645,-0.7250146511239683,-0.7687299267452944,1.296005614880247,-1.3660227759915258,0.8262899012951183,1.646809047034288,0.22985176240998195,-2.898105848002989,0.8759552376446352,0.6664923427036257,0.8512897151784272,2.016891321437526,1.5324177627040112,0.8966497473908833,1.416498140113871,2.23420074903134,0.37522590348082774,0.7672688130641808,-2.4515786739475756,1.221149816979005,-1.2336490362614692,3.4508823960145496,-0.011483083984315662,-1.6574657183939758,-1.2901508429000832,0.37460969922302256,-2.404753884615944,4.148655285452235,-21.128845639871507,-25.97750343451404,-0.13162087469144804,-1.0638274691420015,-0.794767038471969,2.611219125131907,9.152536811839004,3.330162159377616,0.5137218208323522,-5.773482215618582,-3.865166350478807,-9.843994356652033,-11.61738349857745,-6.490305076028366,-6.671073011340333,0.06327581497649368,6.834483442689759,6.710522305794585,-6.956372122748358,-9.265761064663968,4.546059307641617,6.701586970048628,0.1301329689407376,2.682611372001752,1.05109776490776,2.750877219282975,3.977690102729102,16.396205177452334,18.03327817480326,-8.58767555974729,-7.0080942265747295,-15.473628624892482,4.231985128490407,-1.797228453992665,2.6560346162986885,-14.081316491624388,-1.0830472017411035,6.081797886410285,17.56273575813019,17.792841029329114,-8.154169832129975,1.926562658602431,6.355649766410299,13.079616702426074,-4.105981146359007,-2.7488908060221715,-6.786948367513394,-0.4937682008202227,-8.540011476412195,11.538131141627106,-2.5106378481169513,8.27411547311436,2.775600018416392,0.3377676997121322,-0.4766914261850521,2.118609461432278,-1.280261223457841,0.765226610477437,0.29323044222851385,6.732470083142186,8.499342733378349,12.459137332840434,-3.6500115190238986,4.653598935478848,-2.0622599643034607,0.4626956692082696,-5.602261906597048,-0.5860968014492413,-11.36223502410254,6.078097533627347,-2.0237220793689183,0.9204058809800618,2.4114093470215043,-5.227958845639219,4.2360537501147295,-1.2972317288219368,10.41496996468744,-10.05308923260506,3.982918425676606,-3.9355629579653164,3.979164217161559,1.575319067850249,-0.6967393458405444,-15.691191427248578,2.761730264553028,0.6156373573217435,-0.29224248803974695,-0.23850092287028107,-2.2032626132185795,5.125892987913682,3.966273055285266,18.6978840447879,-0.6809889233287373,2.5618531780450327,-0.7116245323849126,-2.217499690117058,1.596036357474621,0.5725647828036037,-8.070664324178319,7.517829916892026,1.7448583300037288,-6.8095010083901775,3.085941476974617,3.272119747121601,-2.550476531387116,-6.4191229679056585,0.43010140158098126,0.6459941268299645,1.2350811644180217,-0.7656258036761078,-2.4407067709622647,2.324198610177971,0.20390999101939,-0.47826811020197635,-0.4840707445681512,-1.3013686719163846,-0.5397322509573217,0.5116764241878129,-15.891309536211676,2.2264374287959177,5.724554561160599,-5.578808826288109,2.3976991071458618,0.4765109791224296,-0.42095068088421694,-4.182045739197253,-3.2076912627862635,0.34852406859900437,0.2568743289958394,1.6679369885080417,-3.3959409000895304,1.0046110834786328,7.374225445560949,19.113594611877932,-7.22909812092942,9.870495048873606,-1.6920140937415553,0.4130778180003577,-0.3941340592981006,1.7821687245570015,-1.282415820316311,-1.3450388462664256,0.6277199033293478,-2.6381241021105097,2.556373617425873,-1.6783337467967228,0.46412697871479947,2.022617603531236,13.87910509938461,-11.811792631154956,7.2343252630501995,0.36581660299913393,-0.9727540163298364,0.17453946716381638,1.2282590690790949,0.07164654616672315,0.12302841476785077,1.020072159447329,-3.9625614607652517,1.1624485176338113,-1.72287904770945,0.9358043935673642,4.1352871790822165,18.60143574805717,-11.715922391328881,1.9182293207064853,2.634816639496001,-1.9399181723619434,-1.7350147516991543,1.7067862600548223,0.3479370761693153,-1.1862468031894786,0.0549859356544707,-2.2872823746142483,3.5650902937699263,-2.5097287762396743,0.42471160172404426,3.896191560450573,0.34047875737820155,-4.657025497067766,5.5877122350714155,-5.778356851068669,1.7524706832583847,1.2055383952651395,0.4930310389375649,-0.4426111669758709,0.8296703461883337,1.3762146914972162,0.7094415705822081,-0.6305697675514002,6.5979634566242815,-1.9825234869728028,-2.874134869246349,-5.477347148313469,-0.27302196816763,5.927358404814821,-5.955210078652875,3.5873342956662975,-0.442330851924217,0.1707047652847722,-0.06557233888352376,0.8526938283399597,-1.9875854447620955,-1.8327101556184229,0.2351752704557246,-0.6152124598185117,-0.4551176996076812,0.014406141127249713,-0.08245693699628939,0.017801351695478928,0.9783376435525232,-2.039141256537202,1.2442250505883514,0.09807116380056943,-0.19564246996371465,0.7677949922912478,-0.8565256619251042,-0.5403407447301434,1.5600845501595078,-0.9408673745949324,-1.243649666100592,0.7091853703798687,-0.2936343413556849,-0.5599419860005913,4.0264340614654035,19.06981636836257,0.059219266050047376,0.5842365108602343,-3.0924593635718725,4.9706104189752125,-2.9514058112426262,2.844461579027818,-1.545042760354903,0.04787343715869959,0.5567688627000363,-0.1494529424251355,-0.05284582673686879,0.7137963164512228,0.13283356429911236,0.8788864889284651,-0.3752043965050638,1.2142703374589878,-0.27621061660766,0.3694489498657922,-0.33463514169742953,0.03857058433870322,-0.0876896291536438,-0.019597566439787977,-0.44367072600734514,0.8750456751704059,0.15310088168742697,0.0082304504007754,0.22503649741319426,-2.3025018336757768,-16.79333118163646,-1.8340860019106713,-3.121207374540981,1.2600541395295877,2.7850958388063294,-4.11219642785982,2.0552298618859437,-0.9448378231127179,0.5903993498059925,-0.18296135780013204,0.4309868175938528,-0.26312621005222714,1.0667465797844295,-0.04527924554942289,0.19387614638490852,-0.807463617295505,-3.8583017015462184,2.4769049119826727,-2.2413503470756266,-0.25600015122894515,-0.266474497451566,-0.47684730002610454,1.5712247654481482,-0.04281122679248451,0.44397051847891744,-0.8321135828405509,0.07712991948971622,0.04029615172202114,0.13527055646208713,-0.8102874242430687,-4.344776837409419,-0.23914281026403653,-0.9746318670517901,-2.362544691462125,5.422579419438943,-1.6316179342300479,2.182889527410591,-0.8201359182776836,-0.057488813762853044,-0.06927266841565634,0.3361653091351825,-0.5950560098517084,-0.0883084012175037,-0.012781939035613168,-1.1703765663884396,-0.6033549449165383,-3.1513242380258717,1.9354451486946613,-1.86426194707583,-0.25219155260044473,-0.05050942829995206,-0.1554462125541912,-1.964330595539232,0.7410437103821953,-0.356301081093571,-0.2030532532560207,-0.06491905602459216,0.21709091144129505,-0.3279198263169818,2.505574522052902,7.470590745259901,9.212699403371195,-4.875685641244341,-0.5763468979996955,-1.7429996278080855,-0.8747013467915716,1.3575541531521738,-0.765526144613269,0.9302193207260497,0.6659102678270694,-0.7271959554542565,-1.1854608117161634,0.7795573001993862,-0.7002985756150608,0.29291118318576104,-0.13395061860899576,0.21288907956371805,0.0732449468689374,0.9031269533262645,-0.03577177331838209,0.7857034655501746,0.2151098635298524,-0.47708872144152903,-0.6706783517664233,-1.1694898082491663,0.08884663766119696,0.10144924045610913,-0.09569931997611797,0.4658789312555883,-0.1777488280430061,-2.7557981739396906,9.27951675920445,-4.744279486681455,1.8613011767650929,-4.377737819029875,6.359865652233306,-2.509072465683428,1.2418297471779134,0.3061643177184706,-0.6849368631121802,0.7491949463439026,-1.0903497341473982,0.9119183898699037,-0.002989809811115016,-0.1623766655948971,-0.011001239240711893,0.9378064905188369,-0.7721024294768961,0.14236036738848493,0.5566387214960548,0.24139912913072462,2.5441955793798696,0.0865538038167935,-0.18169257767651173,0.2893233558233698,-2.041096344683081,1.7781829932842355,-0.04976001975816004,0.8185502938248485,-1.1017377359349505,1.3050876513166085,-0.5677969019017457,-0.8625701087507619,0.9511386788353261,3.8892689357549237,-0.15254489158148174,-4.540155707077524,5.952065662213508,-1.1461458155346167,-2.6176638685729854,-3.2054640525496194,-1.6433413818286198,3.708935209178592,-6.760866847403143,0.9488101964186629,6.025091692992321,-3.7920221624478057,1.933770515861247,-13.836732718142919,-11.261028169775681,-12.565015779940547,-13.572786656254676,-13.1736984975995,-9.929423801976142,-17.683696129165337,-0.43401330864163135,-4.955848736809516,5.806331888690742,-2.7013668118727234,4.634812634374222,-4.198008343367146,-0.6959221241608011,-3.6854242201249354,2.2774896424679136,-3.8436486070570446,4.09943373678448,-19.53949596767228,-23.770092530219625,-0.16199602762045925,-1.1621957188290672,-1.3180799231074714,-0.5323751013209926,6.915955403447461,-8.149889953219638,-5.612834630896219,-18.223340873243423,-8.513515022029814,-12.353008119477378,-2.483835809313205,4.730418541943223,2.7954799897898672,9.573143035640346,8.944640078210105,6.160186712691058,-6.808867071555806,-13.189875272834861,-5.211806123569353,-4.193886912066002,0.47399848457278787,5.583686441060458,3.24390379268714,3.088518264053878,7.594584480669281,-0.39401456150876674,21.06400402437478,-18.857191478254663,8.509417596445479,-14.448144301508265,2.9008690180050185,-0.012072230706570992,-4.89188933191446,-0.49792489134002355,2.1380029726604755,9.38978645164661,2.1696592720921934,25.70158547475956,-19.661277335987347,9.262639799888456,-2.872301473871272,15.966221959863923,-18.56939693548718,-4.625390194250871,-16.04565300292511,-4.04688621523351,-9.067580707022714,13.083608579684832,1.5104174793026361,18.78295856201375,3.0097759299169096,0.4136437096522709,-4.269878323286878,2.5380528418557082,-1.2352898151023664,9.515089314044582,-4.937489813683237,-5.199092789349993,17.889490961857366,12.699422530559033,-11.009815009210973,3.867181374913277,-13.504909626004327,-9.711260257482639,11.709111912495993,0.393895426825933,-16.13916783010481,0.30455595937429625,2.355102263969856,7.329276014230326,20.118297206001582,0.07914603188549683,-6.4274549082708825,5.0809540855978925,20.872690010827334,-9.841838622947924,-1.4096053370442683,-13.339954621468564,-16.74287176632142,3.4320128954499363,8.251128394223425,-16.678526371396536,-0.7827888215127128,3.5564659270685284,0.9466225117580201,15.518449905880228,1.8757654690727006,-10.061933856875923,14.035855197087267,21.279048731715157,-12.107647017609155,-2.2081505641497796,-3.281344905280745,6.968123999123068,14.530641903346718,-13.628725879593327,-13.48821637131623,0.8750285076342615,-3.09780967979796,-4.738283363524709,2.978753345117078,1.6439631857823267,4.734658578267859,-2.5359296010492245,-0.060138505665664976,-0.7194253981845898,-3.1970997593205204,1.7305332894831997,-1.7526485880679081,13.814964236535884,-7.3345549935941525,3.8100871225725257,-1.8693513871166203,-1.248272885886114,4.518173892053199,-0.5727580667649292,-16.2279128176897,5.6042247917257875,-3.5839636849863665,2.3955972533361174,0.5445219559949916,-3.7923469839629704,0.8653320463036464,-7.711739616008468,8.343290596143985,-4.951058953889788,0.6377207711847368,0.8301630751168533,-5.5305198930438255,-1.8247124121342921,3.652909836195992,4.98142961498631,-2.064732530756561,2.906924751399764,-1.2153610123221958,-0.48813081582170886,0.3056772236563318,-0.34389170456703544,-11.370026046277077,6.076792835941351,7.5214881085344105,-1.8577688929990421,1.1687224817309436,5.522927883961295,-3.299882392812679,2.026440542639635,5.4444992611732586,-3.9757034523036374,4.8328152682392185,0.04091794018057182,4.7679527985278645,-0.3297633838703829,-1.469401677274183,-8.894461207701445,7.818610630939275,-0.9377156053792866,-2.9355732071551155,-2.2467748247054096,6.890125879615536,-3.235216605607152,1.5834251371570138,18.27453524983641,-10.803151733776582,0.7963149404537184,0.7230554583521848,-0.2877177666870351,1.0895975167560645,2.482173467943637,5.202289237233472,-1.4139216069268346,1.9970725746597209,1.202964339390194,-0.7370286388202387,0.5011894642211795,-3.5774745214276775,11.61397333921069,7.269324151807459,-3.63435671330344,-0.1123234673416749,0.5548570415233522,-3.083007819388153,1.562137774122486,0.8090326941396718,-1.53411227483387,-0.3706528478932051,-1.0973512254733377,-6.688430948914855,-4.303704469563684,1.1163384661854403,2.7716093348548005,-1.4115691622645343,-9.237349936647266,-3.3743702563451583,-2.3877010372199727,-1.6106597337680792,4.813985069410957,-6.26409161301801,-3.1562795252419096,1.0852214740902233,4.384858882184923,2.2747171813657046,-2.731370800644479,-0.4580973281232049,0.8825179514984526,-0.3876421133683201,0.2169784721870839,0.4909544541062016,-0.25237287768208855,5.097287760615151,-0.9496224472472071,-2.5355900435459056,0.5795253609767914,-1.0294024516618578,-1.2721490694328195,0.728870964804729,0.16604858735278255,-0.6187298827649913,0.7822514747405779,3.9778181424876737,-1.828016462746676,0.7702401388659632,-0.3812429399727178,5.843482840419806,23.614792489061433,-4.728349091226734,0.6153360670901522,0.2910120086705921,7.427233137108298,-1.7275527884653856,1.2004157456274052,-0.7571907723581144,1.4751530578087084,-1.4843871569976186,0.7713655583402068,-0.18193560775933879,-0.057875994063173807,1.2399863796640322,-2.010559056284446,-0.7967809429780989,-1.9135262181655786,-5.799915936341346,4.313820174945147,-4.0073229326700925,1.1069791922208894,-0.2578816983130777,0.3553688083173962,0.10032624043788854,1.0413546659850408,-3.875158139613647,1.0107107783807554,0.14712862163264723,-1.2321017999385562,-8.394478505596581,1.088927757486147,-1.6950423672350727,2.271270977526665,-0.5117104186280267,-2.47513941273105,1.0072812677098852,-1.162349421057924,1.923102469884189,-1.3692413878909941,-0.041989978018720606,0.1978484582248309,-0.09542624610167404,-0.06474471228226779,1.2544019378479576,0.4464882673161246,-3.10334115106102,1.0232109396101128,1.5881635313331273,-3.3384388650646066,1.7577487899889772,-0.2830727853866934,0.14090946192907272,1.7281624570725058,0.11748558710306621,0.2097840890433016,0.001907643326983493,0.5807483512125762,-0.3202738163105815,0.5165580707669978,4.014709312754044,-0.17836919031062973,-0.8673972907473941,0.25555094503891485,5.672163372379318,-1.9851064305292883,0.989458481814731,-0.08094307026877288,-0.49139873914833565,-0.8780541755411527,1.5264445343540007,-0.017246181947991636,-0.5366981998380707,0.5762262295546974,0.897769780043278,0.5684246611603959,-3.479914015991975,-3.019861723694992,-2.1389084924434094,-1.9241531557381377,-1.4186337875694899,0.6429625139543704,-0.19025630915203143,-2.748718287272508,2.6537682414904937,1.7590364380497876,-0.46010074473357887,1.0295201100415645,-0.6167164273503403,5.09807423803683,22.883193997848362,-2.883486396346221,1.3795774015916002,0.38781177350212626,-0.6957960065051086,0.1935508906909529,0.9048601680345195,0.2197672234555517,0.553484053803174,-1.8174454856859217,0.7803274895901183,-0.7172460499062148,0.04549858848490249,0.3232370238727461,-1.49295900766867,1.7496661349058849,1.410675773296903,-0.016684106829058763,-1.9416285812767577,3.740941434382112,-2.0369391982663907,-1.0779972157094067,1.0714106224360196,0.16482661027665546,0.027656207434884297,-0.5661405864565204,-1.3537322187241128,0.8458178975153192,0.05787602055574298,0.05071278715952097,-16.746166554680567,-0.20637282042816393,-1.8312361712813015,0.5311013143072773,-1.0719663704782505,3.6857837477808104,-0.7000096445733295,-0.15514710420078393,-0.8348313867037781,0.14682883131057636,-0.08612012885531675,0.10167820983110142,-0.024648993762850003,-0.09234178775899578,-1.561985051912728,-0.7401863527632326,0.4600894352642708,0.09804977432902211,0.18463694385646426,-1.5538637718590438,2.7842563323375633,6.046503871968363,-5.911116303784879,1.8332476112440754,-0.5919275125369162,1.635818630059276,1.038707981115536,0.34207769479556194,-0.9025633681489521,0.653291462265416,3.8490560352424623,18.3916588026312,-7.184036329402327,2.725621454475765,-2.235528907781143,0.08667717122443962,3.3511910583796736,-0.11974393233640866,0.3173792779051057,2.4451764603748565,1.9052412885000105,2.308438365802105,-1.674031678323894,-1.7448403323636297,-0.20604925878439673,3.3053619310473827,-0.7260188427465443,-1.182168937086681,22.629441158257002,22.328179954151445,21.83329297363011,22.938559265481008,21.886909785523933,22.691871908106837,19.584374039768498,36.2411244689136,40.07323781198432,41.15170368607187,33.47576884355393,41.54865652371458,29.493300980395578,49.93645114728715,29.754529469552487,42.05825968266696,30.591961973669424,32.032261377625076,43.83866921942321,46.84900669577215,-0.10195127211514357,0.22489666575829773,-0.6025043304660467,-1.965929302227588,-4.314176424268646,-13.274893287461982,9.247916310640429,1.5081137105183955,12.65449948397746,9.712386951347545,15.491263578987216,4.419130921663203,8.728579843587912,4.489948100096025,-4.610876429025016,-5.021283778136827,5.816411303905717,3.596687383743155,-5.161303696371966,-12.029766177486241,0.08065105741641196,0.8354667621679843,0.1371473159617446,-3.6036205276647433,-7.338697147616553,-9.95489252315554,-13.898563709881053,12.644941695316923,-4.011750686907796,7.188710644411372,-7.3454912527215495,12.294280187836552,-1.1598098638190417,12.242071624778188,-3.4269222478487293,-3.206526725481153,-12.78664540239075,-6.705623129003694,10.67063047232458,-6.4204595524314625,-8.478123354870952,-10.607203270593406,9.110143462470678,3.306221099150391,2.8273442840407186,-1.5212922532989461,10.366107241674063,-12.244831071090543,3.60164145999935,-3.944507747168715,-5.624345834779395,0.01990874776177045,-0.9488643253499853,0.056186018509772326,-2.990973589243726,1.5212513418942244,0.8617920530737659,-5.495536703297888,-11.174796977561018,-15.773964174989993,6.285555192784537,3.6814065053687117,4.344103486441832,0.7333926680205959,8.952884978068454,0.9015888024400813,15.374272782032397,2.475721936760089,2.297800054436302,-4.985941721425487,-2.0800854363272556,4.459218458706675,-4.6526438462842705,-5.127880031821752,-12.182594381199623,-3.644970261713482,1.3574646830800416,5.694193044970839,-2.320704991279955,2.3391210455832003,0.6728871327076172,23.49696761916179,6.799056242634727,3.231157028629657,-1.270522184545698,-2.5593858829445963,1.516914765525424,-6.389618728705547,-12.495946814086725,-19.660579541030216,0.4382694804413688,-1.9419475574975302,2.498308278955987,-1.8411564485679632,-2.0666271889478462,1.5150605456506279,14.044552835236527,-4.873245604741254,-1.1702315205336358,1.1161443139250526,-2.228832277992603,2.324650671578529,1.0657957197477415,1.4871884184795292,0.0012447018333883071,0.39315323756146553,-0.5319719449987022,0.5491492057048474,2.902664864215392,-3.0417127917950033,1.6324627380383578,-0.34890533225709014,-0.7214671447928859,-1.274356013331143,-0.16688538754961088,0.04852057215556992,23.08739823079851,-2.5606542581571032,2.1075561006687185,-3.473136565766421,1.7470135993332,-2.7369947976418194,1.4298067258669083,7.175559934508061,3.8964490890999124,-1.354971276943061,2.9003946624415797,-0.9810065947041696,0.952592310516408,-1.30347728368076,-14.388218529075317,-12.244604065573508,10.451953276655095,1.8521437460780954,-0.026963243262504405,-0.24002648359140283,-0.06889085741770673,-0.038731771673679714,7.889902273697201,3.821393557870678,-2.4705076373796078,1.7287410039391162,-2.076873367873978,1.1092818120013204,-0.5731178029452958,-8.852853852955782,-11.720585229157175,9.82721979602424,1.066310777853436,2.003930141875003,3.773385271536689,-0.06427848184285084,1.0435500181661523,6.739813953588269,3.6671334726728704,0.39892775347962234,2.899467307694732,-2.811235069709556,1.5239329466674185,0.47802337159312747,-7.792132628442661,-24.00930211505529,12.778483877675155,-5.8693080256147745,3.2165535318547316,0.5526593029313502,-0.22528818988232802,-2.507317948986132,-6.42247054444172,3.1174809661872724,0.4574417081374643,4.0796461187970765,-3.303462364457377,1.7436076892904466,-1.9156638379186073,-11.371392207624764,-2.0573617770042305,10.469092365669832,-4.559229993892905,0.15422556162897008,-1.3374912159802321,1.1808147733774659,-1.6862195782641591,0.3780999216945935,1.8337565961107185,-2.961378360883526,7.718211834518782,-0.2987348864077845,-1.2682881489183513,0.24301125340622762,-1.1016189943841044,12.125018619688618,1.2360003873852803,-0.15481778737286267,-1.244025239575293,-1.1985934358299881,-2.222673657448282,4.685243075502129,-1.6465386466270373,-3.075602152443888,2.880473621200672,1.4044118535570285,-0.10303325203016285,-0.37462817057702025,0.2724448480637687,-0.2606149195625231,-0.3961387673878218,0.3409059320328394,-5.729300623905266,6.424477780930041,-2.169736153315485,1.4206028397387198,-0.5478736321489819,-0.7002194865987048,0.5369221938630953,0.21307025255864634,-0.1908784713066313,-0.6031115197406433,-2.9664482850227105,0.7694594224627738,-0.17640018494627974,-0.5821695407335215,-9.219367816569395,-27.809817465844734,3.5209586215406867,0.9056764220635554,-0.29911840503557524,7.945982961381981,-3.3914146865172095,2.52859409344096,-0.3985646678948421,0.1271753136837783,-0.5741732048807204,0.8328123065474342,-0.19077131201130684,-0.15294243856182155,-1.1954434486702485,1.6004563694476448,0.985670591485307,-1.8438576775023918,-1.8228407394721027,-1.2812557864737035,1.6945394292321878,-0.7830024894673253,0.23505716005932817,0.12875059953136625,-0.06509119620586493,-0.012428073193422998,-0.2660923980448992,0.07422002155212121,0.3935410413027743,-0.4234638508922558,21.97130658447206,0.5817556069521772,3.856378830991473,-0.2694162375799156,-3.454019976835502,-2.886343862700407,1.8950409038653404,-1.120718179803934,0.6890226742995905,-0.1224299850661426,0.020885907072050736,-0.2333284814733588,-0.014635181279225274,0.005941056669020759,-1.0570228698977184,-0.627120885101184,5.550305218977496,-2.958552656609202,4.94660317741976,1.5464526887547483,0.12641270104649865,0.16101337309564714,-0.50709724470244,1.5390273210258385,1.100575961012745,-0.6161864612913425,0.29302757107681443,0.0037505415206376402,0.055370819203066114,-0.49180017542571713,2.2643879688951323,-0.14787776696853833,3.3432668728438357,-1.9576387757264524,4.876578890526352,-1.4168944941918578,2.0220059525540317,-0.6003325540012122,-0.7698819642820077,-0.8688985649389068,1.4018318585315315,-0.5684182144055194,0.031426924717444314,-0.2564184347229374,-0.43290040346228137,-0.48373297165653845,3.428180067273508,-4.581567000755225,7.54813077461462,-0.5514112623770542,2.055316041314965,-0.5327126858962272,0.5241249874524408,-1.750037954519033,-0.09300779764137541,0.008651705168745413,0.11619966354974219,0.47342266336768335,-0.450081634764442,-3.77023841238753,-21.2984051290166,-2.476751838689659,3.8673366660112123,-2.1440088926296523,-0.1856044869534369,-0.8820665294560315,1.4456966182203406,-0.4749192993382281,0.7788796807627635,-0.7552774386536082,0.40406896486118604,0.22807688673837612,-0.08291718233882443,-0.2972035808312618,1.406305692261316,-0.05047345504784351,1.9253104652123842,-0.726482833415147,1.0762857600339524,-2.449261886097827,2.257096271405738,-1.849464882908972,1.2776463649198955,-0.2289328472363426,-0.13926460998313972,-0.446282233649622,0.4510463089307457,0.11076462796600309,0.45097058122076006,-0.6807022518793079,15.039567852472107,-9.468679580136408,4.240898722763135,-2.0911424169609703,0.7735731621408919,1.3871914391498552,-0.43125161313361277,0.10179497930519657,-1.19293798673625,0.2702697110730435,-0.2903080427862896,-0.4217778537933362,-0.05219430399879381,0.10385934933840614,1.5925111479183227,0.7247993544720148,1.2935307073120934,-0.5979421125789584,0.2183963541716628,-1.9138569462119661,-1.1478988122908822,-8.403718480345152,4.157805155122973,-1.3849854043813483,-0.7789805213641748,0.9583199597606537,-0.032760730299126045,-0.625673099332202,0.6504567926267398,0.9606305386833979,-4.255336678994748,-16.820872918889023,6.762815825575636,-1.7211063838578926,-2.453829308091637,2.2405377002161884,-1.863504104429464,-1.379827523968568,-0.26344052047614847,-0.12884483923879805,0.800554804354989,-3.431218749603637,-2.2403084258968535,5.67797417151021,-0.6238638677701797,-5.968156192372754,4.320227959892985,2.9673307958709487
